904
904
660
302
68
821
108
559
67
232
522
841
237
261
12
854
491
568
994
390
378
94
414
437
90
29
294
605
201
873
772
345
789
294
679
489
502
155
155
530
886
513
854
711
589
584
784
744
39
568
470
154
524
139
676
289
284
667
951
171
450
135
635
884
429
960
770
101
252
690
754
135
965
888
374
415
497
236
235
893
860
229
151
625
372
868
625
620
434
36
888
280
480
929
166
753
860
21
714
467
119
9
316
881
604
855
989
439
592
635
520
735
89
634
186
883
84
772
502
232
445
971
911
938
388
910
355
849
102
426
22
92
196
591
845
58
190
367
569
201
934
189
264
223
559
285
369
822
834
621
213
46
833
754
252
137
629
242
685
854
9
898
503
820
407
431
98
614
461
804
927
456
749
994
370
809
536
781
642
424
490
345
426
872
456
867
288
868
589
432
878
252
628
524
229
755
387
209
822
393
38
908
384
494
875
291
909
324
744
756
580
776
328
934
312
151
685
850
247
959
331
422
65
927
264
632
146
794
810
754
547
729
114
693
524
785
76
964
655
825
426
273
970
986
904
856
581
483
555
537
303
921
911
817
810
642
101
564
725
752
334
972
22
303
383
389
203
600
82
523
728
723
420
227
201
671
800
247
100
701
306
458
23
487
131
369
93
552
664
969
74
707
873
405
676
671
461
916
506
839
592
420
671
676
540
548
668
869
901
557
835
193
985
742
835
348
31
386
969
478
624
867
85
962
120
162
775
444
58
309
741
223
945
255
245
443
323
453
700
794
305
821
361
987
793
495
319
292
897
552
801
808
968
619
580
79
395
772
7
648
145
419
953
949
831
556
431
257
121
824
63
900
85
954
590
880
718
912
544
679
360
910
274
575
487
768
11
565
260
828
71
732
643
702
135
683
74
595
420
208
176
807
403
180
764
941
369
496
339
61
319
36
936
40
253
483
327
65
150
184
239
594
976
777
457
32
936
597
484
370
971
416
796
553
918
769
929
373
803
556
227
105
358
328
342
715
282
426
577
644
978
527
161
82
594
927
84
763
810
473
507
652
879
343
52
53
785
429
420
715
357
363
441
778
36
884
870
243
681
828
523
249
625
934
470
568
383
448
722
547
394
658
866
249
99
108
329
702
533
217
716
230
285
460
739
799
889
811
75
723
488
190
193
182
613
457
169
632
489
850
809
219
108
318
250
832
778
546
61
80
893
459
981
868
835
750
464
50
773
558
738
410
149
343
252
720
373
957
511
132
317
4
195
485
622
271
209
312
814
268
382
110
124
941
314
214
20
362
716
720
373
438
918
679
858
217
552
78
529
85
898
278
781
353
492
84
35
263
372
858
632
775
654
88
689
790
210
864
671
65
858
621
818
756
405
31
666
605
442
507
221
50
846
325
456
676
755
174
679
419
211
892
529
403
443
873
508
390
600
642
484
441
797
132
767
590
975
222
81
379
189
668
205
253
218
664
595
655
738
982
275
737
116
42
596
308
251
933
239
766
842
998
850
141
605
216
685
739
992
865
465
246
543
120
525
823
533
137
416
989
713
699
460
619
498
835
906
939
253
945
21
16
632
612
198
188
72
571
132
938
729
294
283
937
533
642
971
416
856
222
621
414
637
968
423
303
925
419
445
541
411
917
479
318
334
130
153
375
412
562
90
570
481
605
668
111
380
635
39
798
159
172
205
443
310
139
671
137
629
280
338
583
293
478
436
272
206
219
512
482
606
415
773
663
596
8
859
934
605
933
417
927
219
192
286
190
199
462
698
6
581
361
471
277
504
164
448
154
350
16
520
904
561
363
124
695
945
153
82
869
418
152
393
750
455
513
631
852
899
753
851
882
855
269
960
352
963
799
688
740
330
257
558
944
511
819
960
191
681
832
204
327
624
20
811
49
28
524
314
239
792
612
170
118
525
894
96
464
44
205
915
224
587
694
142
893
224
845
12
472
411
208
28
258
474
408
854
267
220
55
378
472
132
484
680
262
479
443
335
3
388
642
659
183
11
796
728
429
902
577
388
629
846
917
85
824
627
189
157
247
633
890
615
562
903
827
232
156
854
836
824
466
126
312
236
179
570
331
400
314
986
747
78
470
438
677
324
238
945
223
191
844
946
61
977
46
559
558
658
580
975
435
524
180
491
481
32
281
135
960
850
290
792
34
408
40
693
80
17
953
883
589
474
546
91
873
494
29
285
349
724
314
997
884
533
26
204
966
619
713
301
945
968
684
875
800
445
638
710
893
442
0
589
9
676
800
378
942
424
606
