783
822
922
846
426
299
532
767
449
1009
634
265
364
11
215
587
181
17
161
823
717
635
966
904
189
416
665
547
554
701
537
49
679
525
851
799
393
852
323
863
691
582
45
656
629
218
216
320
220
651
533
885
107
983
920
531
819
290
835
746
632
633
14
195
14
585
656
997
2
566
68
380
11
1004
992
635
494
497
564
202
245
381
209
1012
656
523
413
675
747
164
948
730
707
544
162
988
978
258
455
725
419
812
93
195
651
803
706
657
683
335
857
318
147
223
743
984
748
214
599
70
285
10
869
158
563
391
40
418
607
272
560
35
461
398
1024
242
673
953
685
397
289
517
887
129
789
613
354
548
856
412
916
727
416
66
409
218
601
492
26
931
166
409
210
172
880
79
24
565
155
1011
597
186
541
15
44
136
612
765
783
615
340
549
681
434
960
510
898
775
17
862
19
613
64
642
522
831
413
232
240
297
196
694
799
8
886
922
822
900
848
354
146
229
325
400
645
128
833
778
1002
794
494
549
992
414
795
327
406
152
69
628
228
877
629
933
864
300
104
525
300
992
625
80
631
287
801
139
352
190
12
15
332
743
32
645
357
912
579
96
181
730
668
357
72
557
161
148
228
482
805
576
658
708
897
1003
763
876
67
979
675
878
752
166
843
462
787
692
212
591
1015
431
149
353
922
426
131
1010
308
1000
482
904
566
77
830
371
563
199
257
437
176
676
19
589
426
107
629
498
46
623
576
573
763
327
755
535
418
310
520
436
564
533
721
982
904
867
774
914
576
473
821
638
1022
295
822
675
741
483
698
538
1014
1002
121
250
719
813
1007
655
473
290
49
784
972
802
1024
243
557
645
818
208
69
612
208
814
168
660
514
189
669
235
903
266
517
458
358
366
765
766
975
443
593
707
734
50
471
487
621
390
671
575
234
763
566
1015
451
903
309
8
378
830
476
8
34
693
555
945
432
228
695
58
288
651
749
194
904
683
30
777
857
606
129
221
910
368
1016
322
939
621
23
90
633
755
901
823
110
363
819
473
168
541
852
670
242
561
580
978
737
458
799
763
453
672
124
343
190
901
510
637
327
1019
202
671
57
699
585
718
250
32
680
325
417
412
676
618
98
861
140
585
5
927
964
392
467
215
142
3
60
785
899
278
1018
906
1022
686
896
535
705
432
224
102
389
42
734
501
639
595
522
140
850
282
593
210
454
340
658
976
621
796
475
703
599
52
307
412
477
660
438
277
979
888
390
54
962
32
403
450
156
735
58
496
698
726
258
25
892
292
344
529
907
836
752
143
102
916
1010
789
970
235
303
327
58
335
523
876
185
70
409
767
920
621
669
641
822
164
589
97
742
114
750
716
575
527
351
121
715
952
706
133
326
968
138
636
536
863
957
117
962
341
47
892
596
138
49
380
433
606
337
320
637
589
959
929
601
623
613
651
761
434
741
24
171
281
517
241
975
664
656
869
824
848
937
351
67
275
602
57
89
55
560
287
124
232
10
341
822
178
753
898
938
1018
33
634
299
1004
959
250
753
898
999
784
238
15
228
593
875
5
989
837
860
349
775
130
363
149
467
317
134
547
863
679
125
984
580
850
151
64
492
339
41
416
763
429
28
462
435
75
570
15
432
888
23
924
847
330
56
176
547
410
949
180
432
336
437
851
946
447
588
203
381
513
158
700
699
36
171
494
56
949
148
829
122
61
653
401
878
238
27
120
919
564
475
668
981
523
676
777
534
641
485
461
477
215
812
721
366
323
490
454
218
295
627
723
367
142
743
330
284
322
31
528
144
650
1
6
748
487
541
648
170
1016
388
834
265
272
454
1
242
317
170
319
219
748
696
202
819
786
543
241
789
489
915
739
506
996
580
391
645
868
1000
422
383
446
186
249
956
927
751
298
549
827
306
900
300
813
12
541
377
174
317
886
668
944
522
548
84
498
61
535
70
971
563
879
572
310
688
563
789
737
27
767
716
398
878
1007
534
318
1004
257
462
471
184
830
897
660
892
182
181
94
357
825
1007
175
967
1013
709
407
50
90
220
470
883
925
752
429
918
727
535
402
896
697
857
537
568
225
223
418
783
14
179
32
646
56
458
344
770
198
660
899
328
479
233
115
649
808
368
523
484
977
223
936
94
336
677
85
836
519
654
263
270
747
833
52
264
545
909
382
367
628
749
717
8
712
857
783
868
938
973
205
260
742
299
510
189
0
871
42
500
445
321
304
426
671
674
881
321
854
926
185
932
864
847
852
298
417
646
347
102
798
749
12
986
843
674
638
641
809
317
461
116
202
478
316
942
1020
391
935
210
16
737
433
173
652
462
696
360
1014
767
604
394
330
839
819
674
350
641
469
