9509
11529
9028
9924
1352
6640
8151
10554
165
10627
9531
2318
6618
5511
4661
11062
9220
4359
6917
10871
5239
1321
6012
12040
8582
10087
903
11270
8948
479
2480
3806
9600
12118
7787
6594
8072
5536
2629
3999
10675
11430
5800
8238
9025
4711
11932
9229
4961
11762
7707
5995
3230
2475
1691
4954
10186
7306
3520
3190
7056
4930
5057
9087
9670
6240
249
6895
9699
6892
10320
7371
11546
2547
11592
10371
9655
4222
10837
9099
3678
7558
4247
2244
11581
10461
9683
8538
10629
11354
3004
2228
10682
5127
9623
7600
9445
6269
6946
8087
4939
3358
5389
6621
7341
11350
2486
8135
2652
3206
10617
4744
1955
5808
5923
1564
2767
6840
10951
1447
10199
9868
12071
4857
6297
10580
8554
4956
7894
10446
9339
615
2916
4138
4201
758
5491
1974
5512
4961
10479
4773
7629
11497
7806
4893
3350
8320
1789
3508
4532
3914
10724
6061
6089
6738
5936
4054
4296
7754
10970
1260
3214
7904
5329
2912
11416
4112
8705
10271
6844
6189
6560
2400
7246
8540
11748
1618
5859
7214
5036
1182
2323
2271
6011
3459
1296
3677
4780
12213
927
11682
6249
3575
1818
1858
6673
10356
11860
10345
1487
434
126
3395
9722
1415
8109
5075
8918
6692
7562
3533
5074
1936
4582
5056
6708
11112
3313
1527
7859
10602
3926
728
3805
440
12
6607
11270
6018
9491
7290
11164
9731
8860
8777
2479
4117
1010
1980
2912
8511
6612
10971
5373
8915
9955
10374
8254
614
1643
4797
8153
1363
5724
467
2591
7546
6912
2495
9208
5143
7660
4698
9172
4065
8127
8218
9610
920
5533
5787
8672
1642
2160
10586
12135
8768
8245
10282
8974
4043
9053
12275
1503
6051
1984
6672
5543
1402
6067
324
11231
7409
1116
1268
1126
7156
11149
4200
8814
397
6293
344
11406
8538
315
3066
11252
6548
10011
10595
12205
8254
3433
2119
4203
3724
8461
6443
3313
2287
4031
7225
11123
9561
5284
7357
5765
7969
6402
7886
197
2965
3101
6057
8057
9498
848
6126
787
3196
1247
7433
576
10609
1230
11005
3519
7962
5725
1297
8082
10160
8252
1204
3107
6862
9361
562
2922
6427
646
12247
2192
2918
5205
1878
1867
11706
8575
7653
2322
10989
5234
3653
6393
8739
3460
10918
10693
12209
577
3886
2096
972
9391
6997
4614
9962
2195
694
8405
9782
3016
5117
5187
538
10238
1502
1977
1071
10235
8271
7831
582
8645
11230
11588
9645
11065
9919
11433
10046
3147
10994
11027
9605
350
505
786
4061
9381
8787
501
9822
9550
9198
9648
9009
450
10514
4892
11968
7013
1208
6090
1172
4232
7055
4636
9524
6166
2807
3282
108
8409
5638
252
2483
5040
8109
376
9539
5793
11857
1821
1398
971
4564
7138
3895
10469
8888
11675
6268
6682
7032
8240
7674
6403
11537
5591
1134
10513
685
1474
8475
10279
9257
11274
985
9373
12190
10320
8015
6384
5072
2576
8495
7561
7456
6024
5120
571
6717
9672
11340
7047
12084
9850
10667
5782
8129
10201
1938
3626
1813
8214
3685
94
985
3082
1526
11847
4874
2891
921
10004
8173
9544
2626
1160
10941
11787
10538
376
11871
9324
2220
4219
9203
9146
9271
9428
9852
10897
3626
11824
2982
1819
3374
11749
10123
4798
5310
5764
11720
8206
12045
7016
9179
4573
5305
1669
513
11328
2666
9531
1743
656
9204
2794
5544
7545
6887
8079
2559
7905
8950
3858
1789
9414
4699
592
4799
8312
7094
8482
4343
4725
2558
3558
8231
204
7377
3675
3819
950
3891
1242
4058
10411
1312
153
4801
131
9241
12011
5775
1413
5453
1358
3723
6602
5607
3457
4364
10794
3076
4660
11504
2529
11214
6766
6914
8735
245
9253
6691
1352
2872
3526
1557
11358
11979
3344
1950
267
1144
6048
5746
2862
5623
4683
504
1442
1855
7209
5950
2209
8691
7708
8188
4999
7910
10149
1081
4646
4230
5468
2013
3346
3309
5602
7613
3786
2096
10573
7206
7232
12101
5144
6039
8021
4144
2415
3209
6097
2311
561
8965
3737
2870
8954
4086
9313
7326
4546
1966
12142
6709
11659
5687
8726
4938
7002
3304
3544
319
5432
7855
9720
8589
6520
7162
3974
6910
2328
12191
4024
9722
2822
4880
7021
2091
3443
10602
9952
9563
143
8591
1705
2260
8029
6451
5020
7517
2142
5658
5877
5094
2816
2833
7243
6016
9085
5479
12046
7387
5235
3619
3269
8931
3336
10689
364
2288
4471
1618
3988
4109
7776
8095
12153
815
1248
11811
4094
4301
10475
8321
6132
11277
10823
1402
10055
4382
7772
9204
10473
5651
4281
3182
8095
7032
4338
8289
4040
7534
4840
539
1815
3557
5402
7158
6312
11217
2981
1949
11509
5528
186
5891
2980
10814
12223
3762
8947
10196
10507
3124
12002
3277
1570
6872
929
8627
3825
1934
10297
834
5814
1837
6853
3464
11600
3029
6870
11245
1460
4291
7637
3866
3858
3945
9508
10470
4516
4420
11844
2861
10775
11000
5192
1662
9912
9114
8690
7667
3168
3783
5325
2271
7998
6012
9626
813
6470
3855
4407
5665
11550
9678
12128
11549
1237
10445
4810
2404
3465
5598
1475
12128
10743
7841
5111
9469
11308
8125
7919
5092
7608
1354
1347
4452
2839
4259
5074
12190
8964
9831
3426
3729
7314
11937
7112
475
5776
12186
10553
3353
9166
883
9005
7000
931
2220
5433
8460
12132
6625
5078
10270
6762
2559
8688
6848
10329
2056
9724
7315
1699
818
4972
977
3961
11454
5717
6869
11041
2818
535
6363
4640
4089
10630
4373
3686
1454
2150
3723
7985
3846
5437
7385
10146
1868
3592
2558
5583
8038
3152
917
851
3843
4548
1476
9871
9131
8867
11917
5552
10706
6126
3017
3640
1683
3835
6371
7894
10548
10744
3796
5430
8175
2258
2845
5445
11376
10123
2177
11328
8360
12078
7184
11723
3545
3102
4470
10382
8625
181
4537
1285
12098
1345
8761
316
7940
12016
10951
6848
4320
3387
3389
10568
8677
2189
1900
5485
503
8970
10073
404
116
8450
10185
8015
5828
1349
16
12029
1771
8428
1805
7174
4871
8126
7662
10628
6440
3224
9896
6389
2950
67
11405
1602
7072
3477
11875
921
4565
7731
3990
6609
4879
8531
4688
10057
1347
44
5715
5730
11398
7388
11444
6494
10452
1274
6279
11011
6568
9013
4486
5300
1712
10774
10590
5085
5533
6163
6505
10296
4100
5480
12174
1961
11610
8290
6249
6984
11563
7133
9312
11712
1727
6381
9037
6211
10072
7785
4929
1819
4828
8789
6067
8104
972
5235
2959
4362
3446
334
8141
9005
4138
2365
11322
9193
3871
2471
7315
438
4899
9612
8532
5697
7622
4896
8972
6300
10555
7747
2758
6491
12167
5261
10683
11504
7784
171
5537
9262
10657
12072
3758
11985
525
8571
8956
4417
3075
9845
8688
6009
4153
6558
9743
11136
600
7379
1660
1000
6907
11840
4663
9493
4372
9856
5604
8214
3195
4492
8190
58
2532
10169
11909
5502
8434
1933
3524
11484
1499
2358
3140
2076
10108
11310
5248
198
6409
3920
1798
7404
5362
9532
2806
8139
2865
11945
9533
6778
6172
8980
11703
1467
597
9420
6218
1394
1906
8920
10858
2153
1860
3319
10947
11797
7279
2440
1796
3496
4418
6311
8924
9194
1480
9098
6805
725
8952
5874
1515
6614
6806
4434
9917
10477
6701
3411
9731
11111
3340
11668
2758
6625
625
683
6105
10880
6734
10262
9813
8782
9520
3392
1662
11264
2627
5334
9558
7948
2800
125
648
3657
33
1372
6723
2177
1062
6605
10695
2745
7149
10766
9575
10224
2673
8286
6513
10323
254
6982
2756
6264
9452
10943
2924
5264
7203
10788
6797
7018
6324
1298
5819
3115
6137
5975
6854
2406
2829
9991
5636
8893
10984
165
8042
4876
7394
9462
8560
11719
4161
10604
9287
2335
4468
7715
2986
8762
750
4212
1251
9703
10004
5135
2838
5422
7653
11094
10670
9748
12076
74
7302
6391
991
1252
1007
5839
9982
2514
10679
10937
4682
8086
4397
7398
7057
2724
10674
11876
234
2587
3591
1835
1738
7475
6024
11933
2628
1546
7811
10403
8896
7680
11144
3052
1425
6259
3802
1456
9062
11965
5457
5064
4419
1732
7382
9489
5718
9016
7241
538
4981
11555
6789
4028
2521
6990
9984
11204
4173
9627
12042
2890
7439
66
6367
11350
11520
8627
10611
911
2629
10060
2606
8620
2010
2915
4734
561
5157
12266
10909
10792
4730
6140
8913
10465
5899
6285
7698
7879
4962
3868
8948
568
11075
11638
6907
7622
8957
6251
6266
725
4462
7240
3393
10847
11951
9542
2417
7146
16
1569
3014
5875
2739
5855
2971
7224
2072
11755
10831
3127
834
4984
9571
11209
2078
6923
1117
5046
8438
8850
6565
2195
4678
8995
9149
2922
11923
5228
11369
7957
8749
3954
3264
3602
3499
11863
12095
8040
187
3105
7902
8604
5417
8757
918
5792
4440
6275
1198
3391
6585
7707
709
7191
8245
9938
5504
7353
1444
9555
8590
6396
4712
2777
3836
10485
11957
2024
11537
6736
9196
2739
4207
4475
4549
8304
9234
10107
5921
7553
7403
10214
9911
464
6509
6929
3607
11638
244
8003
9856
5797
4266
9952
1689
10165
3095
1445
6152
683
5203
5312
4277
4127
10132
6952
6713
2047
877
11295
4959
7428
10011
208
8015
2074
585
5219
1718
2283
1374
10523
8987
7111
3677
5999
9908
6068
11879
10676
9070
3520
11660
1853
1871
10201
7930
624
2054
5809
5627
11206
7771
2383
2618
11800
7255
11087
1284
7080
11038
2527
3296
2477
6288
9907
10970
9144
10947
3448
10770
400
8104
9121
2647
4234
6263
1649
5470
5145
9108
9261
7823
133
708
10258
5018
7508
8527
2044
10064
11247
7329
11980
2586
1050
6752
7571
4586
10739
4707
10879
407
2827
1647
5458
11412
5898
11083
2702
9636
6696
5090
8483
9211
5345
6118
10783
3165
5638
14
6605
9327
2087
8124
11827
3275
5603
11813
1412
8193
1530
12227
8952
5721
5534
11653
9029
6106
950
3037
4790
5059
1246
11192
2505
2451
1843
883
6721
5909
1216
4527
10676
1990
541
12245
6359
7743
3829
6979
6250
10035
7746
7035
3779
6620
12170
5799
4133
4290
1189
6017
7180
3923
1941
4137
10103
5205
10311
7830
4339
6279
1162
846
4262
7162
4487
7400
1635
10173
1089
3596
12205
9794
1306
6728
2414
672
9798
2114
8685
9241
380
8502
8246
5732
533
6834
7572
84
369
8465
682
3813
2465
8215
9946
10470
4510
4363
113
1824
11803
5246
524
10248
3785
2432
1929
6981
7715
9229
9585
6818
6298
6778
1090
7213
3181
4902
3782
5900
7507
8342
3637
3965
5991
9600
476
3519
9975
593
1134
5240
11061
10813
10531
6132
7264
10746
9691
12224
2794
8027
5890
3443
5113
133
10065
611
11450
6270
8933
5462
1495
1484
7792
4081
5826
348
11924
7047
3084
5570
1680
5603
8749
10211
6055
3442
2154
10654
4577
7062
1357
7620
3623
1669
2769
8603
2523
2404
11707
406
9648
9782
7496
7024
1405
193
9355
2297
5722
3761
11996
10724
1517
2283
4049
5652
9580
11237
6377
4360
1149
7455
7221
3325
6188
1576
8888
12178
5861
10974
3793
5248
2202
8758
7541
3421
6881
1284
6273
7745
1137
11915
10291
8236
8800
2765
6930
10196
5105
858
7424
8065
9220
744
3764
3766
7957
12168
7508
4649
8654
3579
12099
5334
265
703
6898
1751
5307
8759
2413
8348
6694
11208
11792
11682
359
2175
5156
11621
7322
11809
9526
7730
546
8489
5233
8580
515
11393
12180
316
3064
2323
7864
2920
9524
7672
6881
5222
10103
6151
9848
1345
4838
9282
6994
10398
615
3119
11419
7572
5577
1038
6887
8560
6250
6838
3367
3429
4965
1483
134
5014
4236
6059
9146
5857
10116
11080
5946
8551
10294
3294
3036
10074
235
7893
1093
6858
4987
6750
2544
4130
7863
191
5325
11335
5605
4175
1872
10352
9602
5123
9235
4850
10301
7755
7490
7333
6562
1718
11174
10309
2126
7891
9135
12056
2325
8307
11897
14
8387
11404
1143
812
4622
10186
1527
8190
1954
504
3559
6501
6340
1666
9109
2544
8158
10730
883
10162
8931
8536
9372
11439
4954
11079
9087
9226
8352
3783
9973
7911
2521
10451
3685
2623
11356
5170
4227
6751
9681
11375
8731
8748
9812
9678
9766
4210
9482
5872
3967
4397
6691
7938
6419
6270
645
1964
2498
8166
5495
2784
3783
3798
2692
5983
749
11831
5965
1427
5408
4248
8605
15
1233
9864
11018
4948
3638
10908
5443
11563
10511
9878
5621
1224
7165
8429
2138
11604
11787
10564
8526
10271
2914
6027
10562
2932
2580
832
809
1336
7768
3532
8490
912
8297
5748
9614
964
1584
572
9640
10312
8413
4694
7954
11637
11449
10385
7493
6705
8443
4199
3240
9102
1492
814
7078
7506
523
9634
7622
4466
4460
11882
2865
7199
4483
1162
1158
10216
5529
7781
5596
807
2640
1712
2460
7016
4540
11293
3760
2638
11743
11377
7739
7367
7271
9790
704
7287
1215
7615
3451
11749
457
1984
2430
10076
6922
7000
7651
9472
3078
7683
12070
2220
6729
1425
1102
6799
4481
2181
11999
8580
8414
3394
9048
9447
1342
5157
7181
4115
413
2882
6272
671
7035
10955
2742
2256
6482
8676
9231
2269
8163
1208
8147
6747
10620
11026
4062
11694
10880
8699
1464
3053
686
11701
7575
10398
817
4460
9336
7991
5451
2100
7455
3771
2207
1489
6470
11383
4756
11369
7376
10368
425
247
6938
10210
3713
1539
2608
4256
8571
5101
2194
9421
2373
7807
2392
3351
12156
5337
8420
11990
286
1791
9132
7632
2210
10765
10635
4344
3907
5298
2801
11599
11159
2416
5065
2988
3385
6298
704
10890
10841
10147
806
8462
6471
1274
93
6039
12071
3775
10732
4511
8669
11782
2727
5872
7033
6306
7288
5287
6565
5544
4438
3634
2390
3346
5054
7913
732
5060
9421
5759
11344
7615
2292
10635
9723
2884
10918
1404
6960
6012
405
11327
10300
2468
10349
1685
1352
8912
253
3428
5115
3904
5987
8104
1468
8814
8595
1205
6209
11311
6882
2308
11513
720
7969
6349
6585
6772
1787
3618
8831
6091
9223
9610
6588
5645
9262
9389
8086
11428
2785
10816
3789
11850
2220
11245
11915
7264
8690
10650
12203
3613
11350
9062
9038
6801
919
5510
4340
351
2285
4495
7857
7246
973
9988
1555
2006
102
6177
1229
6687
1501
4870
8180
2632
9120
3727
4542
4290
6173
5001
7091
8613
1742
4267
10998
2054
3092
12048
247
7176
1661
3259
4063
11575
9688
1521
1447
1774
6581
6778
2622
3065
5212
2923
2402
2037
8139
11785
564
1303
10618
11121
1663
1017
7590
2062
7216
5071
2541
7945
5311
391
7927
10590
6922
3928
8449
8568
701
2967
11591
2128
7343
4340
6398
6175
3429
11485
2127
2248
1365
5779
2675
5705
11366
2476
1143
11111
3563
10695
10113
6907
1885
8762
6496
708
105
10090
4844
10152
281
6524
11012
2074
10464
9170
6006
4140
7351
7981
7461
4729
9109
4634
11345
5537
9897
7130
250
9091
7335
8304
9830
5617
146
6038
4514
2917
4464
8015
6609
8288
63
7733
4914
2730
3486
10594
6024
11979
4669
8811
6151
7153
9688
8837
9261
5139
8252
1774
1578
7994
4785
6519
3282
1795
11378
74
3454
11053
8331
4646
6630
11845
5173
11947
6933
9042
2261
7768
6541
5
10682
4034
8640
5303
2811
4916
2264
10232
769
619
11226
9880
9331
4690
7211
8504
2529
7197
9736
5007
3269
625
5848
6986
11218
4717
8363
7024
6955
9870
2951
6975
3779
6799
9910
11862
4789
3344
2722
5499
6517
2634
2887
2134
3487
5715
3983
5022
9373
2799
3495
11654
1595
10654
8300
6150
4190
48
9877
10448
7415
9997
6911
6040
9233
9321
7264
9920
7992
7673
8340
4205
11837
11477
5901
11991
4010
4346
2542
1719
7747
7697
6410
9140
9160
6580
962
8428
3636
8960
2092
10301
11595
3284
1501
4414
2178
6204
6797
8849
7305
11998
9813
4363
6175
11684
8123
2260
11003
9402
9302
4824
11713
4679
4734
9075
2803
7245
10760
7967
9743
9175
144
6364
5170
8836
9356
472
3972
7034
4318
7773
1998
6218
9171
2205
681
6275
333
5445
12089
5445
7568
8117
12136
5340
4582
11089
5501
1863
5256
7670
10237
5897
5996
6775
8500
4000
4299
9213
3067
282
10631
10595
2414
1489
6554
11547
2832
11642
4816
1581
3095
487
12228
10699
508
1660
8662
2687
11513
8771
9365
226
10460
9990
8019
11077
8494
2045
5282
12088
7484
9600
11767
11215
6587
11099
4066
7976
3945
6397
5600
3652
7419
4668
6092
9692
9834
9383
7272
5464
4546
972
1647
5581
1800
4617
8753
8915
11374
8320
2251
4758
1919
10832
8592
3390
181
3415
10579
7734
9471
1486
10731
9164
6719
6833
8406
8695
8049
5559
10167
11822
11198
5015
2471
1119
11560
5976
4640
6025
8083
9745
11146
6539
4019
5135
3219
7509
11313
5794
926
7939
10034
7976
10242
4415
1506
7604
1322
11484
8877
1356
7780
6711
11325
7326
1880
9496
2648
6851
9106
8842
2051
10236
10861
9126
6813
2239
9229
10713
2829
5141
8285
2649
9941
2097
6209
11802
1642
3522
10835
391
4120
3923
3342
8022
2607
8500
5472
2275
3156
7784
11430
1490
6638
9440
11518
3795
1667
4459
6864
729
1332
1224
8665
3399
10558
9642
10601
8007
7037
9629
10639
12031
3204
9191
1082
3459
4348
7553
11268
11126
6355
7063
5649
3724
6613
5784
12206
5643
1354
8819
7326
4545
9484
10059
11753
11665
6738
5856
689
9244
1013
9167
1268
11008
371
7885
3479
3992
8443
6997
2927
8207
11663
3068
9766
8700
4377
3370
10714
7104
3647
6301
4044
4552
11025
10526
7952
4855
3084
16
1804
5439
8248
3274
7222
1167
4679
10229
6714
6545
6313
11970
2075
3167
1960
5865
9273
10757
4210
10968
5023
11708
4773
6460
5973
6221
12155
6743
11219
5750
792
5050
2741
8251
9605
8382
7401
4559
9047
2213
10791
11413
1152
3013
6605
5337
5704
10855
2768
10283
4058
11095
8785
10206
1905
9133
5033
15
8078
5723
2853
9655
4030
8169
1473
7477
6340
6954
7377
8058
5346
10624
6378
1334
422
9357
11780
6123
3206
1473
4953
11706
8847
10266
11663
7163
7629
5997
10998
10322
2666
7342
10527
11275
8553
5932
8678
1341
5041
2071
11438
9820
6176
8601
2946
5549
3176
232
410
6021
9093
3278
5474
3122
3922
3081
7141
3396
10574
8785
3916
9141
875
11002
5218
3973
2687
11662
6271
5321
7172
9407
6299
9050
912
10342
11173
6940
8132
2467
2334
2431
7201
7582
2025
6390
11308
5455
1601
8150
8098
4689
7823
153
3313
11295
4430
10208
4900
3351
3806
8320
52
6907
366
12242
443
1298
10896
9139
11110
9443
4312
9812
12105
4254
8608
9383
5902
2298
7938
11121
2203
86
6291
4999
2882
5346
1165
6396
7022
9803
791
1987
4330
2357
5639
3597
1974
11595
7484
9468
3006
9310
10080
7672
4058
10128
1805
8653
11612
8406
12153
6210
9805
11834
5624
9467
7070
2847
331
11324
1712
2340
1287
3647
7638
858
8639
2975
1088
5006
10387
8977
12154
8685
602
11891
2976
9593
4360
10403
2501
2911
11499
7638
3578
6338
10115
3095
10527
7459
8314
2472
8589
11964
10061
10939
7386
11631
8503
3954
8730
5822
5435
6383
1469
7860
11455
3813
6215
10056
7638
9396
806
3182
4989
861
3358
6657
770
2688
10179
1274
11342
1198
6786
11391
11694
6391
4076
1081
11060
4677
2915
11617
1202
1265
1156
143
11846
10603
361
1789
4840
6085
1991
8669
977
4418
2341
1324
5986
3866
5906
11976
11462
5217
3362
2295
7961
375
3739
1060
7751
8214
7226
5080
4017
9077
79
4168
1743
8897
5677
3658
7346
3451
4794
3860
2399
2567
7529
2176
8351
1902
10746
6087
10757
5763
2284
2293
7838
4058
5707
3464
3365
9121
2515
5301
384
8975
9465
8533
8960
7058
12242
8227
3170
5913
1453
10343
10829
7179
1078
11127
3400
11443
779
8591
1857
1206
9959
7229
4525
2255
8990
5337
4412
9227
4371
9361
5099
3536
11645
6820
9788
10867
301
6991
9269
8550
6121
11679
2917
1489
6425
4755
6474
11200
8954
4836
6245
10714
885
1509
8004
76
6531
793
11871
1762
718
7920
1587
9171
9989
7078
3987
3786
5189
9561
2459
5759
3750
8082
9006
10108
12100
5603
10036
1879
9491
7762
4715
6383
3273
7267
10539
9197
3760
7143
9649
6212
4700
3249
8648
12223
10682
7994
3465
209
6850
6359
6932
3454
9032
5982
6702
8359
8465
10878
3524
3109
8895
8807
7279
7197
2464
6835
5635
2446
7241
11626
6607
7885
875
6559
7397
9556
5654
4070
419
2368
5581
5072
6667
2413
11850
3826
2966
7383
9250
11214
6877
4605
4578
3196
4990
8268
10189
7724
1795
10233
3903
12196
8078
2298
9845
8954
2344
6023
3995
7830
8258
12021
7396
9933
1203
29
3427
1674
6134
4173
1881
8621
2354
9837
9360
7491
6577
3896
9765
8172
4441
2150
6331
4828
5587
10248
1405
138
3671
4706
4735
9823
1723
4532
8666
4182
3474
6248
10990
12029
10306
3251
8253
1559
1010
1699
10116
10627
3946
4377
11848
1598
9992
1791
724
6393
3792
11179
966
9352
11579
5448
565
2294
11796
12203
6138
6465
916
4553
2085
4502
98
8941
2109
7917
6173
264
12010
6361
7837
5379
10507
10101
2257
8759
10558
10014
12231
3677
3248
9953
1941
1155
1014
11496
10893
6998
11130
5069
11867
3416
2776
3830
9480
7050
5933
3882
10057
8577
22
5734
4309
2990
1143
1414
9441
6761
8091
11062
2449
8123
10874
10387
7412
10005
3482
11285
10830
2905
10430
5098
108
3742
11280
2952
8435
4736
1068
6650
1441
11452
4686
8010
5363
10650
11960
11713
785
459
616
5133
9875
2963
2839
6587
10887
629
849
10642
3897
1093
9141
684
11036
4418
10134
7227
160
3648
2797
8297
8096
1139
11723
771
9117
9466
5188
4989
11369
5707
6234
4180
8970
2284
1124
5142
8846
9316
3047
5980
4141
11767
9799
6359
8501
2722
4166
9578
1378
8116
2359
11540
4664
3048
10173
1094
8691
3626
12143
4800
11604
10951
8412
5193
11556
5649
102
3950
1093
3907
6460
73
8844
11948
10473
7652
10262
10490
1825
77
906
4692
3706
9285
7492
3696
12148
3798
9513
4618
2116
1060
8432
1504
11092
2296
2210
704
3690
3559
8555
5371
7982
2254
1584
2520
9219
8889
4884
7292
7571
5038
10648
1188
2686
4810
3076
7901
9499
12160
9276
8666
10899
3953
11655
2346
11426
8886
7143
11815
1445
2643
7463
7413
7309
2105
8762
7764
4081
3899
1742
8570
12138
9157
11810
8886
5750
9049
7836
1984
486
341
413
8056
11214
5950
2944
8562
8270
11095
4568
171
11306
10824
4189
10944
8324
2758
4987
397
6285
501
1211
3493
11461
5419
122
8860
1670
8706
3819
9274
8213
7345
7769
8023
3982
5855
2523
1586
5217
4877
9427
4205
5860
8599
4291
2612
4672
9600
6412
5656
10745
5765
3941
10800
5652
5406
6349
2975
11903
1385
3719
9119
3414
7736
2335
1539
7885
1594
850
8272
5679
5027
733
3945
2335
5580
3631
10926
1027
11327
10142
1484
12035
7942
2518
2170
1200
11869
3647
7315
6416
2454
11440
183
5192
11825
436
1288
11339
5876
2682
9205
8101
736
5363
919
5002
6336
253
4108
9849
10206
9063
2691
6155
5997
9353
10802
4831
6330
7446
7126
7615
7755
5216
6001
4846
9854
2966
9681
1198
5792
10408
8240
9097
3340
3722
4383
1236
2160
4515
7898
6213
3830
3796
437
6758
3015
4408
12249
4803
8445
437
5960
3247
6549
6637
7706
11113
3782
8961
1078
2865
4522
7439
11968
4019
764
3388
7532
2644
6972
10097
3816
4613
1525
595
3436
8512
348
3537
3691
3980
8701
1666
10294
9407
1825
11803
10070
4875
11811
1844
2672
9603
9221
8198
3482
4908
766
232
8288
6276
12160
11706
6385
9903
7586
1910
11043
9730
8885
1979
7736
11049
9890
1935
884
2914
971
7324
6909
9089
11024
7299
11677
782
6998
1543
10375
1911
12128
7883
10850
8050
9189
3883
10015
3116
8014
5275
4871
5363
1078
6292
3068
6209
1506
6524
8287
10384
2122
9058
11759
592
6028
8630
972
4111
4707
684
4055
10850
8267
3252
7640
7878
1701
2293
5248
1945
3826
239
10691
4588
10780
12226
5497
1129
2657
3750
11814
2715
4588
2040
2717
2800
7884
7292
9428
76
1223
1687
11384
1959
9169
1984
4851
628
4753
7328
4517
8905
10838
12119
431
1607
10370
3145
114
11091
5006
857
2202
108
11469
4159
8264
4941
5589
1962
4857
7406
11291
1409
782
9265
10804
1191
9424
7058
4029
5500
3241
5041
5519
5897
3087
847
4218
6252
6390
3001
6314
6742
7906
6358
7606
4082
4116
9152
2556
11528
10296
812
11878
5372
7957
10101
6439
6247
8562
4048
9308
9156
5
2033
8401
7647
11958
6300
2306
1703
1851
10640
7420
10328
4856
4130
10676
7802
6679
5458
2879
2920
3458
7300
5419
653
522
4550
1240
11018
2124
6619
2140
663
4741
4814
3671
7515
4607
4560
2069
8007
10650
10970
4444
6629
9056
3428
9463
9370
6919
2760
9215
6917
5943
158
4324
8651
4577
11108
2892
9902
141
11659
1529
11568
1918
11913
5110
10236
11546
4958
8639
3131
6381
1459
8932
8052
10793
64
5413
3238
11021
10461
10900
11274
11304
1578
10
9287
7348
3785
855
3613
5899
1939
11762
572
1857
10719
6249
1463
11096
10428
11179
11955
7812
6370
4935
4671
10864
2743
11014
4578
7716
8656
4639
11079
9954
2303
4494
4987
3203
897
1184
4959
3433
1029
1568
4168
11162
10489
4946
4476
7534
10450
4901
9718
2869
6444
10455
4247
10240
12276
11021
8026
6980
3210
9383
3065
12068
1833
2516
12025
5112
6400
11302
3005
775
2648
4150
2460
9113
1582
3767
5808
438
573
40
5213
9178
6580
11443
11065
8803
3048
11567
2072
7424
10308
8784
8436
7378
10536
2334
7442
11431
92
4538
8546
2852
4846
7353
1664
5484
9402
1939
10040
6645
10537
2983
2117
4879
853
11186
11220
4439
4045
2206
3216
1754
125
2820
2311
8379
1077
1461
8819
100
1322
4665
10334
4869
2250
6880
9900
11215
4381
8603
12106
8420
9329
2443
9885
7588
845
9600
6003
9338
10213
7336
604
1796
7034
1507
7637
12023
6573
11772
2508
5140
6153
3792
7212
458
12191
3211
8442
3596
11608
3669
5686
2230
8533
9859
3676
3943
5649
5334
1177
10597
8826
2052
11285
1067
7816
3276
1575
2883
6875
5344
9009
5672
11712
11657
10413
10989
2778
8810
11878
5762
6873
5629
2238
11726
3357
5630
8441
12160
5541
11530
8598
2249
5383
11107
4723
11246
10350
7297
7991
11889
2188
1982
11460
10700
8556
509
2971
1695
722
6989
11574
10720
1373
11241
2645
6938
5574
10778
3813
2562
8129
8482
1953
9336
10936
8337
4555
9693
2537
9757
4331
1254
1436
8650
11358
925
4072
4389
4561
7759
1398
5031
10137
121
10183
1230
4747
9191
4815
1565
10619
9275
6128
4159
7920
8459
11844
6099
119
7880
8980
330
9022
9474
11254
11858
6368
1071
6387
3159
11204
369
7821
8855
7255
4840
10343
6649
8050
4779
11747
360
3045
3936
1793
11191
12247
228
5023
1858
6315
948
7015
1899
3824
3385
7116
8040
2596
1133
10621
2213
3139
8454
2920
6644
10898
10582
2955
3238
9158
7724
6828
3494
923
8578
9430
7461
6778
6798
8242
6502
9233
1368
1013
3965
1262
2698
11292
1441
4842
4503
4116
387
11071
10097
7409
2962
12037
11268
3236
11153
10960
7741
3533
4034
3352
7219
10586
11553
9508
11712
2562
6623
2598
9169
12190
4545
3954
3167
11509
2696
7495
7003
2233
7535
3814
1381
2838
5400
3335
7809
10553
8060
2420
2521
9003
6896
11278
8341
3794
6000
4734
2018
307
10332
10346
8301
8142
2547
5164
2176
10926
2197
2826
9015
352
1007
3274
10359
2352
9783
9672
5959
9975
11568
4836
12276
3458
1226
5618
11973
10407
4935
5555
48
1489
7763
6438
4435
10931
6782
798
11519
1965
1173
11608
10021
2312
862
5801
317
1928
11388
2253
11777
2006
1578
1602
6842
11085
1343
3440
6164
4122
4059
1061
258
9811
4869
5790
2245
9397
8018
2690
9000
4863
3824
6108
10675
8640
7978
4455
4944
1007
9904
8318
7631
11373
1482
6395
182
3352
2773
536
6269
3077
8422
7561
8885
11752
5561
4796
10967
3151
4776
4801
7308
6529
2730
2248
2522
4972
3196
10096
5094
9189
1543
3301
10093
3879
5878
1624
3800
4109
2745
12022
6377
8967
6281
10174
5271
7094
1513
8498
4714
7305
5362
1175
2647
6673
3925
7635
2953
1084
4994
2151
3073
5950
10661
8755
6410
9305
5772
6145
4031
9296
1417
3080
11913
6260
8167
1954
6249
2318
10655
6231
10343
3252
738
2634
11557
4906
464
4853
3547
2738
2816
5995
10899
10195
6316
2874
7495
2252
11251
4176
9245
166
10007
5991
3639
10679
5154
6874
9875
10509
5712
8966
9934
1802
4280
8878
1275
7884
417
2622
858
5198
10320
4228
3904
2886
2902
7545
5026
2301
7159
1426
7543
210
9239
1379
9379
6004
1667
11023
1882
12030
7876
9177
3362
7300
7501
9116
8274
11726
5936
11139
11838
1712
6510
1589
8104
1162
823
891
12231
5760
9415
4595
5110
11141
6449
9801
5854
9768
3091
5485
703
2488
6544
9094
10055
7997
473
5874
2942
3000
3336
5525
7411
1432
6234
6754
4270
10846
2826
9225
10296
6154
4082
4077
1571
906
530
6162
8485
11788
2029
3359
8553
4803
2170
515
685
4113
2494
6862
46
2583
9960
1022
3181
11001
689
1183
4580
1528
3120
8464
11093
883
7512
10066
11282
246
7285
7252
16
9267
8402
729
6281
9369
10001
10179
3342
9424
4728
10420
11768
7826
7522
7733
1194
6788
5
1373
2787
5060
5109
573
12228
3984
919
8164
10367
8806
3309
155
417
8304
8189
8255
9169
6850
6648
357
1022
1254
6139
6100
8788
8736
4215
9533
10761
6560
7739
1006
9296
12127
12013
5441
1447
8458
7530
10927
10217
4959
3541
3017
11630
4570
9193
5087
3623
8903
7438
8650
7979
5713
1739
243
8816
138
10339
6856
5706
8113
4814
7442
6212
5855
7584
2154
6333
3846
3335
8273
1421
12235
5658
3305
12159
7382
10210
10230
2966
8688
3865
98
146
7183
4159
2332
11389
7284
11230
5687
10562
4337
11421
8268
1271
8016
12207
8992
2693
11189
10951
1584
1254
674
8729
11407
8882
4939
4465
7439
3733
96
6898
7056
11896
9842
8469
3197
7662
2784
8679
5730
3719
7392
8456
6331
9255
8454
2265
3413
7202
7085
6576
2138
1056
8424
2360
11503
12102
6040
6396
10616
2973
9164
734
7154
1741
11598
4910
1081
3420
2452
9012
7401
1726
3572
6772
8443
10439
1551
10644
5346
11427
159
6838
3014
3745
4314
7886
7713
6911
9333
10749
5748
4494
874
10701
909
6913
6375
3610
6780
8196
3505
4384
12121
7624
10683
1844
11426
3176
9115
11858
11457
4931
3621
3319
3095
9563
8283
8669
10637
10232
8118
4417
7830
5415
7986
9706
9185
3070
10452
10905
11665
7810
8799
3797
2558
9709
3872
3706
5577
10043
7536
7716
4789
5706
8444
3241
7963
8376
1972
2462
2441
8032
8074
7793
7763
6726
6449
11033
8838
8714
8247
5310
6223
1863
4198
7339
9117
5297
9845
5371
10266
385
10690
8275
7381
6836
9370
10768
8958
1602
6148
8323
11655
12269
1472
3940
6927
9782
2271
9322
5210
7682
11114
8948
431
7041
1003
11493
503
9512
8133
10098
6218
6279
1202
7644
3994
12269
11017
9745
1091
2663
8506
4957
5428
2621
6
10993
3233
5931
2936
10887
9417
10814
3250
6332
5681
5104
10188
7601
720
1802
6791
9660
10259
11990
9489
977
1716
7714
2521
9564
3980
9775
11353
3528
11727
5995
5332
2902
11843
8759
3057
2754
8420
7397
11232
5989
1372
6907
2237
3225
8257
9546
1668
2580
6186
496
5240
3619
9884
2211
4916
9898
2784
1897
951
7628
2569
12045
10255
12213
10077
9144
8101
3880
10326
10550
3746
4577
9
8832
5830
2922
268
8257
6540
6237
2198
10397
11071
11747
1236
8042
5881
9597
11989
2651
12202
1477
127
228
9081
2751
8684
3419
8327
9272
10378
8448
732
7496
11105
3868
10622
3284
8895
9799
2340
4928
6470
10094
881
7600
10476
10555
3909
10093
2787
1656
2348
5684
12024
7454
11935
652
181
2261
10190
4286
9704
5743
5084
11068
3699
10637
3646
767
3602
12100
6340
6829
4706
4001
10543
11310
302
11663
12172
3110
7774
6794
299
296
6834
331
8249
7683
1393
4637
5634
8194
6150
11155
5593
7268
4253
5644
10506
9119
10637
8369
1808
10575
6142
6901
1773
285
2740
10600
2422
5222
3354
1318
1944
2029
2816
5269
5541
6126
5065
8642
11071
3880
8624
3807
3075
10781
9509
5782
11573
6486
4752
910
1894
5311
9667
10471
5985
3237
12008
8266
4334
8644
5009
6154
705
9720
5258
2229
3680
9927
2819
9396
11930
5344
423
4832
2653
11456
4969
3930
2868
3569
7456
9125
5208
2799
11813
39
552
9487
6392
4029
8212
700
10985
10631
9302
6564
8344
5099
5114
4191
2247
115
2431
5324
4277
3952
1661
7077
8573
1870
8440
5139
9312
11567
11488
7946
1453
514
6310
6461
2621
3853
8682
5008
5883
2667
10672
6202
10194
3275
5950
8760
4565
7227
8945
3858
5678
9312
6747
9672
2369
4819
12238
4888
4224
9241
2586
5797
12186
1931
6849
6881
4624
2941
9256
7951
7417
9858
11735
1342
10731
8179
6157
8232
8300
3764
11534
2566
10136
10469
3432
6012
6625
9861
1000
3009
11095
6674
958
685
7201
9343
6227
12212
5723
5894
5226
3304
9239
3993
11050
7663
3616
9665
2419
6918
12135
5216
2474
3281
3082
9811
12020
2521
11070
12254
10483
8800
9326
10263
2516
7524
5663
8779
2178
7065
9063
8589
4267
3621
9104
5551
5124
5972
258
11579
6193
9891
12176
6989
11489
4418
965
1400
737
5212
2960
5952
863
3449
2388
11301
11096
2593
6961
6325
2901
4310
9390
3985
10416
8429
5986
9458
5413
5586
6319
3074
11449
4176
1009
3194
5822
10271
7453
2613
9911
9279
4655
5230
4595
3368
8628
2681
1546
10170
8266
1870
1151
11869
7997
5295
9498
555
6021
6464
3209
7822
10324
10596
9288
9335
9591
346
7692
8718
11002
223
10730
8969
708
576
2282
1413
10337
1842
2662
8918
6084
923
5507
5794
7777
7070
8568
11097
9492
10244
8416
2148
11329
10634
3927
11182
8334
5450
1516
11024
7079
11576
3532
7182
10945
3307
4017
6549
7914
11064
2499
7985
9510
507
6620
12025
11248
4598
1049
2332
5460
7980
3599
238
4513
4073
6249
3503
9183
3789
792
9297
8940
10897
10173
1222
2983
5640
4767
6741
1642
6535
11550
11797
8137
8948
3895
4973
9982
8071
11951
434
11418
10592
2543
7334
3750
4390
155
4739
11116
6395
1391
6575
6722
10218
9918
1063
8692
4795
215
6332
10874
10912
10475
5010
297
5941
12124
1032
2654
1928
8305
10747
6970
3617
2545
940
1938
4175
11393
10359
6328
6158
12266
5418
9982
770
8932
8653
124
7336
6371
924
169
8977
2873
4439
5342
10407
4992
11301
3173
3491
8452
6464
10279
5570
691
1342
1467
9263
5008
8667
7605
4272
7289
7931
7048
10508
11067
12197
96
7647
6890
2770
6229
11519
162
1055
12111
5617
3676
5514
5532
8631
5542
9204
6534
6150
1539
10707
6484
4748
3203
7094
3516
670
10860
11681
2285
7673
12039
6783
8121
6316
5977
9624
11507
3238
2158
3551
3145
6918
11712
1700
768
1305
2558
8859
4400
5106
7186
9928
9205
7161
5719
1775
3224
5293
10428
1121
3297
8007
5700
8642
11236
10582
113
10921
3406
10123
6712
8984
4556
3574
11633
8315
939
2625
9532
1607
4455
10647
2711
5396
4190
2713
8139
7389
4685
5654
3371
850
1387
7803
9690
18
6171
11709
7216
3235
8732
6267
7859
2574
10894
5616
4014
8549
10128
11038
7976
2592
4800
9654
1730
7518
11869
10409
8598
11213
6663
11233
4998
2877
990
7764
4851
3908
5082
5127
8001
2467
6241
10325
3707
2419
10455
9438
9294
6950
6597
8756
1942
6320
10114
3993
6693
9095
7042
9310
10237
6686
1789
10493
4596
4049
12227
9038
2528
5634
3751
5821
6672
11815
2602
1230
3545
401
862
4118
6179
5887
3471
5725
3187
419
9175
9032
1033
9156
3772
1157
280
10640
7077
1118
7448
9702
2536
2669
7624
7603
6003
7429
4276
722
9838
9231
190
486
7263
4124
10885
9562
6027
1013
2971
5231
10454
2121
4907
5841
8606
3437
1529
9460
8414
5997
11032
4859
3462
9210
8860
1909
4799
7206
4772
7118
6781
1646
8867
1190
3668
11156
4161
11503
2433
10897
5695
3518
9460
3067
4230
8674
1568
7010
5427
7361
9177
10438
7646
842
9900
9195
10056
5138
1503
4773
7251
12164
788
8891
7905
11780
9619
11475
692
1170
6263
4431
872
622
6394
11821
12211
778
1264
5259
10171
2275
7933
6913
3406
2616
9150
5587
6864
12117
9385
6941
12105
8100
7867
10433
2797
1447
11270
10540
2624
364
6561
11197
3377
4601
5990
4536
3085
1450
1210
9630
6425
9229
11871
3552
4024
2090
10080
8730
3834
8311
4392
10468
218
5289
8780
1775
8250
3934
8828
1624
761
11470
10604
10598
8409
5092
4271
2840
3839
10707
5587
2158
2817
6809
5589
5518
5680
6226
4302
9950
8753
1036
8875
6074
2097
4925
2407
3327
12176
1548
4613
9023
6648
6252
2795
8304
2677
10104
10138
10382
6105
5610
766
3878
12033
6843
2358
5723
10809
4739
11589
4621
8580
6505
5701
9065
1303
6372
8991
9049
2780
743
11428
9934
177
9401
1129
12152
6803
159
11485
10236
12042
9689
10330
10591
10943
4466
10723
796
2930
6084
4040
6053
9796
2695
8169
7550
7446
7681
8798
2351
9518
7438
993
8181
12085
8256
4071
4779
1098
6982
6184
11934
9333
820
5818
11864
4039
12023
10289
1550
8400
7630
3604
1751
7603
10709
6938
8533
10488
7852
6773
6744
7855
7191
9303
7650
10839
5273
491
9973
2666
1522
773
3053
2554
709
10297
8896
10843
9094
10536
3000
3275
11432
3150
10389
6876
11153
6581
1263
8428
8674
6215
6288
7083
7935
2666
9288
7126
7630
1179
1683
3530
6665
2954
778
6947
3277
6255
7139
11839
6685
5722
4831
3202
1998
9106
1822
8268
7432
9089
7621
9125
1754
7205
8103
269
11827
7208
7416
10284
6045
1146
6710
6765
8952
3695
1563
11640
10342
7791
10575
776
2927
9656
8898
3529
10027
1599
5493
7292
5774
2253
1762
9720
7983
137
8677
4727
9231
1202
5847
10283
5958
4160
1355
5462
1665
11200
9195
10628
8146
7203
9408
1319
2907
8510
1714
5591
2827
1396
3552
5854
653
4996
2061
744
7670
1372
5342
11097
7842
6750
3154
9840
5119
443
2495
6732
4051
10379
4572
7166
4284
9942
10117
251
3434
2764
1456
6253
3866
8619
3853
8334
9367
9528
1433
2806
11289
70
1694
4999
11378
4133
1991
11764
8296
2160
8111
9352
23
3515
9216
5136
1513
4547
8758
703
9983
9745
6604
5390
2662
3887
11135
2142
12057
3279
4336
6050
4581
11071
226
11838
5486
11302
9534
2423
2102
8268
3657
11416
11654
10724
9377
2862
3396
10893
5258
8190
5706
9998
9467
6167
7647
2755
2715
7901
4899
10178
929
2990
11422
9936
5669
10473
9447
4429
8676
11772
7270
6745
7266
5426
11701
600
3506
10326
8119
212
6844
4346
2926
7098
1053
4932
4239
2453
133
2826
5761
9958
5937
871
934
10960
6935
4061
9692
7304
4058
8786
5398
6284
12011
2214
5664
3152
3733
3435
5893
4876
10699
4855
11133
3919
2695
5466
2466
6132
1933
82
1616
10312
3931
8742
5283
5784
2169
2027
4531
8190
9010
8854
11053
8770
445
11369
3836
7036
12172
3175
11149
11085
6265
3013
5323
8551
8214
1735
7402
9928
7696
3813
8898
10953
8150
7847
4361
10523
7887
6821
8487
3642
3560
12190
138
3469
4708
7002
6110
2231
6145
9994
1150
3606
8781
7071
3521
7984
11870
2032
7888
4246
5587
9295
2260
12044
9922
1398
3021
11054
12278
6403
8402
7193
5299
10423
5439
4963
11027
3970
8544
9765
9548
9103
9245
6263
11845
6707
1105
1790
9403
8680
6422
10563
4289
2330
1318
6835
10979
7320
4016
258
1938
1366
8430
7546
1280
8737
2388
11021
4345
554
12204
70
9140
5476
9410
9369
5657
2027
12284
3298
9585
7495
10456
1770
8182
11839
1171
8411
11997
2830
7422
2869
3696
3079
7430
10431
4669
2660
8673
5041
3998
11955
8585
1125
2764
8920
7724
6933
11967
11719
8184
10383
6663
2302
8460
738
11540
12198
11179
9454
7841
4754
8182
10281
838
6816
10903
4258
1150
2695
619
11698
1167
6922
5272
3041
6145
9501
10110
10749
3511
1067
587
8393
8084
4779
4974
7118
181
11276
11358
9236
4634
8472
4989
3477
5275
5373
5
8854
12111
6881
1314
7427
3737
9285
9184
3646
3320
3325
2562
7997
11438
8296
6976
1463
6116
11399
3596
9617
2677
3462
9214
6859
1997
2513
9336
2527
4360
296
7555
2606
2466
10378
3973
4831
7773
5642
1864
11746
2174
2063
3836
11804
9505
536
6075
8163
1298
9380
9212
12253
3714
1609
6411
10962
5000
6466
6481
4839
112
5155
2266
1464
10070
6580
1958
11068
6891
4421
4110
3618
2472
9023
11717
8381
9832
4333
8927
10922
2316
9576
7726
10373
668
10567
9171
5391
1219
8627
4432
27
4352
2218
8194
67
12117
10029
494
1639
8888
3225
2251
11343
9858
8370
2428
3220
581
8642
4709
11192
6455
9202
1362
6782
711
5226
10810
6569
9947
526
9027
1588
3069
258
11806
8768
6124
11153
8976
8396
5354
9271
3531
2607
1005
11117
639
7222
7405
1265
7596
11434
10620
3674
6800
11026
8632
9945
6550
5940
5180
7298
6146
4720
7473
8509
7903
2956
12261
12213
3858
5950
708
5419
3372
4183
7970
8911
5877
1688
8949
5194
1215
6633
9896
1360
3901
7106
4463
8186
9376
10639
4304
1129
8027
3842
7023
3729
8144
6526
5511
617
686
3726
4738
8399
1310
11052
4204
7059
3988
1868
2980
11909
945
8092
9057
1889
3393
2446
10922
2336
6985
1149
4521
7153
2999
12130
6367
7173
743
8
1503
10459
7725
11037
6025
4288
9773
8137
5686
8380
11792
3368
9735
4340
523
191
9454
2972
3758
3973
1141
11577
8491
7559
8793
1957
9332
7025
6746
2023
8168
2460
7336
5230
3233
3645
6408
8846
8727
1845
10946
2925
1526
10519
612
6466
4663
5668
349
11957
2242
7285
7094
289
393
5813
2907
9434
2771
4532
243
8667
11681
2359
5246
5790
3639
529
2336
8980
1427
7977
3973
3934
809
755
11696
8320
164
8621
11956
3762
10537
1841
6074
7954
10457
4516
6088
9971
196
6784
9827
5092
5517
7161
5917
3727
2733
2737
5285
9609
2475
2135
7405
7195
7319
4918
3961
11281
841
6230
7481
4475
5610
11110
7434
4173
1016
7654
7693
7681
8496
10538
9259
11323
327
2414
10247
699
1380
10086
2559
7047
665
11495
8273
6573
2373
3585
1316
408
765
2411
7284
11073
5975
7906
4414
302
6619
3282
6341
2801
11386
4295
7057
7650
7567
7054
3730
3458
5693
4563
417
8765
5635
7161
12046
4542
10085
775
341
5472
4531
3170
12089
7549
2539
5837
8352
5060
909
5724
6920
5897
8274
4176
8647
2045
4892
10983
5114
3349
8259
5256
2024
6412
11873
5865
4745
6672
11042
9664
3612
11078
3231
11034
6308
9620
3109
4389
5406
3715
1136
1488
9902
12183
5556
11783
9359
9279
194
5695
2309
11067
8468
11339
2857
228
7919
8265
4773
6452
7778
603
7082
4701
3192
7981
6396
8666
11368
9789
3411
12172
10887
5606
6000
11283
6487
1893
5963
2882
7910
7162
7970
2628
5470
5831
8003
5970
1537
7099
10944
12030
5726
314
10829
9462
6098
3085
11620
10925
6946
3837
10644
7455
1547
9277
11099
10306
2405
864
8437
292
2143
8460
2358
8338
10089
8665
8771
4310
1546
2488
1155
5514
11851
3479
204
107
11487
2490
10363
7903
4248
8938
5979
9442
8694
5619
4960
6827
1433
3544
12180
825
236
5722
9601
7377
8042
7025
11073
6795
3081
5063
11207
4597
12211
12047
6554
10601
11023
5867
8465
1703
4829
579
5784
891
2753
7530
1475
3626
5662
9119
3652
4462
6619
11957
8917
8620
4171
10850
945
6181
6842
6132
12057
7247
6171
1320
5698
9628
6347
3370
711
11944
9560
3045
9009
11757
11286
7119
7867
204
3898
7687
3024
7243
9359
2647
6142
7984
988
4283
9985
8151
11778
10314
3160
6247
3066
9332
6090
11151
1730
316
7089
8539
4606
10427
517
3086
5556
11975
11383
5202
9109
8302
10306
8268
10703
3385
2836
877
5781
6330
7365
5487
9327
6772
10828
8297
2747
6037
11295
4539
5611
4337
298
491
9713
10371
4430
5762
9351
10975
8724
7237
688
219
10030
8648
705
10131
2879
1153
8795
9488
6784
6537
5637
1596
4804
3479
4525
7369
7746
616
5510
7824
6917
10436
2094
6158
9153
3832
6838
5704
10048
4489
136
12072
3563
9496
11488
10419
8368
8507
2358
10412
233
10062
270
6650
11313
5991
7151
5142
6035
6679
7218
3190
9131
6281
8737
3710
1400
11397
5425
2098
2457
6227
10699
4040
1831
9036
5965
1859
5064
8470
9015
8661
1877
5867
5856
3092
11604
3416
1834
5605
12152
9289
928
3766
2349
8158
530
5745
8195
3626
4696
4930
10818
2688
1452
5135
3039
9101
7261
7121
5444
12082
6130
4478
10669
4753
1461
9731
10481
6346
4374
5303
4281
2146
9809
9112
3936
2118
3896
2327
1154
4779
3771
8996
3008
9269
11922
9286
12037
2749
8988
11453
908
8276
10634
10248
6103
8935
4912
5290
8942
1460
1267
2482
8176
1721
564
1264
2026
5840
2521
6142
24
3420
1879
12189
10326
8401
456
9010
9833
11093
9570
9396
8722
7940
2225
4784
5871
7150
6110
7183
10025
5301
9107
12170
10342
10017
11122
5553
10073
1617
7503
67
10638
9461
10677
9164
9746
2733
4025
7225
9710
9069
2856
10065
2024
11645
7863
6589
3903
7061
490
1349
10090
3639
11209
2701
5421
3396
10070
3291
10461
8340
8325
275
7821
12222
10688
1226
4891
2074
9955
11619
8168
5623
12068
3288
1786
9018
2349
10976
91
2486
7901
567
8268
1645
1494
2951
9608
4674
3203
9840
3059
6120
5974
2377
4372
9590
5496
3939
9221
3951
7659
11746
2948
7735
4370
10626
1317
2643
5138
11866
906
732
9441
1883
11098
9700
361
5459
1869
1270
3696
7520
6232
4113
7378
12203
11041
6898
4930
5231
439
6719
12058
3325
10754
3177
9619
1193
11839
8192
3793
1383
11230
6552
1367
11902
1000
4781
10359
2562
3790
4584
12000
9929
4020
3823
10646
7206
984
7140
5103
4562
10552
1337
10292
10878
4050
1173
10415
2070
5696
4257
3053
7374
1986
2214
3006
278
8121
10735
6416
6396
154
2111
7391
10309
821
6340
11063
2513
4261
1818
7039
7043
11415
9234
1949
2258
9302
6361
2991
10273
7958
1026
1920
7151
7963
11428
304
3825
1583
57
8034
2246
3331
7793
6713
3605
3613
7012
7541
1789
11405
4631
11181
4377
6473
6166
10752
2483
10386
10793
3691
6661
5569
11074
7383
12153
9627
6840
3523
7234
11113
8253
5849
1300
2200
5749
6524
5519
4376
10752
7539
9264
2864
5075
8628
8142
2938
2683
3773
11738
8055
11397
7035
7605
732
4246
7881
7373
95
10853
2841
4588
11004
2136
10608
3370
5933
6895
330
11439
5870
4902
6368
6893
11143
9408
7938
8533
76
8688
11822
11448
2864
719
3608
1174
4066
4559
9113
2562
7237
4772
6768
4208
10377
12076
4035
10159
9482
6062
334
11463
2899
2707
2921
10371
6174
10908
555
1696
7242
8116
8160
2635
3887
94
2905
3164
2684
5537
12126
8979
12026
4352
7264
1074
4867
8077
525
754
710
1846
10014
285
8077
8443
4422
9290
829
6911
11897
3883
11865
6773
3879
7754
10855
6386
2897
10171
11394
11860
9342
9342
4657
2965
3447
8703
8562
2413
4692
10822
8995
7987
11198
9323
265
3635
6070
8198
7867
3537
437
11856
4136
9344
3665
5790
6936
5693
248
7045
4109
4404
3520
7285
269
3264
1492
11988
7632
10246
3855
7262
1295
5386
11923
4724
8981
6512
5736
2791
3457
2867
9356
9492
2862
11905
10684
4660
3301
4896
9589
2602
11005
9175
11536
4757
10623
12004
2576
8072
7165
6910
2709
9928
11843
6712
3633
11254
339
10025
3929
2315
10404
2033
6570
5607
4818
334
10327
1301
8874
2986
4425
10616
3149
5446
4109
5933
5043
12272
3599
141
2413
420
10557
9276
10493
9008
1030
4250
3704
3392
5052
4897
11204
5357
186
5537
5070
11919
9476
10427
11506
8912
7383
9445
1163
159
3030
10262
1079
2757
9522
6505
10944
3265
10114
4495
488
9919
11887
6474
3538
117
7017
8561
11597
623
1008
10836
5274
5495
857
1799
74
9649
7193
12089
9055
5113
400
1223
3009
8627
10425
6066
4635
10862
8265
227
9229
3794
7765
5816
1899
9204
11252
5801
8463
4995
4158
8040
7878
10224
148
10970
10564
6825
10184
2734
7299
2885
7320
4353
2669
8241
11157
6877
2694
11111
5019
7199
1086
9178
8674
10131
11957
11404
6198
8423
668
992
11762
8184
9052
4857
5982
9045
5902
6824
6177
10049
60
9950
6391
6992
1569
343
432
8201
319
11486
3745
6831
4010
10949
1828
1286
6125
2025
6880
793
3333
9940
5356
9710
11540
9387
1616
5906
4256
2190
10014
7034
1923
6026
2826
7477
2014
1349
10458
9222
9636
7788
7765
1299
3488
6741
9839
6253
288
11700
1074
107
3652
10462
3417
2589
8576
1544
1137
711
2400
10163
6720
8179
4685
1146
77
10285
551
3026
1172
2253
2242
10718
1130
5927
1787
11504
3370
1323
1793
4376
2570
4988
9903
8110
4609
8112
519
7189
2682
6201
11545
10506
7479
7802
9814
9312
11071
11870
11805
10648
203
7869
1421
4437
450
4814
5327
3461
9210
6537
11403
11041
11877
5202
3206
2097
7963
10697
488
4447
9980
9933
980
8619
9915
4304
2758
228
10206
5680
7097
11343
2385
11743
7446
9379
10129
526
10353
8961
932
11782
1763
248
7532
11158
3779
8433
8189
6074
6919
2311
8924
5757
6570
10588
9756
2283
3923
5007
8860
9755
11362
2478
9883
8547
9385
988
836
4132
6494
8982
6281
717
5859
6836
6343
10300
5542
7442
11988
1057
1922
11257
10910
2558
10910
1479
5855
5897
4349
4356
7293
8868
10032
197
7628
8155
7949
8348
9151
3666
8936
6642
2346
7951
3771
6723
10737
5928
8513
3317
1102
3826
4017
6880
6487
9385
2446
11769
7582
6444
11858
9654
3248
11650
1054
1311
3709
7303
8683
8187
7366
1978
9997
1409
6058
1890
6514
4595
8849
2270
8789
5304
4560
7894
9104
8906
6166
4163
12091
2604
3050
4147
5317
8630
9364
5785
8788
9358
6857
3744
7132
8902
10194
5774
12138
10621
2552
2440
2440
8797
6709
3522
10782
6054
8393
7084
2632
5285
7497
6665
1305
3006
816
8757
2560
8099
3014
5756
250
6188
613
2858
11477
2309
1685
2101
6749
9572
4300
1399
5616
4699
10621
5718
12223
1895
7711
6639
3365
10506
6703
4466
3557
2001
6727
6243
6860
8465
6515
7591
9692
6032
8529
7354
11429
4413
10828
2931
2645
2210
10157
11447
4825
10954
5571
6431
6367
8138
8683
6368
9618
10697
11151
4927
9735
10522
3027
6157
4247
6923
7459
5983
2456
903
2504
5273
2372
1698
9949
3434
1946
5717
3225
5411
1649
9886
7527
8119
9157
8708
8554
11930
5993
5769
10373
3657
6619
11883
11081
1096
10249
5282
5210
3620
1600
131
4172
4591
5208
6555
2711
1102
990
1757
11005
803
11555
9032
7810
7683
8772
4714
10840
7620
4101
11723
9596
3627
11613
9940
11899
8848
9213
3464
11141
7244
5118
1827
8292
6438
10303
12126
3555
2941
4225
8674
6067
6314
8575
9381
3899
9383
9386
1878
6571
3356
11093
5960
5836
2784
568
2373
10657
4368
2654
2523
562
5085
10515
9055
12232
4974
7465
11206
11048
3160
7584
2594
10492
9047
2048
1939
1288
5406
7391
3889
488
8039
638
7044
10631
5232
12222
9140
5560
3986
4303
11104
3565
1142
4472
6693
11449
4766
9374
12268
6400
8099
7882
4946
2922
4404
3671
2170
11902
2
7189
3148
10509
5874
2296
7586
4771
6128
738
4084
3464
198
7887
12096
5384
10331
6174
3854
1167
4271
506
7891
1872
8800
4427
8350
1626
9552
4612
3747
11701
11729
11746
10979
5082
10847
424
5561
7097
5032
11903
6337
8395
11556
4017
7899
563
4353
7163
1265
3971
4616
4206
5496
1827
4171
5439
10426
299
9927
6719
705
11147
7948
7620
11130
8701
689
6114
5713
3929
2072
6496
6377
9066
996
1931
2891
5220
8876
6344
3250
4284
9523
10886
3284
3604
5613
5311
10408
8227
9164
3081
6288
7746
5894
5047
2418
331
2096
6756
2772
1500
6204
2587
12007
8329
3577
4301
7879
308
4314
954
7209
6782
230
561
3817
7201
1413
6233
8289
6726
8593
8190
10843
8817
4356
10144
4454
7382
499
6042
4817
271
3593
7973
8801
7640
5921
6107
3790
2912
7459
3136
11892
7259
2781
6446
2110
4473
9477
2083
8704
4092
9150
4595
6900
8360
2512
6050
10628
10985
10851
6889
9272
2572
1743
3449
9634
7029
5797
7751
10852
10506
7183
6982
1301
1766
11306
2501
10848
1428
3544
8184
9736
8683
8177
1087
9958
1168
1140
2861
9975
5502
1710
11755
2696
8699
5191
6328
5675
2522
4766
7391
2912
2154
10916
6522
1174
3371
9036
9591
6213
5540
10895
5200
7657
11457
2809
11793
6516
208
10826
5575
1280
430
33
8391
5914
10297
3480
4483
5996
11888
7162
10358
2089
7601
9659
444
9107
11749
1428
8989
7102
2228
11884
6348
8341
5463
8575
8732
1748
10345
7837
1007
2761
2942
8110
8729
9566
36
483
11714
11659
3684
4818
3507
6289
9511
283
3406
10544
8619
2850
8747
3016
4354
7992
8291
10334
6706
7070
6673
3230
11833
4630
4154
10621
11006
4603
11028
4216
11082
6762
11791
11653
1907
600
9028
5384
8363
11714
10092
903
10698
3327
10455
1704
11171
1636
1987
331
10485
2478
386
7124
12248
8445
8106
11734
10787
2371
3314
1521
4572
188
3243
998
4799
7652
808
1598
3754
1311
9647
11801
7782
11699
4805
789
7453
811
5369
2137
5864
1143
4947
8737
7009
6416
5325
6450
4202
987
3483
4395
8154
1206
5283
1301
2264
988
541
1360
11760
11818
4479
1782
11385
7204
7968
6542
116
5115
7822
7173
6629
1779
3164
8475
3936
2913
8565
6247
1891
114
391
5832
2670
9602
2417
10560
9405
8405
10293
12067
1403
630
855
1331
11669
11478
6202
10304
585
9858
5250
5063
9181
3276
10720
3804
7182
11591
10413
7645
1909
9215
5262
9225
7156
9396
4865
8747
7561
8488
2166
8300
6398
10576
11859
7577
4230
5375
4780
11851
7201
4915
2357
6459
8184
10307
5005
966
10026
240
3939
567
7071
2541
6229
11897
4449
1243
9287
2709
11950
3483
10401
9102
8604
4682
8536
7469
11416
10388
3440
5245
11441
3018
10619
333
11833
10575
277
687
9266
4707
11072
7485
2841
5106
2822
11256
2549
5741
8957
1938
8371
9215
5682
3143
2141
9605
1968
2912
8005
10812
2599
7191
12181
3487
6921
2181
6129
8791
5609
3254
11555
10602
11206
8138
9806
5254
7759
10898
3888
9275
10967
9129
10336
8765
11591
9520
11864
7226
10988
1921
11874
2525
712
6980
2984
741
11001
10469
12239
908
12164
8070
11520
3283
7181
1383
3645
7962
7278
6870
541
29
9923
10597
8645
2356
11234
1929
12114
6443
7259
10773
3527
10767
4753
7823
200
476
9629
11746
2712
9889
8839
2088
9865
8410
9283
1772
7931
7883
2466
5546
11052
2486
9669
168
1276
4021
11977
3558
7321
3177
717
225
9099
5043
9327
8102
12077
3333
2988
1761
10753
7552
7224
7198
7812
10632
5625
536
4962
11189
934
11027
10861
9034
1139
6130
2434
7573
3880
6315
7510
3407
8972
12063
520
7604
152
3473
6060
12135
366
2223
8840
8533
9423
12069
1182
4237
6905
11736
11931
281
4474
2920
3600
6641
8525
1583
8559
10591
2634
7937
17
12053
12184
9595
1575
2186
10180
7533
9860
1265
11226
12017
5897
9441
5721
2230
5561
5318
1138
8988
10810
5062
3824
291
319
12207
9150
3622
11315
5222
2431
5047
3581
896
5616
4461
5393
1146
9711
1524
11783
11557
1865
6551
9198
6236
9087
11213
10534
2728
11591
12007
3012
3461
3648
4913
2380
11667
35
11144
8955
703
7725
4082
8496
1637
8922
4238
11637
7061
7328
2
3805
2825
2205
63
9778
6547
3133
7688
847
669
40
5608
4717
4602
976
11863
1769
8800
4087
7781
4113
7484
6276
450
10302
10856
5142
11001
824
1159
8780
9707
9603
4849
1558
11416
418
6002
2432
2578
3673
10267
9686
5467
1228
2728
11286
9618
6981
10451
971
8055
6606
11991
11575
9387
11563
4880
2392
2167
6666
8644
8432
9251
2752
945
6297
1577
8795
11078
7036
10134
9583
6411
3358
9487
776
2651
4498
7868
8740
6438
4546
759
1847
9475
9426
7019
6754
1490
8668
6087
9953
11529
819
5516
9655
572
1544
10822
919
1029
6126
5335
291
7329
8157
6859
7680
1772
7072
7994
4683
9917
2109
10627
1720
9892
8669
3504
8582
8207
2271
583
1473
3423
8810
3736
10408
6768
11937
3647
6517
352
7914
1208
5812
11824
7088
455
1034
8040
3376
2689
11105
1802
7071
5028
6660
2705
5585
10492
2447
9972
6887
6603
12206
4256
11184
5755
5157
2603
8787
9896
8189
8423
6774
11753
4860
6570
926
7361
5710
4876
7902
6018
1006
5443
581
2818
4270
8025
11641
6256
2318
8792
11927
1884
7764
3005
6643
9957
3493
12248
7189
7669
2983
8143
4456
11686
10230
4490
9859
1296
2506
1608
11608
1867
10168
5314
2177
1990
2620
234
1774
7653
7165
9246
8941
10828
5418
11066
1875
11172
1493
6341
5536
10674
3472
11286
6971
12064
7176
6749
2762
169
5022
164
6918
8073
2259
2757
10026
11176
9056
2568
9894
7487
4250
9005
6957
11221
7023
9577
7063
2268
4923
4285
8094
10166
8043
1130
8660
704
5870
916
1099
5809
2777
7322
6434
836
9156
1689
11646
619
10161
5734
4054
8332
5139
6758
5340
398
11116
11985
4469
228
8701
7790
7780
1249
8341
4112
26
6649
6800
5666
4177
8649
4700
7171
2888
2003
7183
9919
3093
4735
9859
107
816
3179
1339
175
10994
10453
3924
12270
9374
2010
5254
8682
7717
1674
7913
5384
8503
11926
2795
10033
5112
7904
11993
10218
8676
7250
2676
6175
9152
3151
7037
8879
10697
11172
9638
6654
2830
813
3333
11427
608
3579
10433
7777
4541
11177
11907
8222
11147
3078
1277
3969
4319
11709
6142
5028
8933
5842
4479
8205
707
12001
2319
5062
3753
5442
3027
3588
5850
2819
5203
2805
10882
4867
129
1030
111
9634
799
11994
3006
2428
1388
5157
421
7638
1781
11634
10478
3207
3722
2423
5176
5490
4947
7110
6214
305
2893
4605
3391
7240
5791
3149
3862
1391
2698
4013
7105
2594
4069
2792
5212
3975
5886
7787
1067
2841
8737
9123
635
12287
12245
11210
8487
8311
171
8032
9005
3094
11417
986
10298
2905
4086
8814
10230
10995
6271
5424
3676
8977
3859
7783
6602
9778
11377
4247
9208
1833
2287
891
5620
2319
2070
8642
4263
2709
9095
8180
8078
10081
9604
1824
11446
8861
7875
6094
8944
11170
12255
9232
9690
4551
7168
6334
5311
570
1606
3895
30
5919
9524
2452
297
9637
5799
511
7495
9273
2652
11549
5009
6618
10044
7249
7360
10803
10243
5988
6052
3365
688
3681
379
2072
1119
11637
8989
10931
554
11747
9211
1617
9754
10071
9401
6962
1767
4213
9998
7333
6751
8549
2931
10706
10207
11374
4715
11351
1926
1397
9478
6259
94
8670
3455
865
2420
7372
6926
9421
3934
9785
1237
11018
358
2474
4828
10734
5225
12285
9298
6596
9510
10617
10073
1968
2049
7186
9372
10907
5787
9199
12223
7354
9819
3431
8356
10742
10765
4482
4080
11526
2328
1637
9282
1375
5364
3920
8921
163
11344
10547
741
9306
5896
126
1056
12026
4988
2043
6426
11316
205
2967
2429
5913
10253
1455
25
5526
7578
4599
9901
9266
8330
4594
11938
4551
6561
4818
11088
835
255
570
1026
8573
8765
1118
420
2957
2939
11987
3138
3901
12034
8514
1783
8856
8061
3650
2131
4889
3261
10388
5981
8742
908
3346
3119
546
9250
4934
6656
8056
5400
646
6381
3915
9272
678
3040
12100
7725
9981
2313
7031
3952
8919
2968
1071
7087
503
1738
3994
10683
3509
8495
5521
7644
6284
9026
5090
4828
2336
8108
5096
5644
5105
9648
1471
1960
8844
5387
5623
8052
10766
8509
6226
2287
10629
8342
11888
3747
6443
8752
1041
5719
6768
1615
7823
2750
4932
383
4500
2916
11606
5836
634
7452
11411
7669
4008
5932
7658
2024
3986
959
2984
4300
10334
3019
6272
5301
3461
3814
10812
10035
6180
8730
5897
8181
5862
9191
8894
7787
1480
11469
7939
9074
7506
4425
8908
7223
10957
674
10210
6990
2106
8530
4937
4469
5655
11818
5729
8787
8295
12137
7075
10858
530
4145
9838
11488
7796
12064
9859
9492
7925
446
10254
806
4123
1469
1143
5309
2401
3031
11241
4987
7300
10138
7395
5538
5095
7449
11776
9575
7863
11403
7434
1910
2834
2047
11805
11699
474
1099
1480
453
1132
4985
2613
12080
8164
3024
6002
9443
7017
3506
5674
2367
8574
2335
5198
2177
5158
2748
11422
5845
4087
5788
2020
602
6012
9036
11073
920
10058
3623
6812
4001
7026
3394
7714
201
4678
3056
11306
4213
9105
4460
5848
10360
5586
10239
8057
6849
3429
12226
11104
12187
1807
9836
9512
10117
9201
1837
5452
6951
1595
618
1094
7956
7702
5801
10544
6782
3288
11901
1826
7235
12104
2532
10803
11892
3954
3675
7536
10553
3679
3396
2597
8744
4942
6139
12123
1567
9177
4560
1333
10098
11626
7769
8681
4858
539
3921
8584
10183
5545
9704
1659
7961
284
10146
11132
2706
10529
9993
4358
1089
7564
3565
11928
5658
9906
12139
12259
10691
9403
1534
2260
2288
7391
8828
532
6314
11957
4609
6822
11949
3980
10442
3353
8189
12154
2721
1485
3284
2797
5212
611
3683
5009
844
10675
8465
10538
5441
1896
8541
4859
4973
6867
1117
11671
3465
9044
6051
6930
5670
11232
3340
9686
9678
2763
1767
8879
7216
11045
170
11087
9418
4388
5082
6541
5356
5087
3232
3406
7247
9084
4587
1674
6436
908
9256
3282
2211
8284
209
5544
10640
10407
5563
746
6873
51
9259
1920
7921
7320
9526
12049
6047
407
2241
8462
10016
2504
2870
6310
3020
308
12023
3427
10371
10577
9337
4043
11903
1675
8148
6589
3652
12114
7958
12121
331
9058
5631
5214
12093
12222
8057
4439
10849
10516
12277
11217
7765
279
5604
5363
5581
7952
2669
2764
11436
6010
1754
3372
9015
2814
9179
10979
572
12180
10150
2623
6827
3996
445
10246
4849
1091
8588
8334
3569
8344
5459
8454
10101
1212
5243
1045
6513
293
7110
6396
11728
1643
8606
7818
10919
2163
8536
10274
3987
6313
2162
725
11039
2905
5168
6265
9583
2875
11587
8665
2513
291
10278
1833
2073
6872
9763
5767
10420
2414
6549
7685
9998
10490
2888
5985
10946
2852
2612
8367
4440
11905
5156
1196
8432
2413
1431
9224
1939
9014
6412
11833
2278
11327
11103
2238
8343
10951
1305
7095
9976
467
11920
7485
5001
3250
2278
3687
11307
9284
11414
7358
3926
10765
8062
11612
3894
10226
10975
6723
5877
1988
258
7170
5157
9778
2715
3501
11259
9754
9937
2928
8954
6275
11988
342
2762
821
2343
5801
4996
11222
1312
1893
507
5442
6749
6176
229
6821
5170
6172
6880
5477
12094
9802
6243
11303
2002
11778
9118
1926
6779
3296
6521
8205
8799
1482
5728
1437
6212
5863
8170
10432
6567
8739
1931
4413
7936
3283
4171
6567
8838
8480
8704
3950
4690
3522
11263
7939
2740
1759
3605
11833
4894
1376
738
11598
511
5826
5805
9527
11712
4017
11476
12178
5058
4348
1398
4855
9420
1091
9144
5390
3129
2138
8155
4903
3812
8393
10668
1936
7270
5943
4452
7921
9247
8640
3531
2234
7755
8965
10274
1749
7129
8350
6123
367
5793
6399
11778
8679
9320
9534
3816
9553
9806
5478
7172
1248
2532
6962
2953
5206
5404
4603
12196
9871
6412
8173
1156
7893
7911
1051
8888
9906
3888
6844
10802
10735
11864
7384
8987
6470
8421
11387
3832
2505
9098
10349
8377
6399
10754
6618
6652
3200
4099
9490
11597
12020
1698
2250
10806
10065
3143
7604
8034
9869
4920
3348
5984
6742
9300
8400
10221
11127
9219
5524
7474
1289
3473
5772
4442
705
4413
9445
2873
5570
6197
2860
604
675
9076
4484
3338
6095
57
7373
976
5364
10578
1098
1723
9040
1451
9811
3256
1368
5798
10038
3465
12189
8388
11268
3843
3848
8117
6941
9630
3949
5184
8196
10471
11563
9015
8185
8063
5358
10778
11017
3528
2296
4693
973
5583
1424
9571
6422
1841
4255
7718
6327
7298
1759
11492
7065
9399
8056
7814
8162
10625
10794
2556
8195
4553
357
10205
3737
6683
3395
2708
9697
6020
8047
4127
997
859
3438
11153
6842
651
5124
9791
10
11194
2847
9553
2726
3015
8514
2777
10605
5761
4626
5658
6983
3110
361
348
3651
5734
9875
5824
1974
11003
6094
11634
10239
9841
6693
11076
7137
9338
4105
3385
2651
9404
3047
2619
5234
5193
3305
871
1969
8774
4408
310
7324
1756
7484
4428
9283
1157
4262
10405
893
7365
8302
11973
1319
1906
8262
9186
11921
5961
9983
2119
1097
4617
2663
2023
9598
1919
7151
9710
11288
2817
11157
886
9209
11803
7792
9968
10992
4390
9962
8251
3286
8546
10444
8250
10813
2662
11737
1699
5519
12097
5397
5936
10153
11181
7575
1208
4289
3027
92
4895
5733
7148
9494
9809
1359
537
6305
2184
2783
5104
4699
5989
8041
218
436
2803
11921
3493
431
1466
4204
1579
731
9776
8319
2701
3007
4512
9870
9849
11049
3733
11272
6195
3902
999
12024
1840
368
7451
4648
9939
11077
4778
11813
12031
9390
4336
78
8462
5042
4479
6285
1846
9288
9741
6502
1206
3073
12164
1525
3923
5336
10592
4419
6896
10693
2594
11946
9323
11159
818
6949
8598
12208
9479
3934
10922
6059
10114
6911
8775
9475
6518
7051
8722
684
3634
6719
10146
3145
10913
5119
10058
11798
7115
2595
6511
679
8782
3030
10305
6106
7605
2528
7869
11900
8393
7491
1302
6142
11791
11593
4299
3272
9985
4667
8958
3384
10115
3387
4079
11504
7033
5122
2425
9641
12205
7849
1849
10072
9480
6384
4101
8197
5591
10768
11587
7078
6664
3024
1350
1023
7878
11075
460
8520
10935
10423
1185
1373
4405
10717
676
8801
152
11524
11922
3903
10910
237
3301
6540
1574
11438
9313
11657
5814
10086
1177
547
4092
3210
1576
7642
8938
9853
5966
5630
6659
4909
980
10034
7963
7718
10990
11467
9113
1689
7930
2380
4932
7566
8499
1895
2763
11601
5868
2460
1631
5612
7992
1433
12034
10058
4116
8007
10352
8385
12058
3184
2893
5700
53
9518
12075
7017
11484
3840
3956
5803
5615
10237
8828
1426
2414
10891
11346
9795
5277
313
1217
10411
3284
4851
7492
2441
8890
1192
4222
9053
7702
2628
4943
11366
7688
2875
12240
10049
6890
3520
2510
9634
2170
4241
530
6512
11047
2164
7673
9339
2535
4117
2604
3807
11159
4451
1983
610
2080
7197
8924
2667
11748
6611
9972
1198
9073
9420
10816
3490
429
6572
1235
2338
9823
2491
10312
9279
11581
6584
10600
10561
1750
9421
8307
192
5566
785
2511
2800
9139
5597
6289
3065
10282
3015
9054
2226
4967
5025
3400
470
8659
6958
3795
6825
181
1708
6731
989
522
11221
6594
9489
6031
7625
10429
11728
3801
2826
11489
3875
6360
2287
8127
11116
9782
1787
4244
691
2233
4587
4531
4884
4056
3482
7314
5609
6582
12083
10014
5147
11818
4929
5103
5298
8337
838
7799
10668
9851
3873
8880
157
2090
23
2495
7480
7314
551
3737
7919
4753
10483
580
2547
588
5285
9395
11923
7440
10017
5883
6840
2558
6578
11341
10704
4714
2751
10551
7396
8277
11659
3408
528
8053
5150
11181
4663
11390
10628
352
8698
5419
3194
2102
6653
3940
12046
1284
9386
10033
131
5489
4271
10000
523
3342
251
9815
7434
4838
8940
5025
986
4110
1300
5732
11489
7629
5027
8974
6189
8965
2301
773
6021
11930
5234
7851
10582
8604
11590
7859
5030
1706
9023
11692
8144
7348
2958
9786
11793
6553
2181
6473
3870
4529
2761
1980
10251
96
8945
11137
11156
12238
5765
328
3236
9360
3404
5419
10076
6394
8247
2364
9370
5398
3570
5153
1617
10615
11924
2918
7799
2991
6574
3090
1911
10571
2626
7692
11873
2581
2860
11593
5507
2009
8070
6977
8775
9812
549
6635
7849
10670
10325
2201
8007
2171
493
9804
9483
8768
2302
11738
3111
7638
4830
3694
8299
736
9588
1854
8577
9691
6212
7628
17
11631
10853
745
4110
1298
2561
8244
4876
10840
945
4962
195
10639
3584
6983
8464
5748
6601
3059
5482
3326
2459
8162
484
2595
9031
8517
8403
9942
3854
4751
3836
11464
2969
4701
9439
10539
7472
2553
8140
2293
8633
242
2247
6942
12217
651
7522
12112
813
7802
11342
7404
6447
9646
3924
4845
582
3782
7516
9782
49
6459
11959
6109
11340
10107
264
6480
8076
8729
5560
44
6879
11459
2320
6913
10575
2352
7863
3272
829
1828
11057
8705
923
11243
3015
5284
9840
11769
3409
10356
3618
9947
522
4467
4498
827
11433
952
9217
7621
11191
1023
1437
5713
382
1140
2191
10661
10480
1284
8830
11089
9130
4347
98
1310
8953
3582
5230
1551
11929
5102
3018
11578
4680
6723
8377
9792
12146
11667
5877
11230
136
10325
7847
5971
8993
9303
1597
6419
11524
9179
3101
2772
5901
5273
9639
5116
7254
2836
11127
1295
2410
8484
1366
5067
10788
4914
766
3459
6568
11760
8992
9799
6926
5928
523
1198
2789
7286
3444
4889
9474
266
5136
7183
1027
11163
338
4101
6013
5846
5535
10438
8594
7078
11544
4790
11877
4987
3468
1050
11881
4454
11890
12224
2658
9321
11360
2402
1371
10134
4139
5360
6375
5220
8623
4365
7804
4752
8302
10711
11405
9351
933
7114
3301
7372
1008
7655
12026
523
11810
2224
11790
245
8780
12170
11081
7667
10542
9094
4463
2354
8182
655
6017
9953
6621
6554
4738
1230
10549
680
4652
11363
11168
6059
9774
6344
9513
6369
8752
3408
6204
2706
3082
175
2628
3852
3353
11746
4246
11333
553
4613
6085
6047
9428
3998
6903
1470
7848
1292
11367
8367
251
11167
3887
605
5954
5936
5345
4395
10091
666
1221
9837
9862
216
10056
4113
4143
11050
3211
3902
9016
2205
1254
11453
5443
7137
9036
7847
6430
3865
3442
3753
10448
2837
7300
4689
961
7042
6302
6317
7609
10249
8634
3374
5232
5418
12259
2640
1672
3970
8300
5686
466
11061
343
5093
192
8112
6935
7782
4107
11188
7746
10228
6655
2518
8824
9346
4991
7511
2054
3113
9044
5045
6336
7663
10857
2372
3886
4749
7200
10282
1702
12070
1387
10100
9147
10832
9700
3513
11999
3543
3296
10253
4390
5298
6317
1845
7011
8403
6971
5765
5443
1837
10256
2600
8796
9338
3585
5668
1226
9127
2882
7977
10601
4814
326
10823
7138
8538
3748
8352
9482
453
8312
6997
4902
10996
5813
1342
9836
4143
6130
5084
8733
3049
6043
2275
5320
10463
10801
9496
1123
7915
155
5266
10885
7496
4869
6954
9352
3858
9093
5063
11081
8546
10148
1856
2294
3715
9889
278
2930
2783
8216
8191
10187
1911
4436
11632
8984
4635
1936
9909
9257
4202
5576
7805
5410
11060
10805
3924
7323
5787
5094
10664
10693
7605
3115
928
731
10075
8824
3981
5820
8355
833
10968
1700
8848
1999
955
2386
208
2374
10652
6575
4114
10679
6842
9998
6617
11209
2835
1515
530
7170
6673
4420
5528
4563
2688
4128
1567
11373
5011
452
10648
6096
5258
9112
2192
4662
2451
1151
7395
7851
4586
10911
213
6716
9386
5505
1118
1073
1925
1764
3859
8446
7908
7508
11948
469
10773
2920
3278
2746
1001
1063
3976
4611
10800
405
7318
3416
8166
6142
6323
9151
9458
11986
7048
6323
2215
10355
11340
782
6195
8347
11787
5792
3742
5195
4125
413
8418
9394
11921
4076
3833
7575
2930
1445
8333
243
7909
5522
8678
1865
7291
2071
6680
6360
1282
3656
5770
5427
9264
8150
1849
3688
395
10809
10001
3842
401
8122
1471
119
6873
3037
11937
11124
1014
5364
11428
11502
396
8781
11720
6738
10997
4540
4926
5923
2193
6513
9789
4310
9150
1058
1155
4979
9100
11814
1796
2181
10439
7946
9184
450
7401
8843
6091
4756
9387
3362
2136
3226
5401
695
11000
12197
8163
7752
7167
3172
6250
4885
6758
6897
10592
2038
5473
3411
9414
8924
11151
4086
5435
891
535
4095
3962
1247
5939
5290
7673
10305
84
6154
6952
11061
11708
3152
815
11909
10847
1410
2122
10969
6619
6994
10724
8304
6648
7524
794
10967
9593
195
8908
3185
5228
4862
12074
2887
2901
1551
8743
9465
3435
4625
1422
2873
11336
6498
10018
4728
3678
10489
3514
9570
5636
1858
3202
12081
6920
8531
558
8744
3640
11081
2213
7953
6941
7338
8288
4818
4562
6234
2141
11336
10405
1506
5505
7412
8234
4864
9472
6270
6051
400
11790
1318
942
3971
7267
10750
4033
10306
3395
