8178
8152
16047
4887
3096
7244
8872
14843
9323
7122
12393
11170
2518
5299
3385
9555
15190
2804
4327
14856
6122
11818
12393
4067
15546
3077
8355
15611
10677
14761
10827
9713
2117
8689
7856
750
13137
4126
5293
2345
5496
1506
872
4093
603
8479
1268
7241
13393
11323
13048
433
1591
4847
12976
751
14532
10380
5682
13986
4814
6885
10318
1101
4237
8135
3394
9662
8522
4465
5392
13978
9444
3601
14415
7352
1595
8843
2402
15761
2134
12717
12494
11652
13425
2747
3501
15178
14586
3827
9895
11227
6226
9666
9537
5261
1018
4976
3636
8418
8253
9586
7535
8141
5800
10543
9292
3669
6378
2548
2017
6446
4515
4531
2284
6113
4905
2817
2125
12704
3773
10519
2058
8615
360
6395
15495
14633
1457
9085
5504
9752
4404
15221
8299
9742
6689
2928
4020
6082
6743
16149
13534
2084
68
11423
2324
8627
13368
14467
4213
11848
101
11613
642
10712
5131
5960
12587
12483
5007
15021
346
3533
5078
9022
12620
11067
9192
12856
7280
35
5523
2035
8759
13187
8982
10968
13950
6425
12511
193
1306
14706
15846
15755
10424
8536
2242
4512
5062
6666
1292
4939
5884
3838
7950
8371
11499
14381
11125
13722
15448
7376
3456
1387
3173
11398
8203
10348
13211
11965
15800
5908
15269
12373
10933
7193
9816
13778
1376
6291
6603
7585
16037
454
5756
6883
12088
7731
13733
8275
9500
7805
11512
7457
12219
6881
4910
11978
8491
13067
5178
13630
1033
9304
9435
5144
12117
4098
11618
8727
13380
7594
8383
941
10382
6527
6013
7246
2661
7726
7681
12169
13573
9816
6140
2047
15661
14063
10103
2396
5871
2667
11470
3449
10093
6514
6763
7128
5943
14014
11567
7548
6602
11850
8995
10164
7070
4164
8187
12162
15419
11067
9799
153
5252
7956
3562
2410
6003
3704
15435
10598
7984
11674
6535
11347
709
13312
5614
10050
3820
11314
3865
11280
2752
6630
762
9247
14299
13733
4966
12470
12859
9990
6558
10375
13960
11183
4958
3304
1011
5588
10838
1817
5827
3806
4470
260
13598
3562
10712
15323
3388
6530
6971
4191
2095
4932
343
5601
12312
15718
11459
7518
8598
5753
15697
6768
15560
450
611
12318
7938
5843
13968
4853
1448
8663
8556
13072
5824
2509
1184
3263
8821
9870
6132
10523
7301
9166
13651
3617
8436
5740
12316
10691
10523
6560
11476
8074
6132
3888
4972
6260
677
13668
6802
13352
2089
8389
7196
14186
1316
13842
8275
14636
2727
10296
10363
1138
11097
9624
10872
5786
2623
1126
281
8431
8432
15297
3569
4787
1616
9806
3818
11324
14793
13468
14277
14552
13125
15083
4577
4327
6556
10014
10569
4924
13615
264
4123
6372
10047
505
11715
169
7415
15449
11412
14259
14064
11609
6347
7639
12092
7661
2511
1337
1126
9713
3943
5171
2657
11202
4672
13768
2653
1367
2383
1680
251
15894
7437
4711
9474
10092
6131
14092
14399
4343
7985
10582
150
2423
5006
15823
7410
10089
4560
4772
8736
6620
16271
15556
1435
2100
16316
9674
6905
7835
4695
11313
522
8386
4573
9067
11297
15629
5697
15939
15948
3763
14577
3382
4239
8225
14755
10097
1690
3810
8379
508
7306
6880
11778
5087
8402
13968
10160
1168
5677
2390
5637
15204
11917
13450
15609
8411
2018
12414
2011
11491
6905
12944
2235
14651
9626
4105
9984
4012
11624
11464
9959
12368
11346
16156
3561
5237
15094
10759
7169
15791
3516
3071
15090
13070
8498
5092
6447
3584
16349
11481
10787
11307
6022
11664
14044
9640
5110
11581
8063
4135
10966
8270
14268
6670
11925
4059
5258
11933
5490
5105
15637
13374
296
7812
9263
9067
3259
4972
4053
10296
10722
5466
13873
1781
2519
193
9028
5501
11784
15670
8788
4779
13831
6400
2131
3523
13720
11763
7168
3026
7349
13333
11876
14097
3611
16294
15757
2514
5159
10939
11897
14472
5618
1778
9030
13654
11562
2271
8196
14586
6755
12023
6020
4854
689
894
15899
4230
5178
3999
12750
7143
4295
6122
11385
15841
12831
14499
461
10049
8399
8770
9139
4282
7458
14927
15866
6354
8550
5060
273
14008
6380
4950
11666
12353
268
4434
3370
62
11724
7512
1579
11640
13823
97
87
5297
4225
15771
1214
9999
9119
466
7095
14174
4451
4369
5280
16073
2600
5266
4497
16337
9749
2362
12215
3436
12420
13789
1968
12707
1236
10429
7043
3066
3007
3219
15328
15635
14455
15518
5514
11204
10875
5944
11884
1819
11432
12778
953
14890
4491
13235
3902
15172
15029
8152
7016
61
8263
3597
7723
2158
9281
6068
1771
14084
585
7099
16107
10550
7228
4460
9672
11037
13493
13870
5282
14116
10233
2194
13488
1502
2177
9717
11962
14179
974
13674
5939
11834
10623
2925
10919
3983
1154
11972
3596
16083
16354
4591
7491
12612
715
201
16139
9757
3370
5904
13366
12432
14037
2018
5943
3047
11720
6046
9930
11381
8816
3829
6615
14193
2216
1792
7460
7218
5929
11781
8662
12411
16347
9811
13038
15827
11504
717
13819
12310
5389
429
7587
14651
5977
3076
9350
12221
3963
11960
9701
15452
1189
12413
6865
15596
13376
8001
10609
13165
724
5024
14420
7853
6587
11957
12015
479
10380
8651
13031
8076
11387
5355
4801
14542
3321
1289
8072
3680
13402
248
15086
5028
4874
4806
3393
14623
14492
10049
10559
11768
15903
14974
5153
2064
13977
12616
10848
12296
11552
71
12272
1061
5992
13054
14790
12081
5189
2272
3088
4007
2417
15171
15084
4524
14960
11239
4482
13528
13552
2052
10579
4411
9042
4775
5275
6779
3296
6268
6188
12670
12383
12159
2377
11867
7852
15011
13086
3845
3489
7746
3299
2872
5844
400
11104
7763
12063
11802
4112
11508
10396
11294
8393
5412
16162
12665
11563
15408
12116
9239
13576
9378
10631
4429
1235
3373
9040
267
13
4427
11538
7725
16168
8883
15172
14566
3309
15899
10453
6423
797
14874
11597
11050
7450
10294
14240
5342
8686
13544
167
11664
2524
12342
3243
14084
10391
14445
2987
7580
9689
15032
3911
11250
10123
12623
6573
5306
10187
9507
23
2004
10245
9886
7977
10681
2154
8928
864
14505
13581
15224
573
7699
11727
14180
15666
15671
3861
2421
8143
625
6677
14439
10519
4865
14206
13083
4338
5582
5072
2482
1724
13331
14918
11165
3542
822
11128
16031
8214
1489
6966
11755
4035
5093
9147
15934
13067
10605
14656
10757
15296
14351
14759
16085
15997
14780
14110
2919
2517
5688
14448
3676
14407
9011
1250
6324
14677
5012
16295
9303
3251
719
8815
4558
2574
14936
1860
7447
12045
11940
10646
5325
514
4711
16095
9311
10544
12415
6290
10993
15592
2129
14088
15086
8476
2398
7802
10954
10141
15798
7001
11892
9437
5408
16111
1727
13693
14072
15996
5820
10464
77
12324
8783
15031
15554
13552
2093
7588
8250
2806
11930
13347
13853
2487
8020
11580
8305
2502
3663
12291
478
15861
8941
15601
1866
7749
11292
1411
13912
8628
8856
13497
13612
12280
9869
10659
7077
8533
13769
15707
6626
5589
15776
13651
1104
2448
13964
3420
8323
11740
830
14991
12570
11542
15422
8367
3755
10345
5420
1764
12227
10720
12844
11898
2834
9549
14563
79
10980
8753
11373
6247
13059
10991
11740
4860
11319
14452
13576
8437
9877
7754
8355
12685
673
1907
10538
15787
6304
9972
1262
2140
4490
9504
8095
2225
5611
2742
8790
11461
7208
2533
4727
7440
7474
15905
9493
1333
4666
6669
4455
12601
15650
4053
3197
15071
12569
3321
3345
2125
11420
4691
16303
15052
9021
10138
3554
6048
5374
9508
1292
9587
1325
6244
2730
5635
13056
793
12916
2073
802
7439
3757
7830
809
11319
199
3931
10323
12936
9966
991
12423
2484
9151
7162
3027
3866
509
16241
10636
7188
258
3136
6390
2168
10500
13704
913
959
9684
9652
16184
1388
6043
11510
10320
2634
12556
14790
6898
2380
15846
15267
5889
10897
7467
2520
9354
4845
13752
11144
7258
12510
5930
11223
238
6938
5755
2880
10160
10910
15162
15325
9931
7140
6718
5084
3351
4869
6397
2044
15011
7788
5895
14550
15833
12366
6928
15838
15719
5896
10551
3204
13702
1387
6962
2186
14663
21
2825
14279
12374
5043
5611
5530
10428
1286
15579
13751
3849
8726
6186
13139
1037
15251
8979
14973
612
8496
8723
254
12627
6240
13774
3295
2747
9229
5052
5125
15528
15913
656
12501
10370
4772
13977
6258
15966
12700
345
3300
6793
6393
3568
11172
11317
7956
6380
5206
1595
4542
12690
13445
1287
8922
6001
6845
9735
15907
2441
1188
15760
11757
11068
14008
8058
1541
10156
10254
3851
4816
496
9252
6687
5908
1230
8689
13018
15623
11956
147
9645
5199
3591
516
10304
2384
239
15316
5352
14348
8375
5591
13391
6050
2405
2730
8209
12260
8175
9657
2517
11113
6076
8594
2780
243
7563
4079
609
2886
2354
10635
12543
12274
8550
15636
1451
892
13880
10513
1688
13948
5903
8573
182
10728
2653
835
7960
14172
7776
5815
15764
2242
11045
13125
4463
6236
2440
9101
1561
16034
13843
9426
5690
5406
980
4218
6071
13341
14191
9197
7847
9538
4622
14762
13901
1438
15788
11540
435
13333
14355
5543
2398
8977
10358
7922
3834
3438
16234
11161
1833
5393
8678
5289
11239
6099
10507
10493
2853
13039
13808
13146
7103
4895
16311
12096
16342
9336
13046
14924
7858
5569
7586
5533
1982
9078
11047
5240
8365
13186
16314
13464
12486
3595
8458
13707
15434
14972
13958
7208
8928
12986
4848
3712
9894
347
14695
12149
11931
8998
980
11815
6055
4703
10321
7452
308
4405
7021
4658
2990
12625
5438
7644
6571
5855
8451
11476
3377
3740
4676
11614
4387
7069
13184
15429
9632
5794
7600
11004
8540
8598
8222
2672
3537
392
1833
1051
2231
1959
3916
5194
7402
1690
7441
5024
8019
16378
9537
8642
10
12984
1147
8700
9147
13243
15214
1264
15247
2394
1063
14744
13033
1734
3167
10873
3761
15194
1063
9105
14967
6352
8710
16114
11611
6607
797
306
9830
9704
1918
6758
5871
14853
11694
9576
9412
8102
13496
6315
4234
3872
10937
13913
16295
358
5227
5042
1909
15441
10419
10155
2305
3403
7747
8386
1554
6114
6924
5760
14706
9729
1980
7376
13892
8877
10899
670
13974
1710
4563
11935
1636
5551
5307
5915
3109
5602
9279
3284
14549
16307
15295
14130
11717
6987
4044
10289
6078
12100
6734
13659
10758
9790
5389
14223
11947
6919
3423
2629
10274
14196
6405
2403
14253
4008
3604
10467
11227
6493
12709
11516
3861
13784
7146
8312
11418
8525
7378
7354
14777
9911
6443
9211
11637
3300
7586
766
8033
7680
10337
8039
8875
11190
14112
14849
126
9481
1847
13683
13259
16236
14726
484
13976
755
533
13109
3029
253
9914
15853
1651
6056
4837
8692
831
404
9765
11162
10841
562
12218
13232
6378
10471
8041
15194
14070
9356
14637
11552
7692
6105
11455
3289
16333
8439
2977
12263
789
11189
2976
13836
10098
9052
346
10348
1975
14325
7150
13108
3537
9321
7159
11144
9387
11429
6849
6409
8929
15227
12925
2589
6900
11167
726
11564
12342
7277
7515
16243
1835
10129
14629
14496
10500
16371
13926
7211
509
15027
2028
12418
5682
335
8662
3569
6989
10631
15936
13760
5880
9151
5340
14287
4380
16227
2677
14838
12151
6063
342
7011
12258
10856
4688
1743
6359
13099
11796
7068
9995
10862
8980
5745
13838
15693
1325
14263
174
6494
5171
13402
10519
806
14816
2223
13651
14988
14928
14255
8542
9723
15159
13977
4039
3307
4116
2936
6618
11312
143
15951
5165
4062
1183
5595
5883
2225
923
8128
825
10767
988
12986
16060
15778
3154
6727
16069
10725
16050
7642
14728
15837
1253
893
5975
7932
13941
2566
11217
14412
740
4705
1465
12938
15287
2315
5028
11692
10448
2992
2864
9886
7650
2618
13999
10183
7417
9249
12354
496
6360
4998
10995
15399
15523
611
348
9147
2808
3852
1635
2062
2928
15324
4648
3479
10013
7361
15319
8306
1558
13589
8016
3415
10816
10446
11364
15172
1012
13043
8254
10998
12277
15311
6629
5215
15222
10180
2140
6651
9618
5763
1750
13400
13654
898
7293
12894
2563
13306
9768
12044
12126
2925
6348
4519
10182
4027
8826
13159
11769
9776
1563
7132
10268
13689
16305
14359
11591
12169
3759
10633
11640
8068
14719
4114
6474
1710
5317
12383
2142
14306
9266
4291
3958
905
3274
5102
12553
6692
16157
9616
12564
6126
15928
15854
5574
13209
15221
6077
10595
13824
1813
10863
3356
12446
8445
14728
1650
11242
10844
6394
15225
7825
7077
3083
12383
13735
13233
438
952
15014
1329
12367
10172
9981
14639
14723
6803
11055
11958
2090
4377
2702
16135
15695
13098
13690
4765
15091
4041
8128
15436
13905
14500
14762
11774
6272
2643
12959
3868
10629
13152
1670
5878
3675
11338
4563
279
4811
2474
8428
3029
13583
5265
879
11134
3495
11724
14471
1534
11339
4489
13233
3997
4955
11838
9883
781
1263
3711
7611
5989
6356
10806
2944
1721
2163
15833
2278
10026
9417
12146
267
3573
15474
2862
3424
12765
5861
330
4319
7005
7688
15912
6505
2735
14644
1435
14591
4883
261
6621
12954
5020
2031
2098
16258
7408
13493
10686
2675
4919
2666
7526
2345
5802
1195
7152
9276
5685
13575
3524
1302
13777
1861
9373
10703
6925
15227
7888
3351
1406
11967
2255
12812
14763
12209
2204
6238
4111
5210
2244
7544
14434
12338
14157
6001
5121
10550
9260
12805
4347
12855
7198
12050
7376
7631
2993
16071
8203
125
713
7218
2846
1251
14420
5848
5708
14451
5649
13007
12780
13911
2977
13994
4984
13045
16131
13127
8335
2572
414
10741
10711
3539
201
2178
4198
11859
1675
5851
1135
14057
1242
11543
3929
326
15050
5415
1935
1022
6073
8922
14752
15408
10104
345
9577
4174
3261
10808
8456
9968
14863
9176
2793
13617
11630
16214
364
12136
1471
4457
3330
15131
14589
4402
1206
9912
5247
13320
4954
2741
6322
2338
4750
9302
8962
14117
11850
12087
3468
7304
14887
13843
5626
12206
15305
14777
6539
8219
6998
10920
8422
1114
15571
15273
3891
16171
7401
4013
13387
990
13943
2989
10679
3217
11240
10707
9431
10805
8587
15876
1970
13922
9322
11975
7616
11653
188
15380
3588
2705
10286
10285
7146
7335
710
2439
9024
7192
12225
4984
6510
8302
14366
11801
5359
6071
478
13286
2512
4386
2848
5372
10310
3035
430
6513
6602
3740
735
4476
4423
5580
7686
7234
5267
7876
9863
238
12801
10614
9620
5834
15240
7680
240
15255
4969
15591
8721
15810
10198
13505
12507
2499
7318
3505
5340
16342
735
16073
5337
8253
14243
5981
14692
5088
8629
12959
646
8798
7079
8718
7614
1665
15254
15490
10047
10357
6051
10205
2519
7414
5912
8859
14697
11205
13195
1643
4960
12946
15064
1792
8617
13973
2691
10015
2400
9233
706
7141
11945
9935
9032
8503
1214
7257
10269
741
12096
15644
14599
13200
10307
4390
16
782
2466
2788
7554
5777
8888
2536
9560
5899
5113
1015
4877
1581
2233
9283
5508
215
12750
8872
12769
749
5135
13202
503
1309
11160
60
13117
12696
6695
1602
12745
10042
7914
2954
12610
3202
12610
4946
7604
6265
10757
6216
7440
13984
6274
10644
3584
6063
7874
11219
5634
13215
8905
5679
9267
3085
13148
16318
12678
4609
2905
12102
4062
7967
4156
12901
15772
13526
1141
13804
2623
1240
7365
11430
78
7802
8743
9679
10107
9070
15644
14289
5186
15150
2322
12513
12902
2367
16143
2502
12021
7518
3768
15268
11976
12934
4368
13508
10166
9553
6057
6341
1118
15371
9301
1548
6556
13452
12630
15022
7771
12529
16325
15344
12452
1973
6558
3646
5923
9277
5590
15095
2836
13741
2803
7237
7205
944
6240
12003
10891
15974
1409
10613
2380
10523
3331
15803
14626
14239
3380
4938
15322
1253
628
8368
3547
835
860
7393
9418
14766
7314
8537
11992
10915
15916
12282
564
13170
10101
10004
1359
5651
14315
12031
4090
8912
13992
11019
13032
9801
1678
14922
8245
15015
7693
9912
6617
700
9113
3865
13872
12812
11732
11078
10089
8843
13458
5897
4883
15602
10919
15368
822
6434
15806
13471
14244
14112
7323
6113
12065
6560
14327
7394
15935
11630
2211
8504
12841
10471
1805
796
9132
419
10341
2969
6282
10217
10227
14729
14403
1424
9235
10391
4280
14576
10824
1705
13631
4229
13486
6959
14587
9749
16199
8307
439
11431
8542
285
254
4346
399
9160
6373
9201
13363
8545
13758
7747
11680
1984
10257
12456
6688
1658
123
7348
4574
4361
3396
1676
9612
9768
15271
206
13439
14895
15798
5756
7882
14013
3534
9991
5937
15928
8077
11970
15931
3336
3973
8447
5011
5409
8017
16070
6332
10187
11070
319
10339
6562
12279
1315
9085
14710
1183
1096
9194
13987
5875
6203
211
12572
7452
631
8425
7147
12060
1223
7325
13637
6254
13096
13145
1643
10527
16382
13416
9677
1464
5240
2291
6935
2392
8383
7823
1657
14909
13932
5505
15948
3559
5682
14507
4091
5023
7371
14503
6708
2679
12462
11072
13497
7140
4332
15804
1807
10530
9656
23
16228
246
13330
16121
5613
14868
4418
7456
6804
6563
13054
2710
667
11639
14161
1118
5253
4857
14839
81
9816
3752
4828
5714
6894
16059
1263
16345
240
15014
10748
16356
8529
6626
7576
2491
8515
10216
2564
2655
2211
14326
8967
14971
7802
624
11673
11310
9723
3677
5685
10850
5734
3474
14951
779
8275
4434
4868
14246
5239
250
8526
7062
4309
8474
10313
11251
11639
12818
174
14234
4336
7484
16143
10307
4518
8433
4274
15485
13478
15983
4197
7523
11958
10010
10597
9701
1909
1262
16291
10230
14021
4057
15499
11351
8572
9523
5427
16194
7403
1936
11343
1062
1995
15125
10194
14206
3835
2531
9988
15358
10171
12466
4813
6541
9711
9440
14672
6178
13185
8753
12978
13081
1866
4939
15645
8726
15640
10734
15286
9670
3625
7395
9289
10881
12604
7304
10876
11708
3288
12552
15126
14021
9027
15076
9453
2567
4493
9539
5189
14339
71
14313
13783
9859
4449
5748
11351
10469
7201
15667
13996
16217
4735
8726
1443
9808
13323
4926
6194
15773
2678
9642
1354
12308
12969
4271
13619
5305
4270
11797
14644
2989
13606
4235
280
7039
10293
4709
3441
3802
5963
13145
12680
4773
1932
10762
420
1306
1356
5001
7729
9261
9297
10187
14175
12743
6838
4876
7878
7371
3210
8406
8365
9891
3995
10654
2105
10047
16008
1686
4702
8803
5792
9259
2501
15818
6473
736
13329
11556
13205
3160
15720
6162
12283
4758
10553
14695
7290
3671
13774
13103
11340
2355
6581
3802
5386
1104
9597
14037
11816
3286
8694
1208
5686
6332
7853
6544
8902
15402
2010
13895
9489
13294
8132
8978
2606
13758
6870
6087
4484
9879
617
5954
12803
12858
2240
12767
6053
536
10428
14918
616
1075
666
8361
15580
1698
7810
5589
1182
5720
15569
941
13316
11433
119
7079
4376
8094
14264
2220
2874
12856
1993
10135
2579
9401
13152
196
5293
13725
1040
1296
5436
15639
8592
2110
1744
16330
3418
769
11911
3776
2433
660
9482
12859
3861
9479
2395
7900
15212
11529
9561
14223
16074
6114
14212
6828
10699
8509
10249
13585
10533
8491
8497
15002
5643
4614
6529
11247
7943
7941
11574
1847
14264
13295
5046
2812
7843
2563
2260
1266
873
6676
13902
198
15703
11943
11189
4338
10765
15844
15751
9542
6663
7788
8527
11407
1203
10227
3500
566
10452
2045
14587
11914
3404
4246
8497
9698
2309
16268
5681
1877
2806
1744
4590
4671
3117
1268
13029
9036
4453
15920
461
835
11530
9753
11179
3344
8133
16246
10678
10983
10534
15024
12214
828
11214
6193
210
2805
10676
11973
11008
10597
2779
3714
202
13676
15933
1362
7157
8096
3494
9007
2738
11740
14585
13944
9687
8610
1617
11332
10473
5858
7646
8922
526
12286
7079
5094
906
15222
11752
2291
1981
7633
15178
8597
6823
7854
13081
6545
15273
14681
445
5303
3344
5367
11084
12926
10296
3449
9800
199
5832
11152
1531
11652
15237
84
12121
12073
14369
12394
15148
12613
11851
9230
15041
5181
2366
9216
12364
2665
5021
856
6489
5618
3316
6681
13168
6178
2910
9958
5383
263
87
3585
6378
2960
6734
16308
13337
12245
4257
12979
11755
5449
12127
5708
6393
14648
5238
15252
8999
15565
2780
1217
14088
3606
12225
14078
14719
4748
9906
6035
9322
13810
11436
13341
8894
3172
57
12652
12733
15463
4809
4907
3356
8785
15534
3545
8873
8600
3634
3403
5231
23
5738
2361
106
2994
7753
14632
5877
11791
6013
10975
15864
1171
14891
8396
5505
11346
9112
14246
2135
8946
4989
7118
11594
5764
11741
8735
11530
9579
4511
9277
5975
13609
15810
6950
14831
13722
16293
5930
14805
8834
14369
5836
91
12313
2072
14654
9666
2247
12352
12891
15427
1603
13887
11944
1902
14248
5746
8838
8892
10232
11834
9508
2744
13107
7062
2969
16304
12316
6420
15214
15915
9471
12365
14938
7793
6352
9553
8934
7522
6941
16368
1444
3819
10847
15319
11535
16146
15660
8871
1876
8089
7945
5670
1933
6717
8998
11886
78
13884
6331
8180
11649
2814
14037
11811
14768
9020
7758
6449
8683
2041
2083
6495
11212
1840
7568
5662
9457
2389
13140
200
1767
12021
13944
14737
10741
10755
9176
15442
11820
1282
7167
7139
14003
8245
8782
569
5607
10625
11084
1314
5130
12465
13474
8956
2181
11385
12746
7486
14672
5896
3933
10881
11446
15487
3827
7422
7200
3662
15624
4475
710
6862
14196
15022
10025
11700
7485
6441
12529
8229
1902
14077
6728
13668
3864
12934
10366
8114
6185
7264
13724
8281
9318
8927
1325
14815
15979
6324
10144
8226
639
13394
12988
7384
796
5481
907
12831
2004
6168
310
15093
3103
4241
847
1472
9182
10962
3324
8368
8727
4778
10682
10471
15175
12105
6896
1503
8661
15781
4959
10
6650
14792
12034
11397
5241
12412
7802
941
104
12880
9681
15934
4168
2168
6473
7416
7410
12164
6085
12158
5029
7369
15429
7347
3248
13791
6678
5418
3304
14802
16097
2950
1867
5989
220
8163
6971
11141
558
12396
8235
7972
13547
14570
6322
12360
3664
15230
11518
12204
15873
10859
774
14496
6423
5981
9463
2303
11575
7555
8785
691
10721
11568
9613
6574
7519
16256
7500
7691
2074
15265
8977
3722
5114
13402
16170
363
11780
2760
836
9448
8618
468
4050
3843
14717
2456
3384
4198
3064
3775
6908
14206
6176
194
902
10784
6013
11512
2859
13255
9016
3837
7423
3119
10000
9707
1497
1395
8835
6916
1636
3366
248
9837
1100
4065
9118
8053
7047
1574
10556
9518
9305
12209
4839
15780
9071
6389
248
9548
9814
1736
8389
318
4015
8178
10348
9480
12169
15292
4727
7743
3888
5895
8448
5805
7471
13473
9063
8908
2530
1890
13419
12702
11458
6383
9938
11294
8685
11053
9003
13490
5060
15793
6636
1588
14862
11510
250
4028
3734
3822
6643
9015
9155
14187
3548
13620
11137
10495
6903
7448
7263
12232
12463
15459
10139
3183
10694
5552
13329
3009
14990
6062
9345
6591
13965
2707
7113
8151
10546
14767
11047
7105
10215
676
335
215
9839
7948
764
3491
9905
5436
15504
4809
5291
9216
882
8600
12553
14716
12024
8589
4342
7848
11613
15808
2564
900
9788
5240
482
4951
8141
12552
4095
3985
1431
9273
6708
3129
1633
3000
2698
11852
8713
12826
754
13964
5840
15723
12193
10388
16189
8462
16075
5140
5594
10565
2438
2500
16334
5034
10230
7218
3380
15871
15265
12621
7582
6625
8910
16345
3206
4751
5238
1766
8575
11068
4893
3075
4927
11587
10642
8764
9822
2212
13490
15801
8295
2308
15392
2823
8448
12051
15383
6693
933
4099
9781
14413
3586
8421
16098
8228
11841
9851
12564
572
9457
5361
6190
2774
1552
9690
15895
6886
9933
8286
6491
6229
9694
11610
631
5477
2219
3376
13918
15366
13546
3826
279
10873
12257
5496
331
9534
2620
4875
12058
14398
2884
7184
5764
129
11062
6189
3551
6135
15655
9750
8910
4307
9229
14842
7774
14635
3039
7170
16018
15028
8413
4800
8696
10858
4734
11442
11557
14181
7423
6394
10339
1488
5280
347
6351
8437
4703
14655
11872
2249
15231
6195
16263
13149
8330
8029
3238
154
9359
9412
8932
16296
5053
2691
16184
16194
2326
7081
5901
8478
8761
2035
15205
3323
8994
9838
13778
5114
10849
5991
15678
8091
15902
6440
3124
346
1089
6886
10361
6974
8306
5431
2643
12176
5263
8941
12568
11028
8369
9120
12862
13411
2516
7118
8951
15841
12965
11268
12225
557
4958
8507
16025
2075
15225
7664
6609
14423
13696
14199
12
6812
15150
350
7088
6806
4810
933
2760
16215
4495
860
10206
2086
9349
8180
14696
16159
12281
9219
15602
11657
365
11391
5862
15573
13121
1115
1686
7534
15255
12040
1973
11323
4186
2195
1256
3975
10303
1590
1428
4289
15888
12792
12597
1591
5019
14354
7932
9045
9310
15360
7770
13236
12688
6965
7640
16340
13895
13268
15124
6485
4506
14485
3673
15629
1611
13449
16284
11438
10633
2958
10069
13165
11066
14205
389
9829
7180
4099
9575
9275
10547
14930
9029
7729
4692
14748
383
15013
7638
16338
6474
4554
2917
10247
9144
12798
9994
9492
8952
6234
7883
6434
13603
1965
5605
16211
1950
13818
6052
13191
7281
8324
13040
13667
11031
13298
5710
10094
14258
1168
14363
11125
5970
1649
718
11492
9039
8368
9798
3486
13168
13030
8323
7531
1021
7338
16316
11511
14263
3463
6269
414
1732
9208
14763
8557
140
11386
7374
15945
7679
12694
5329
9186
15281
4414
3930
13333
14783
1956
3858
10678
6453
14341
11654
2470
3617
11876
9820
10066
10617
16224
15826
11809
15810
8497
5595
5983
7699
11843
5869
1272
8018
11500
13301
4682
8258
9326
10138
11063
14011
10053
3847
300
5681
12883
13385
14161
8106
9522
4198
5818
6258
11897
3005
9858
2357
808
2507
9985
1520
1954
7318
7313
13330
13795
11569
5024
16107
4322
15234
11243
15404
6118
8678
4529
11542
13502
1551
10470
7449
14757
8054
12870
977
8058
16155
4571
3371
11953
6674
2650
4766
6090
2782
4926
15026
5638
154
4286
14595
12594
9834
575
12330
13030
1975
15916
12772
9548
10088
14498
1681
11365
11415
8840
11098
7629
10155
11531
7073
1183
13729
781
10254
4315
15946
13991
3424
14204
16231
12800
2045
12577
15343
14899
6304
12709
3600
1458
7392
7361
995
8503
172
7755
6968
1793
15263
13442
7163
3856
12288
4422
14690
8699
812
9720
3854
15383
15611
9738
5407
9691
15510
13207
12197
1249
828
1922
1399
13708
3628
49
1826
8765
2433
2900
1349
5992
11379
13566
9065
13967
16097
5440
4754
13104
9821
1833
7978
10912
7760
15836
2665
9026
9715
1442
13781
10576
13781
15125
2238
10052
13961
349
5752
4945
5589
1872
3922
7067
1325
5154
12218
10000
898
14052
3907
8839
5975
8710
13818
13218
12452
13146
15115
8617
13827
10815
16143
1287
5358
10588
5207
12984
2598
8704
2771
6158
351
10347
6612
1544
14416
12471
11737
8839
1949
4198
14754
7062
10210
5213
4441
15138
8738
1040
9416
7850
1059
12747
279
8578
5200
1074
5316
9841
15106
3244
10883
2422
12527
6836
14971
7010
6464
6821
15696
7796
9655
4889
6343
110
7848
3
4055
3157
12707
469
13054
12639
13593
7896
6368
14496
6123
4119
2653
2873
6488
102
15100
9296
7540
13988
2262
14358
5575
15444
40
4946
16077
15594
6841
225
11327
13474
3654
4331
370
13964
7268
15159
4340
12417
14723
3442
5134
3319
6818
15597
11208
8356
1382
15835
1705
3619
10935
11685
10282
8922
760
10835
138
9385
10811
4907
2723
4907
9143
13634
10530
12062
10993
654
10403
10968
561
11211
2157
1567
4102
1452
5870
4739
6481
15317
8119
12535
11015
3478
8261
14159
2409
10970
124
1316
2608
11286
2325
7667
14436
6773
7573
14524
3250
6980
6968
2723
5976
9153
15606
2858
6257
13912
10720
7958
9395
761
8584
5830
6902
6329
9404
15928
9330
7655
13824
5752
11548
4491
7210
5668
1293
3694
8944
10617
4271
9979
14268
6158
11683
16080
1986
7056
9800
10200
15548
7182
12166
11655
14847
7590
7418
1487
12263
9006
995
10447
8009
11416
2290
14572
2018
10255
8484
3948
2427
12999
1582
7146
15948
9053
7041
11062
3917
1550
13915
2508
10695
4344
6561
15277
4218
10796
9147
12665
4641
1674
4545
9817
7967
8131
6427
996
11895
8991
1982
8162
15024
1463
13911
981
16053
13624
5791
12516
1006
2659
15289
10648
15866
4708
8860
8824
8953
14426
8509
235
2408
13313
13563
16019
12434
5582
3128
3612
6745
14892
6817
6068
12618
3530
14885
8536
12396
3050
2240
15033
12862
1412
5297
12412
838
11643
15158
10586
13213
6009
8603
2470
9179
13319
623
1950
14008
5435
4605
12886
10303
5956
9058
13991
4914
10957
6075
6819
15744
12898
16330
16206
14540
4731
6187
5026
2416
15103
8718
8838
4758
3478
23
13877
11829
10772
15942
1446
15992
8670
4077
5021
12951
15939
2049
1416
1308
8481
10543
10835
11568
728
14695
441
4624
14420
323
13167
5951
15219
475
3285
8027
11372
3716
856
8330
8529
7175
6583
3279
1576
5257
16234
9620
12546
15803
509
1248
5353
3015
9485
4032
11977
4418
125
13751
7485
15583
2696
13533
7177
7165
3340
930
339
14368
1400
8896
7007
4608
334
8870
1736
13288
6138
4134
2856
3746
1636
8798
12512
5516
12339
10091
3037
15660
10674
12480
3510
10481
4947
9471
10231
6562
12194
6085
676
15662
11222
13327
5209
11530
5603
5767
14701
10991
3966
1451
8922
14353
10596
5987
7608
14989
8557
16026
4855
14059
1938
3026
1571
11018
4238
10446
611
2829
13123
240
5436
11899
1765
10470
2185
15499
3950
6851
11796
12357
256
6676
6178
12389
964
6555
10090
7355
5791
15059
4069
14658
12485
13950
2678
11006
8038
2074
3448
8825
11567
12757
6231
14528
11986
3798
1014
7258
11496
13149
15502
7067
4453
15749
7089
11870
13448
11242
6186
2742
4027
593
2795
4062
924
1157
16094
8710
9341
3467
4142
8260
355
10299
2934
13104
2295
11671
8937
5660
7773
14229
2705
10927
9442
15418
13262
10207
3456
15694
223
14453
934
14761
14253
9402
10153
13441
271
13731
8990
15339
4270
7661
13910
5530
970
12449
6007
7251
2596
8764
11478
11009
12075
8369
8280
5264
1400
3242
3003
12614
14992
7827
1770
895
8747
8311
10530
7633
14566
16375
9513
9880
8676
10274
13109
7607
5535
12469
6300
10381
2340
7820
16118
4074
9079
9238
16193
12095
4878
12944
5842
11130
11315
2799
990
15112
5404
14282
503
15597
11244
13128
8805
3894
1040
4754
2493
12039
653
3465
11931
11332
2186
1630
13816
11703
13442
830
10781
16199
4801
4856
10171
2822
16040
8846
10386
4838
5633
16038
3456
460
2585
15956
8940
11359
612
2615
5286
2696
11077
1779
6177
14755
2934
171
11515
12313
2626
6820
14334
6502
7141
10110
5375
4372
456
14038
7132
9489
13331
14099
13420
7762
3350
5463
9074
14294
1835
1873
11807
4901
12764
10390
10253
15945
14983
13149
13979
1255
12480
3534
5734
4756
4029
4065
9169
14270
3900
813
4159
6784
14952
11448
5617
2647
1396
9724
16071
7696
1172
1107
10879
13737
9004
5016
8498
16264
405
13701
12795
14201
4645
5084
1533
15080
6172
4792
7234
4227
1743
598
14087
7016
303
5686
13928
873
7957
1488
3464
1890
4908
7047
7611
15718
6347
9386
15427
500
4176
10065
9742
11543
12829
2730
6849
15509
14527
6527
6250
2605
7432
5382
11794
7380
15236
8068
10295
9837
861
5973
15860
3961
2508
242
9603
1548
8240
5106
98
11717
2348
8187
2835
9686
14610
10169
7131
2775
7038
6232
12297
7035
4731
7131
3793
4639
12963
12700
12641
1960
4993
445
12712
4052
14464
13611
14701
4619
5712
7657
3752
16198
11236
10443
5422
13876
2025
15729
1716
3211
2375
9625
14411
15527
6410
7027
15877
13212
4765
12057
10647
10110
196
15415
7603
16157
13042
5143
9681
9104
15431
13984
1273
11857
4473
510
5453
9777
4164
14532
13459
5236
14365
3078
451
12772
4338
9132
1233
15640
541
4758
7249
8444
6005
8996
12993
6215
9674
12902
13337
13324
12358
12550
11112
6878
9759
1818
5012
13949
2378
13245
14464
13261
12956
11674
7529
1012
7860
11324
11006
3117
4224
3229
13352
2885
1497
11404
1224
6578
16370
10849
10858
9918
4431
2584
523
9863
9015
11350
9777
8033
2896
4232
5711
12053
4617
12958
8342
14241
14119
15219
16260
15316
13002
691
4265
4105
107
11216
3818
4110
9749
14879
10816
10792
7488
11732
10489
7917
2840
12719
5708
10673
12936
1863
11589
14997
11523
11563
2709
9104
6757
4615
15391
2008
7695
15774
474
11960
11461
333
12214
3042
1995
15823
15729
11015
7815
4456
4073
2940
8110
13440
5948
6820
13616
99
270
12175
9212
13737
4841
4609
2197
13748
6194
703
15636
6771
11735
16268
95
14164
3273
10797
6153
6225
12378
4327
6606
11437
4257
3925
9532
15344
8019
12501
2331
9151
12605
9705
13040
10805
2093
11191
6680
6723
3806
2180
10485
13078
4069
15293
13893
11875
14425
2202
7883
14622
3186
13762
13167
515
8422
11662
5326
7829
11211
8714
11202
10020
12531
1993
2580
1637
15670
12775
6494
9750
13740
1831
3759
2721
15443
15790
9151
12989
3722
3359
4649
10992
8023
6220
8563
10820
9844
15022
5091
4359
3590
3587
10138
13690
15500
1585
2786
1873
15770
11359
2356
13107
7348
10569
14855
79
14529
10902
3514
11598
11500
14975
14226
4401
2256
12531
5858
2756
1045
5343
3134
10535
7928
3935
11010
2448
3208
13423
14061
11735
3971
7717
9529
11253
13141
3924
13613
2827
4546
9101
7791
15901
6416
6374
2360
15477
13888
15158
11397
5768
4514
6190
14702
8763
15706
5335
1383
1988
4154
15177
12811
4894
4118
8249
7227
8732
13324
4991
16151
8978
15869
16108
4691
8624
8295
15630
1927
7427
8369
12271
10523
12275
539
2444
1768
10346
5394
14570
14223
8935
4921
12553
15862
7927
12228
3331
11391
4970
13679
13699
4531
10960
5395
2636
12681
743
11064
837
2975
7726
5817
9
6266
15120
4693
9578
15370
12111
12332
14674
11556
412
11297
16142
2263
9275
9592
12602
5787
4228
8828
7231
15900
4297
14543
556
5334
11422
1986
6086
15329
9036
1807
2174
5721
15289
6376
1787
1908
12716
121
5345
16309
10264
12759
2174
11241
8107
2497
9474
14939
14721
14341
3773
5927
4324
14983
14860
15511
14099
3109
1398
12612
12461
11298
4283
10093
13989
9284
7495
6582
4335
9890
15338
6650
8338
14736
11273
6225
15361
12600
15086
5707
3070
7206
16118
3671
5190
4741
690
3338
6874
546
11215
15061
15547
13061
12569
2229
1484
12910
15320
13567
3836
15719
3498
14467
10870
6162
16119
4046
514
3101
11595
16247
14940
2059
6807
4707
2443
8212
6748
13616
6844
1481
7097
12464
5622
12173
9503
3483
11544
9220
15295
15045
14790
709
8149
10228
12116
9980
13363
8292
4631
6037
14132
15350
5257
729
6937
10067
11395
4816
2127
7174
7201
20
13256
2758
10411
9154
7007
5997
16249
13931
7850
12370
11370
3691
6267
4532
15881
733
12026
13560
16072
3639
11517
9626
5373
7830
14919
1121
4964
8410
1343
2541
4044
8051
4465
10920
11097
9164
3584
2330
7197
6523
5672
13687
12187
14436
12266
13776
3738
14361
12015
6570
8703
14299
9333
3499
11646
9325
10705
8243
13193
79
11787
9286
16
513
12743
11768
14959
8018
3465
12784
309
9569
13648
2484
3306
750
2303
8800
1499
5475
9556
15234
7752
620
5687
4180
7266
13694
7678
12973
478
14984
11634
4547
840
4848
8005
4256
15745
9158
14685
11789
1252
9225
7030
14669
13854
8500
822
7049
14861
4575
6015
1056
1448
10831
8830
623
37
10321
4207
10556
14051
12036
10400
6993
9157
9104
8695
9788
7416
14463
8089
13716
5163
9480
11624
7596
2221
1317
11625
4891
9956
3056
12182
3537
11386
2579
7158
1726
1844
10118
7901
12558
1624
5137
6404
7431
792
11992
11397
11338
7114
5165
7650
9703
3620
14932
12960
5634
1208
15023
473
12870
6130
11816
11213
16047
16050
4594
9334
6838
7663
6781
15038
11486
3627
2306
3842
10204
7020
2372
11569
142
3030
1212
2865
8912
8015
5224
5854
8584
8626
5001
10889
1511
16182
4907
5985
14889
13314
7862
2767
10335
16118
9989
3336
16366
9432
306
7722
9735
5778
10643
5746
11284
7101
16155
7344
7427
370
11185
10805
7513
14406
7938
5394
14288
8059
11838
5980
11425
412
16156
11568
7016
5585
6310
3557
4651
6053
13429
2513
8741
7806
6207
12357
6185
12449
75
1789
6737
6736
9782
8358
1779
8214
1711
13882
2425
11317
1157
6239
8998
3952
120
15693
4088
15597
5646
15293
8362
6060
10272
1606
14818
6337
12388
2102
11559
9552
11102
13686
12415
10901
13018
12967
7262
9320
9460
7968
89
1943
125
3760
2385
346
2265
10574
14989
3136
2234
11383
9578
3536
3932
12642
7729
7042
10389
2755
6449
10845
536
13132
4282
7120
7953
13017
1622
4517
12451
3552
2656
7175
16270
13808
5493
10425
13177
11340
4109
11266
7556
6681
8409
15251
14202
8979
14211
11510
14271
4654
5460
12284
8058
5536
514
5909
11540
7030
1414
12597
4756
2806
8732
5424
5224
5156
10906
4877
7917
9477
5590
6138
6826
11421
10769
13127
11917
15921
8428
9011
4611
14485
16348
7367
7478
6000
10483
13669
12538
15597
2332
15738
11329
9363
839
9646
3604
6379
8042
3009
7136
12679
11986
4112
5032
11973
13647
10610
9027
7400
12880
13565
5930
2749
972
15745
1845
6280
10932
8911
346
14414
5557
444
643
14592
7986
52
6951
976
656
3086
4714
5240
11316
9124
13748
10443
5695
5156
6669
12925
16314
9071
2157
12009
8293
6358
8252
4632
5447
11860
14890
7531
4272
4763
9907
332
4343
3664
4996
165
11681
155
6395
8364
7529
15202
6908
5957
9892
1192
2914
13531
16117
6561
6227
3255
4829
474
15913
6279
15747
1608
3176
2096
213
11213
9291
11758
7864
11216
15260
5366
10223
1831
2241
12967
1120
15972
13484
10396
3787
15827
1125
7971
11436
8004
1006
263
1884
1989
2752
1493
14425
2973
15332
11636
11276
2993
2463
14477
15423
6022
15655
9315
11409
8135
6568
14618
6866
244
3525
1143
10938
9214
7053
213
8816
6378
11256
5768
756
793
1738
12921
3265
14939
8833
10603
2253
14455
6777
10036
9960
16164
8243
1288
12753
4353
10018
2623
7218
13596
11230
9824
15208
8637
4728
6732
10328
14177
5488
4634
3218
5463
5166
11067
163
12181
12893
9983
2159
7042
12189
811
13178
15671
7549
425
14961
11255
846
517
14815
2899
14899
79
13274
14105
12902
9258
11024
16153
8264
15971
14390
3768
3309
13876
10078
5579
847
3293
5525
10273
5
14729
12543
3697
14102
15000
5891
6806
15312
3987
4186
2001
4743
6567
11047
7721
13646
10340
9695
8863
14129
11848
10367
12110
4031
5595
10452
15205
3696
10951
10579
3144
11563
14502
7943
6351
10026
5471
9636
15427
12896
4393
15974
14769
8120
1390
2462
10887
10533
5274
1729
15751
15324
3033
1272
14398
12747
5526
13885
11329
2776
16265
5991
6064
14839
11552
2856
10042
8147
10982
2325
6026
10248
5926
10978
1185
3037
8772
5843
547
5566
4895
8646
466
15788
15681
8524
3837
315
3819
6514
11064
8041
11250
7650
14974
9784
258
8756
12513
14992
1277
14323
7344
6517
11212
4702
8444
4615
61
5390
317
7503
6339
14591
14193
5805
1058
10878
6847
1055
12046
9551
4184
13749
10111
12673
4316
11725
4634
7605
11498
10496
10344
11673
11158
8781
3069
16084
2073
3863
12756
2728
1160
726
13706
15546
8053
8885
9252
15112
13762
4181
3008
1034
2162
8667
14118
10153
1989
7017
6336
900
10195
360
13213
6622
15077
12410
14223
13404
11837
15765
7081
5327
12774
4132
10770
2246
12854
11236
16352
11619
1527
101
16
15547
6204
5529
4219
3795
1666
6360
1957
14888
6342
14672
1156
7520
8617
11773
1276
3978
12761
7123
2218
10395
1705
4985
4805
3203
13226
1332
3309
1851
11409
7076
8711
12700
14460
620
8170
375
9931
7886
12994
15533
6830
14926
5525
6237
4772
5500
2841
12170
9700
13467
8404
11834
7781
5735
4678
13514
12509
12757
1649
8158
4076
9019
12265
16256
2109
207
12005
7570
2367
8851
3910
4520
7560
6252
7303
12541
5023
14435
9525
45
5960
13047
10119
9181
11333
15388
6809
11741
2748
4399
15166
4046
15516
13159
1140
9528
2467
12131
6578
4638
13619
1369
12409
5367
7668
5305
10172
1104
4759
9498
6178
390
4629
3802
8720
15346
13298
13441
10206
9773
7485
3139
9645
15706
112
8005
9497
15159
5741
5646
12608
11230
13813
1197
4189
5515
10506
4521
11761
832
896
7401
6717
1816
12736
5352
14526
9794
2332
12380
15423
5189
12500
135
10565
11299
5392
5752
15360
4824
1129
12071
10942
6401
4797
4700
12244
6117
6007
13974
12092
13215
8063
6988
4265
16230
5575
2969
10094
9294
5316
9652
10512
6410
3531
11003
13216
1787
8285
8121
60
2997
16293
11185
418
9330
3733
5541
8305
1926
12180
14768
15029
9426
12132
8353
2751
10340
13283
1877
11686
326
10563
5151
1132
15598
6336
10120
15104
8185
9960
10606
9564
8364
1296
1300
2476
11150
11244
10215
1473
15380
9616
15805
6784
12112
5968
12094
1792
11241
726
4948
15395
14170
12066
4279
1714
1729
4895
1834
14836
1506
6502
5782
2614
3664
8476
7276
10119
896
4717
6853
4386
7982
12193
13658
2833
7912
2502
13206
7279
11967
3203
8954
4423
15491
13925
9689
3093
13180
4503
12185
13109
13407
10900
2877
1777
10194
9370
3717
2884
4846
12859
420
3031
9468
15873
3126
14070
16133
15170
9733
6516
1851
16255
12042
3360
9567
11076
766
10669
13294
15972
10643
6093
11756
5972
1111
13848
4539
284
2338
555
1402
10606
7517
1835
3747
5109
2109
335
2638
3537
244
7369
3686
11842
8793
9914
5245
10938
10592
11822
4100
5929
3229
11390
4039
1147
14057
1091
614
15978
12742
12887
8609
3044
16161
4733
5110
15444
3787
9495
4697
10294
7180
11288
2586
1323
8726
5072
4633
2066
10946
14149
8209
9698
2105
13467
4642
14609
11497
3212
8760
3383
9917
15977
4265
14839
3813
3803
10348
1920
7755
13290
1050
13409
8396
3476
3889
11586
11975
12590
12488
2540
4135
8819
5910
9303
13066
6794
9905
2442
6254
1333
6711
14291
8811
7629
763
11728
2756
4468
5902
13879
5142
15038
6032
7736
11734
8702
10644
834
246
8575
3360
1199
13837
85
1454
3826
14109
5844
10494
4408
15750
7008
13922
6471
16312
11006
11609
15415
10181
2017
9330
8584
15366
1467
7
16322
11070
4525
8546
12132
8486
6282
7564
5349
5346
3722
8690
3416
3445
5662
2657
12842
14113
10641
5020
546
1389
14696
15539
10156
7748
8146
16273
11192
1652
15605
11260
14292
3272
11219
8903
163
8237
9538
4461
11232
16282
1377
8032
559
5879
10589
16316
13163
10078
2946
12596
3824
2365
4843
11486
7909
2073
15783
6527
13641
9908
15895
8663
7344
11109
11129
2018
7765
4358
16272
6340
7790
13284
15233
8101
5333
980
1781
275
2944
10596
3205
15574
7988
14161
13133
4864
2062
12345
2595
5534
15216
13596
1663
15630
5055
2698
1035
7453
4830
11648
11521
9954
10195
11355
5603
7215
10625
12114
6241
4874
7939
11505
6286
11427
5988
9232
6645
10142
2962
14238
13545
14470
15358
14701
243
15965
8460
10481
7579
8893
3364
5317
4525
15229
15913
10052
5745
9069
12729
7210
15746
14880
8774
2016
8374
9989
12257
9069
6142
14216
96
13120
2289
9876
1008
14776
14305
6916
10587
6318
9455
3818
5459
10105
8599
15374
6920
11362
14311
9102
11565
6761
2555
14699
13670
16253
15486
4028
9721
9382
6684
1301
12005
14811
7090
11422
14864
15177
5188
4145
9028
7857
7238
5496
13333
3557
2445
15452
8397
15761
293
2785
484
2038
13510
12877
2074
59
5746
1089
5286
7111
15389
3013
2850
15352
14488
11063
843
8215
1834
252
15862
15897
11178
8894
916
2908
4157
14539
12813
8631
8825
7285
7492
10878
2389
11777
11384
8216
12114
5747
15433
1551
14701
4612
4585
11908
12519
10004
5589
5532
8254
1999
7573
9932
4637
8387
12512
2708
5050
8613
13161
7768
1165
2602
2837
4809
11190
15028
7349
12947
184
11155
7783
10830
7851
11491
6321
11511
15936
9420
11553
11793
7550
2038
12908
5107
16199
7165
3564
6316
3388
11891
5359
13176
16105
10077
6317
3073
5
3860
10733
8877
14192
4993
7307
1675
2175
13647
14821
1078
5425
12791
13526
1441
12625
15437
6649
9229
11671
16032
7546
3370
14735
9171
9683
6642
3022
738
10915
2272
11675
10000
5275
13011
888
4275
4718
1639
12412
7698
4182
6030
13558
3723
5765
15870
8022
8649
846
5021
9172
6346
2538
7530
2124
9795
9650
5285
458
3685
9020
4022
1944
7202
9007
5707
1113
7209
1094
8727
4689
3018
10859
1080
14542
2769
9507
9746
4980
4245
6776
14350
2970
6089
15812
4153
14851
13272
12046
3079
13116
432
11468
5466
2266
8986
5297
6675
6076
1010
12863
2016
4257
4421
8273
14552
2688
12956
13873
6867
11898
10648
13765
3380
14253
13235
13422
6604
4195
5821
11948
10549
1585
10355
6458
15208
2022
225
15798
404
264
1029
5840
1616
13846
1634
7729
9446
14825
7617
12861
12407
14097
10582
10541
7494
10554
15911
7733
4462
366
8388
1269
15397
5642
402
10954
10605
1487
5658
2267
15041
15951
2796
1518
3214
3687
12527
6548
9612
13683
1868
5396
2330
5721
2103
12726
5384
4439
7950
2919
8344
3160
121
8166
5946
4229
8223
10553
8891
3822
2685
15934
10661
15003
5811
15665
13492
7157
9614
15077
2377
11552
1339
10263
6362
2779
357
11737
8473
7250
7972
7627
15168
5062
6963
7995
8025
3446
11458
11830
12575
12490
12440
15718
5453
11053
5774
14807
15470
682
12066
12784
6294
9960
5398
5202
179
947
3107
11498
1232
13959
6019
10344
16208
3212
10608
11257
7727
3515
12035
3990
1225
6213
3123
4222
6447
5564
2252
5821
13690
10055
11590
8519
12094
8755
14184
8138
9671
4320
8085
9886
9919
15437
14999
12643
1574
1807
3465
4645
10009
11379
3019
7368
9654
11792
15353
12265
7004
3981
3836
1108
4845
1633
609
4662
12604
14460
14901
1929
2545
13694
2585
13431
1635
10296
1897
7815
8009
7872
3804
15849
5808
432
14915
8158
15867
7967
11906
5636
2533
9218
12205
1627
816
4440
2819
10831
4076
12251
4755
15511
4471
6946
14318
13968
14642
3566
14917
1933
3931
7157
10516
8300
3079
8927
5837
1371
11681
7506
10199
13233
10035
4464
8137
10061
7667
15667
10011
10546
6173
14924
93
15909
4302
4059
14172
12629
13583
9408
4773
462
11740
11341
6215
7484
14556
5759
2255
12792
15769
1697
5292
8507
6441
3859
10583
1564
12975
2005
15991
8488
8930
7773
9001
12741
15411
16241
5946
10799
800
12655
13807
2721
9362
936
8054
2220
673
5048
2677
7255
1765
2623
10383
8916
5756
2783
6607
15409
5088
4535
8577
256
12417
13937
1029
12237
15488
12984
15090
15447
15696
6528
5162
15486
7955
1561
12663
14918
13760
1878
12361
11944
13941
6744
13464
2426
6695
1048
12886
13050
14577
3848
445
1188
13891
11411
11630
15945
11060
192
148
2482
1052
1014
6844
7606
10663
11180
13367
687
1914
11901
1768
16317
16023
2030
7118
7244
6426
4210
10874
8569
6692
2989
14547
13591
2657
1454
10818
4602
13958
15461
8706
4787
14951
15039
13548
16100
9336
9650
7821
8981
11257
7109
7522
5094
10311
13171
10419
4440
13602
1354
14683
9507
11674
813
4112
9893
10357
16006
14083
9211
8216
11122
2145
5569
9109
16358
6270
12191
15029
8379
8764
2254
8763
8664
7791
2992
7779
12178
4914
1445
657
6215
2942
10883
7102
4374
2843
13346
6342
15871
10784
6920
851
11262
14136
4913
3465
7358
922
14717
234
12872
2121
6908
16126
9901
11036
619
6073
9030
10024
12906
8522
3319
2293
14281
5483
12945
15781
2669
12025
15849
15486
9297
728
2413
8655
7516
12936
15363
6790
9994
8667
5292
4277
2256
14513
5800
2228
5164
9283
3016
5496
14845
1084
16252
4341
9311
2712
5323
8755
3053
2553
3562
9073
1569
13180
9985
1814
7778
14007
14653
9443
16294
13066
12040
5012
5807
7504
14096
3064
12797
6051
12159
8163
10514
12860
15522
16174
923
1592
10167
5684
8268
7043
1916
15040
10302
12129
8292
11550
12809
8971
5923
15607
11969
11004
1226
5147
3454
3084
13375
10081
14393
16074
16257
7472
13628
7681
578
6904
6313
1334
14828
7424
12772
16237
12338
8887
12521
8540
6030
1563
2446
457
2481
14811
15255
7806
9121
15120
6758
9256
13404
1168
15485
6912
15236
14907
557
13661
3306
7306
12506
14113
4878
1872
8970
506
8195
14632
1166
3063
5295
4674
14290
2172
955
969
15204
16214
12388
15809
10088
8545
15206
15136
13043
9530
10599
16356
9955
130
7021
9212
4807
553
3875
10209
5775
1802
2973
13895
677
5663
15855
8217
6470
1135
1304
9227
3278
7756
15551
11963
3830
13781
1973
9692
10598
11785
6351
16032
6569
15225
16256
10779
10234
15567
2814
3404
6255
14820
10315
4052
2082
16079
4214
15681
15070
16315
2647
551
6702
9528
5717
15910
8332
13443
7567
4988
15149
6073
10178
15105
10633
12047
12561
15396
6616
11167
1147
8111
10996
1565
12649
16236
379
8500
6947
22
924
451
11528
14145
1786
15501
16375
6062
12345
3483
463
13085
14269
5885
5632
5997
4163
2697
10161
8273
1086
617
7720
14344
3252
6858
15993
15615
7780
5736
11912
1776
6809
12101
14556
15080
9422
7413
2778
14277
10819
8859
4135
6508
10760
3348
11657
7434
2993
11554
12673
16006
2024
9098
293
13958
357
1305
12570
12404
5889
1107
15457
14128
1799
6095
2992
10706
13501
12906
6537
16082
4922
9976
5148
6040
6804
9122
5107
4450
12070
3651
4028
8602
16008
1656
2681
3994
8209
14046
5851
8378
10531
6567
13699
11925
9212
11673
492
950
9167
4408
15253
6043
8569
13913
2799
1803
4440
3314
4336
8556
14544
9533
2811
1833
15282
15962
16268
12159
3973
10171
1949
16379
6716
9952
14531
14038
9437
4616
15083
4187
9909
14681
6825
7870
14621
12388
8305
12521
9903
10422
4815
1656
4610
9133
5419
5212
12708
10248
8782
8857
10541
2712
4415
7984
13693
252
3613
2862
8043
9865
11010
5807
6381
7781
15631
7439
10869
5894
15031
13957
4011
11790
16050
487
11852
5766
1999
7380
6760
7513
3997
6076
12730
11278
12583
11205
14698
15948
13543
4062
13912
8016
9457
8812
3543
5068
16208
9435
2170
16237
1036
7424
15811
10745
2669
4899
9648
1488
15697
7566
6241
4801
12269
11044
7784
985
459
10688
8397
6394
4708
13624
14078
3791
2339
3045
7853
8768
9985
9746
5687
7697
12000
1502
2582
11043
10535
11804
7117
9947
9486
1328
266
8568
9300
4599
4760
3983
5433
2684
549
2636
11144
10097
6461
8479
11080
11455
3103
10621
9016
5021
3454
15360
15858
243
7730
2949
6337
13950
10553
3429
11476
1526
5531
2469
8144
11803
4557
7053
529
4433
7291
3749
1382
3507
1013
5175
7360
10027
5628
16096
10830
15553
2977
6527
10466
12807
1454
12170
8897
2006
10292
5268
13895
13076
11072
1997
10440
14005
11705
5732
12841
6448
7036
11565
8117
11244
2229
12640
7403
12280
9082
9918
3891
2214
7633
10050
2884
13449
12510
6232
11535
4530
12399
11200
11019
6833
10198
4562
14741
12492
1332
1118
6529
841
10737
11017
9214
4617
2397
12161
1681
9971
4898
8983
760
6712
3142
5951
14364
488
12497
8671
1345
3654
2165
4676
16253
1870
3337
13335
9882
1810
5072
9553
16328
10623
9551
15899
6673
11785
3
8005
2186
1509
4471
9055
9348
7773
15878
10726
11031
3647
10547
2790
6947
9415
2160
13509
8136
8742
9329
11793
15543
4773
12155
11940
7265
2614
1744
1221
151
1876
12710
15315
5150
5397
11109
10712
15198
6374
15837
9013
2987
4929
5252
7389
13375
15880
11654
16134
15872
140
12308
424
4019
8854
719
13890
2836
312
7870
11132
8381
8642
9448
4523
5913
2077
15705
2502
9585
11693
11134
8276
4459
15820
7518
15309
7893
12604
14749
10848
2783
2044
12453
4444
2045
13653
15171
5525
15389
6250
11553
1492
11773
11421
10494
14928
1715
13203
3785
7348
15712
10328
9803
10067
5517
1324
11956
2699
4412
310
13773
15795
13289
11877
1467
11210
15285
9610
12202
469
9269
12988
11779
12491
990
6802
6
9055
6806
5638
6730
8218
14816
5223
5406
5036
8766
8162
15381
1010
4500
13106
6615
13703
4400
521
1060
9957
1521
5186
11259
3766
7369
13235
5086
14933
15506
10938
649
14046
2202
8912
7268
10369
6255
6091
2236
7197
4245
6018
10847
10630
7715
1308
5831
10090
16365
12620
3855
15317
2023
6302
5732
10038
12760
5115
12010
14502
6696
6460
4215
11368
12003
4015
9149
9514
12804
7989
15043
11657
15969
7296
4109
5560
2884
7253
1866
8269
3839
4370
5977
2183
3226
9775
6725
3616
8369
8579
11721
7201
7096
14033
7
1156
16264
11931
15066
2776
2472
28
2453
6465
11016
9046
11038
10681
16171
9040
8899
11231
1008
1966
14754
13568
13402
11002
5833
14337
5556
3341
5389
337
15289
11250
5910
263
8630
7038
1245
6113
1084
2883
8064
11807
7823
2494
14062
9759
199
3170
2483
3606
1084
3960
11228
4782
6212
2054
13417
9325
10973
15898
6612
8156
15432
2285
387
10007
15110
10004
16209
3222
10294
11591
6453
15108
12485
1707
13262
6823
10601
3523
13466
11500
742
447
398
10172
13481
5837
4771
8690
8744
14707
10698
3216
3199
11649
10841
4376
11412
12984
15732
3379
5898
2907
2085
13329
7990
10115
16345
1792
12602
10272
12052
15162
14693
2807
12166
6642
3209
15155
4617
5416
13190
13029
10959
16037
8004
15078
11436
1130
14244
94
14521
9834
11146
5833
6009
8000
13192
10492
8843
6445
10366
12968
7394
8416
4160
6968
10575
12396
12405
8380
9122
13859
1038
9736
6268
4467
7685
451
8449
4980
15532
12760
3880
2200
9066
16339
2217
8093
11317
286
15443
11494
1258
7043
13658
6778
15313
4691
7959
9449
11724
9172
14826
10559
4722
2621
5860
3816
13305
6415
10280
12536
15206
734
8620
1297
4250
3514
15018
96
5381
6397
2454
3868
14549
10779
721
9894
1879
8731
4411
801
1986
11126
12268
1871
15112
4186
12346
6574
11049
5538
13046
13898
5693
13050
2215
6576
12455
9015
4885
15745
2724
11886
15467
8405
13524
14105
5348
672
6517
14523
12994
6699
8386
14583
14006
13912
15672
3629
9051
4423
1781
7665
7705
3999
15272
16279
11703
6394
12378
1680
2017
10685
1906
12164
236
6205
2909
8663
5351
15338
5942
12829
11731
12796
8881
5950
9798
7688
9050
11618
6825
8004
2215
15155
7617
359
1375
15556
5662
12168
2325
9634
2100
8622
5777
13681
6877
6578
1570
4085
1908
15749
6518
486
5097
7691
15049
15306
5120
6366
3076
2731
16033
11624
5477
12568
15819
3172
1173
12736
16028
8988
1011
13813
7935
457
16009
6303
6042
14431
8865
10156
16353
13735
610
6100
3245
15036
13226
11217
11053
6584
3432
3511
5073
6122
7557
13137
1600
558
719
10702
1475
9785
5570
14278
10765
11462
7403
197
3083
2977
12704
2822
11631
7959
14337
14887
5486
4257
11915
6868
15051
8176
13208
6162
3447
7394
1851
14568
656
15400
14900
8998
13761
2813
2081
2641
6144
5657
9197
2589
5558
11066
3188
14162
3612
15537
5539
8640
12311
5394
5328
3613
15324
9244
13839
1465
11567
15702
2611
7569
2758
3069
15701
7104
12653
4856
10160
11472
8261
2674
1089
257
11815
16208
16077
532
13854
11693
5642
15621
11808
8613
9000
8545
2851
14008
7120
14581
1725
4331
15937
9899
12172
10329
3408
1498
8282
11543
15953
14318
8531
4948
3832
2539
6589
1863
12562
4322
2469
238
12271
459
12073
16203
8843
390
5289
7874
1642
371
13480
14676
4682
15361
6572
11722
16030
4293
6332
859
9527
11433
10621
10474
15419
9592
9388
11666
287
8213
7641
8395
1723
11047
9451
4276
14942
12912
9556
9035
13723
15046
14565
10424
10413
16329
8575
5600
14743
11705
12121
3432
7162
12308
14340
357
11231
12040
354
9593
856
5651
451
3290
12152
3005
14182
12021
9684
395
2489
6506
10897
7368
4870
10418
1971
8207
3872
5241
12463
7205
12525
12372
14083
1566
12440
11685
12730
1628
15134
5289
1469
15754
12857
13051
10285
9956
5167
1931
5842
12896
13141
5101
581
15056
14961
808
11214
401
4896
13134
6866
2592
8696
10200
1971
7102
8351
2913
8833
3703
14070
8299
1122
6121
2793
1529
12468
7571
4814
2817
16051
11435
1369
14716
16310
9273
8922
527
305
13467
8592
15761
4352
12532
5796
4056
13817
2738
12892
13276
8815
13355
11486
2147
14733
16372
2064
6751
8842
13483
1496
14285
10645
15709
13908
4274
15029
15271
13291
2414
11133
15600
14239
11992
14507
13720
10476
10940
15973
10024
11877
3615
6794
14475
5331
14420
9972
13300
584
6256
2357
9996
304
1652
13920
7844
8851
3427
4268
13814
6142
355
12522
15036
5762
2643
14892
10060
10522
15563
6868
6116
2782
4251
14771
5525
16144
10661
5848
4536
3734
15043
9767
2018
10855
11399
7653
14664
2212
15118
7351
7096
2142
12622
11008
4765
9531
12567
10017
15900
12252
9817
15003
982
11959
3629
2981
9667
13920
7324
8765
11943
838
13040
13125
13273
6350
12530
9438
14148
3129
13809
10254
14203
14821
8526
16158
6365
6800
3037
206
7553
13056
15404
5093
6835
7585
11829
8218
12187
9946
7584
11811
16284
11895
2879
9912
14955
13803
10883
2884
5793
15161
5178
12909
12875
6854
2469
16127
13290
15754
3674
4913
991
10980
10777
14374
10346
14922
15067
1206
10202
4681
6923
4887
1990
1723
2585
14831
16070
7519
11848
5958
9440
11792
1930
11608
16377
4529
12641
15752
5741
13822
11341
6708
15691
10393
5321
5543
10838
14961
11937
12849
4338
7114
4646
9623
6527
8505
3752
14710
2774
9241
9056
15709
14661
2369
9708
15013
16193
4255
1294
454
15137
4765
6053
9791
6449
7838
13439
6264
2475
8685
12825
12995
4326
9994
15821
4677
14225
2755
14316
3894
1657
10458
4686
14882
13006
12864
11761
5261
10011
4611
3562
15153
12402
7091
3842
8061
487
1373
12788
1370
13808
1050
5518
8031
8696
9349
10159
1879
11260
15104
2225
7831
11840
1740
4652
3555
4047
10122
4863
14537
13322
5730
12402
9619
15175
2781
15362
11132
5648
14485
13283
14992
9518
5118
4799
12123
15363
12813
10336
11977
14961
6943
15738
6196
2309
7332
1141
4549
250
6352
10452
15198
7244
7271
5998
11967
5851
9087
7561
5139
5389
2538
4985
5535
6476
10129
16091
4915
14029
15329
9885
9852
14475
4481
813
7731
424
4320
667
11203
240
13049
15528
3648
12427
4075
3990
534
8737
5712
2476
3953
76
7791
11586
2185
1115
14634
6837
4550
6440
6948
6119
6145
392
10913
4486
6643
6416
3480
5157
14419
13418
10710
7259
11688
12052
14474
10467
6389
7681
11011
12010
4941
1218
3786
1512
3934
1862
10555
8406
2851
1174
2042
3825
7644
9832
8685
14990
1539
15401
10123
12316
12921
15144
1355
14833
15137
2153
1815
3910
5465
10431
3301
12053
8366
6139
8356
2247
2746
9445
5686
2733
11383
1597
13676
10878
15729
10129
798
8992
12387
7923
14004
8229
9626
12719
7380
2992
3394
3616
510
735
15237
9550
15858
6861
7799
15963
1431
2431
7115
13031
13180
13174
4039
14037
121
12635
2531
15026
6763
6529
2617
5828
10791
10533
12765
10339
11641
1654
13632
6542
11217
4447
11146
5273
13602
7510
9902
7871
9927
14944
16227
1862
14532
13294
1494
7209
12742
14404
4787
13406
8242
13713
16062
1613
1453
12760
11190
2043
11847
7600
15163
15402
4634
3757
2395
4857
11010
7350
11116
10436
529
14385
11383
2875
788
3416
16065
1358
11495
16034
12305
7794
789
3355
5617
7036
15714
2476
6198
10550
11617
6295
14365
976
12564
11848
15702
11909
719
5971
3591
7557
6704
6792
10371
9558
922
12024
8456
3777
4508
1234
9752
7259
10562
11135
8315
10318
14245
1543
3963
1153
13558
1945
3076
977
9417
11706
2234
7999
9617
5399
13386
14912
6406
4736
11465
7390
7421
1614
13629
11975
3334
8280
12650
6568
5017
3432
5767
9688
12525
8847
5071
7784
15414
8654
10310
5031
355
12246
6517
15124
11454
16205
5940
7254
1378
7572
14058
2195
14142
14671
11649
5722
16096
4657
7556
4705
4115
13415
2643
12604
786
1400
11265
679
12122
15715
4672
8767
8262
9234
8269
4008
13927
12584
2587
15971
11635
15030
1483
8751
1478
15851
2929
3566
11601
3579
12511
973
11320
11564
14657
10520
4421
14649
1558
4992
6099
15510
5120
2372
13754
3920
4661
2993
13295
7209
2189
1723
476
8672
4437
14994
936
15194
11666
13300
2507
3969
3562
1353
4365
10426
11562
2616
13107
4912
109
15631
10187
14490
2713
28
459
12357
9734
7203
13460
7568
9322
8995
5103
11241
1902
11799
14942
12857
2534
15908
675
8307
2529
4982
1935
5277
6556
10792
11538
15760
4332
12150
8768
15848
12178
446
1715
3873
3989
10274
11250
11628
2583
3738
7959
9245
8198
13902
3060
11294
837
1601
7871
10690
5526
12249
9213
9193
13107
14615
1233
4116
7816
1614
1994
5028
12737
10207
15086
9653
10453
13785
8585
10451
2589
10981
336
8487
15676
11241
15425
5137
15530
275
14182
12527
8725
2428
14727
11131
10676
3831
14144
13278
9789
5297
923
13699
7916
15493
5860
9402
6213
6041
4750
6177
12078
14162
10729
14318
11307
9611
14245
1181
6996
5326
1844
9962
8734
12598
10580
3736
9726
1925
6747
11345
8234
7821
16064
3834
9965
3346
11499
3065
7991
11363
12545
14573
676
7305
8705
6442
1544
7124
10393
12751
13032
2602
6955
6760
208
11195
16059
13884
3011
11955
2903
15443
6029
4044
12135
4860
7479
3110
5609
13448
4872
185
7647
2855
11995
3712
81
1538
1526
15797
9611
4306
5780
9324
12780
11311
16359
4661
1591
826
6513
15647
5561
1725
12337
10521
11744
7482
6683
2600
5323
13984
7769
1719
15398
10879
3885
11711
4514
15822
10013
5447
9408
10103
9760
8210
6127
12538
12977
12058
2973
14048
15081
3862
1661
9549
7336
10623
9131
10334
8753
411
5680
15584
6224
13957
9978
2219
1494
12739
11682
15811
12752
2518
6085
99
2084
10486
2570
10630
491
9081
2796
3972
11646
13985
3591
12877
3926
4543
12835
7979
1645
6820
6004
1938
11520
3359
15840
14499
13056
2023
14484
2532
8981
7049
16303
7627
14774
1947
6613
538
1085
16232
206
12718
1528
7378
2256
275
8575
15010
11519
8607
4128
14453
8401
11574
870
1011
10155
12118
6278
9893
13875
2660
2673
676
7785
391
12707
15194
7634
669
11984
1921
14592
12968
7849
15214
3613
8471
9019
16316
11266
10934
716
14969
11309
13916
13742
12753
13878
15431
8211
11494
1509
11004
4688
8026
8700
10559
12439
1074
10287
10454
3203
15398
15845
10586
585
1996
13531
3745
10737
15861
11571
12011
11691
1890
5488
7692
13408
16062
4364
13432
16288
12078
6963
7870
5099
8334
14737
2471
14288
14383
3201
8204
5006
6767
1620
14795
13140
10235
1936
12907
1811
1875
15859
10809
15945
12949
7438
12069
12761
3898
15162
15730
9455
6381
14785
7236
10484
6476
8603
3569
7647
7180
130
14498
11425
8683
11476
6311
8171
12638
13268
4615
5359
11623
4098
9959
13359
10204
273
1558
14069
7686
10485
3139
14115
9624
15224
9228
6392
14993
15396
13439
9916
14805
15502
5343
1504
15864
13594
15516
6388
10137
16268
13811
15145
2489
1499
15190
15401
2527
10537
12024
13631
1828
2360
1050
5478
9742
1486
11684
9351
738
6698
8864
9191
4334
4275
11720
10666
14394
5545
11119
6500
15276
7656
11738
13789
5118
8814
15044
2837
15109
5772
13490
6801
3367
9655
11480
436
12367
5910
131
12923
13352
958
3873
15035
6637
13468
4157
4595
10947
13792
3761
5765
3201
3534
11495
9539
15744
3820
11538
4492
10150
9026
12596
6252
4955
10296
14758
13793
4118
5597
10552
8617
5222
15586
8160
13542
5215
9783
10295
6955
6233
8379
10709
7919
5736
7892
15633
9018
8370
5453
11984
10196
12286
12491
1138
4285
5616
15044
5286
638
5212
8309
7853
4646
1734
12656
3454
9548
569
1808
12890
13622
12762
7335
11670
14777
1859
697
14433
9656
6198
14911
16130
15512
976
13228
7334
8451
6291
10335
13869
12566
3203
4517
13770
3944
14991
3111
12233
4844
1899
2064
6511
15721
5588
3832
14813
634
15171
12643
1684
13534
7160
13281
16016
4578
2740
2820
11367
4748
13947
4145
960
14921
42
872
15473
13748
756
9292
13986
8693
5556
3261
10803
7229
14865
4324
6295
8321
3703
578
11049
15599
2384
2865
2831
13256
12909
11243
11562
9114
9110
1659
3505
15153
1257
3727
7369
5571
14838
12097
14663
13286
8805
942
5100
679
14888
3119
4055
11777
11222
4542
9637
15892
2854
9967
10909
9930
9179
2772
11708
5330
2115
10453
4520
11925
9205
6287
9478
4844
6429
11664
9407
13960
9154
6192
8393
12581
3383
5438
3740
12220
13508
4744
4255
11978
15628
13940
16305
5018
390
15122
2270
14594
5062
15819
12182
4252
10635
13983
6960
7338
5375
6837
11267
98
2589
12224
6060
4044
2706
14604
1168
15920
290
11414
11815
4757
7019
12336
3939
3652
9716
820
8000
11985
14484
9421
13896
15227
9237
2408
8226
11990
5891
3992
2409
15436
7149
15193
5720
2755
6488
4541
11079
14402
6797
5420
9077
8789
9791
3047
10163
14229
2287
9350
7685
11893
15152
986
8427
14135
13527
10449
2665
16088
15203
6443
11687
2303
11230
2010
7391
7222
11703
14658
12577
4192
12368
11325
3618
11108
3444
2849
6875
5695
4951
6040
12258
6697
6608
6247
14552
3058
14782
14476
8814
2684
2714
13874
1155
3858
2091
1205
6885
10392
2710
2217
12215
7352
1163
6954
3397
11545
10046
2046
7478
3229
10106
8705
9893
6159
1328
4459
10071
8195
10594
2438
10749
2182
5919
5624
12346
11577
8642
325
6816
10088
3424
12322
10000
8470
12277
15294
8964
14453
12167
11088
5829
2772
11284
5457
4126
2427
7461
9239
13669
4705
12433
233
696
12953
5335
8114
543
12752
6252
657
8965
6038
11867
9070
2632
2068
13607
547
453
4919
12100
11891
9961
7917
5875
11568
3483
3352
9024
2016
12781
1865
9312
13262
5869
16284
6574
6740
9099
3640
3013
8780
13051
3724
15674
15282
5538
849
13323
10534
1743
14496
1040
2031
4623
4674
3968
3012
14415
4317
12713
2630
10854
14391
4466
3330
2143
1051
395
14763
7487
3281
9730
1989
10719
3940
9838
16251
11745
3110
12043
3546
3029
14461
870
5439
197
5777
5933
6055
13596
5791
7303
9994
16024
1471
8089
1614
11519
9351
5700
10792
1486
2666
14919
1777
10304
9507
8955
10873
15588
15142
14980
15823
16024
14343
16022
8380
4748
4856
458
3283
670
0
14187
3034
15168
12643
6706
11021
3566
3825
9652
11693
93
4649
8201
13318
6000
4446
5251
12284
2560
11829
11102
15051
7152
106
5398
10823
8720
6927
11387
9977
1197
3457
12428
6832
16229
13025
14871
159
7273
12524
10148
2809
1238
14298
7848
16050
13831
8034
8186
15410
11446
2589
12810
1760
15657
11608
15896
3022
8505
14682
14382
10167
7112
6127
7257
1165
13472
9697
13046
9647
13829
6188
2612
9831
12893
8362
8478
6852
2440
7021
14181
1899
13701
4106
1306
1719
1361
12354
120
5175
13015
9051
4983
6297
2086
15383
2566
16221
8835
4392
1002
10086
256
6704
16155
9278
1108
11467
14957
8055
1951
11531
283
4943
14082
9380
11297
7446
13538
9389
10665
5560
12063
13383
3393
8315
7477
13182
7774
11606
1558
15718
8972
10694
12922
14229
3692
15143
14630
418
7389
2037
15312
11777
2720
919
5818
8933
5233
5589
10433
3184
6022
10452
13837
11978
829
11901
13821
13803
3282
11915
12570
10512
16072
10356
6567
3491
11358
1323
13263
9310
7424
4228
12486
14215
15048
8309
2211
950
5017
1714
13305
15462
15429
3233
14973
6835
330
7870
10449
9341
3667
15050
11852
11840
15150
15115
6030
12520
10407
4353
12450
11923
15092
10643
311
8182
16300
12576
15654
10360
8733
12130
13924
5641
15233
11682
3349
7284
1517
4023
8552
2812
1893
3888
9177
15332
12807
5362
12224
969
9120
8760
4221
1167
8124
3891
15099
10722
5838
5765
3318
14259
13065
12268
4036
8044
3581
3835
7768
8108
803
13734
15895
11359
5903
8064
3918
11794
3991
14089
3017
11839
253
9660
2022
12652
16021
11001
945
6389
6266
9392
10033
1464
10718
6019
9687
6488
4420
4985
8283
4245
466
9623
5771
10557
15554
9759
13602
7217
13641
13003
11371
9210
3254
12862
13872
13427
1091
13656
16347
14553
377
371
5889
4253
2856
15207
6018
10860
8074
1577
10569
11767
12466
15665
7572
15746
11995
7568
4253
3497
10027
10777
7546
15048
5091
5743
14310
732
6620
10210
3193
9225
8922
951
4164
9138
14530
9674
15347
12030
324
11603
4561
12900
13980
6116
3683
12589
13417
6891
14462
6203
8157
4279
6115
8500
6540
11361
5978
549
1296
11156
9884
7579
3621
2631
11610
13678
8603
2748
11376
6586
12041
6011
1292
14722
8860
11128
15628
5079
9439
8613
949
4164
5625
6715
7858
16275
991
6731
4731
11623
815
7022
12260
3582
1728
10107
7124
10906
15934
13796
7269
13024
4147
4686
1241
13427
3178
6131
14379
9568
5553
13078
6825
4440
4506
6322
15835
16201
8636
6582
14528
9444
6989
16112
5799
13203
8327
338
14358
4092
6607
12308
15920
7552
13320
2221
14117
8753
8104
9586
7788
3322
583
15660
4542
15443
5237
2580
11341
3470
11727
3831
6984
9980
3787
223
10250
4178
12058
1331
16228
12743
16050
4376
12454
8633
3200
15363
1529
10573
3629
8702
12884
15468
9591
3433
4895
862
12940
12872
3407
15337
2538
13331
10608
4991
10565
416
40
13387
11030
1862
2746
14489
1725
1272
4811
1416
5506
15825
14779
15980
13625
11277
9009
14081
4748
9576
9209
6123
7430
9450
15431
13055
525
13710
11363
10497
748
10412
11218
8476
10853
11984
12378
10495
530
598
7067
6039
6987
12215
7190
15521
15162
185
11546
3049
13775
4201
7111
13230
2800
2451
8202
14615
14138
2339
6036
2326
402
11715
2279
14361
15536
976
4996
6130
6233
7125
9692
3359
879
13708
7026
13830
15999
10720
8894
2836
8731
11818
4777
3554
2886
10062
6638
3713
4358
15757
5093
1005
6903
3856
6996
10366
2522
8927
8524
10272
1429
9316
340
6833
3870
2478
2942
7286
510
8532
15889
11265
6910
11013
10376
8661
11895
3138
5148
5248
10072
16081
12819
8701
2674
4273
14419
16046
6404
14678
7804
4317
11924
10698
9919
13769
9549
14265
7017
2700
551
2284
137
12035
8222
6343
15890
2230
2769
4741
8323
4316
1725
11111
13726
13359
2428
12053
617
11328
4937
11492
13058
2956
4469
7612
15505
13447
12766
1555
400
13797
10766
2228
16190
15504
8892
3627
7755
10328
786
11678
5125
15780
14028
13448
858
2240
12685
3503
9157
11859
16310
10739
3322
9587
8985
8993
8478
12078
2621
1950
5339
6235
15042
14886
3050
11747
1509
9153
4176
6380
10487
7566
3266
5066
3918
14478
10829
6097
11029
3583
9860
1549
12811
10220
2706
5749
1934
10446
7436
12245
3115
11048
12941
15041
8406
6389
4539
1736
3247
7971
7435
736
1383
9503
16071
2711
5914
13099
11503
1859
5727
5843
11756
16112
12294
4686
2087
1678
16005
14794
3924
191
6459
15717
10938
15634
4858
13897
3907
4273
578
13931
12167
16160
6166
10181
12790
5313
6782
4330
3199
7745
14669
12193
10221
13497
1287
11859
7648
5611
10889
13728
10114
12580
1322
4016
7904
13958
13519
4844
15001
7575
16246
11100
11842
14994
7419
1365
5028
16041
9336
9300
6353
2407
13082
4764
10961
14455
5307
8177
10886
8113
6933
8756
3586
7042
9969
5069
1669
2012
3061
6927
18
5023
13622
56
3272
6640
12724
4844
5887
6997
334
15466
7863
14452
10265
8973
9674
12926
6071
7025
4948
6911
10388
14840
692
6018
9336
1848
15734
6795
6420
11563
8276
14497
5998
2698
631
14139
1495
10852
1506
12602
9835
3870
10959
4438
3444
14854
12124
16002
8126
2180
8105
14069
124
16309
15030
14857
12237
2548
10788
5590
3704
315
1675
4319
4348
9217
1759
11172
14391
14855
16044
11972
4603
338
1103
5023
188
12412
16269
6938
2636
7191
3352
7455
15825
16369
15451
8513
2868
13536
5675
8947
15588
7941
2843
4342
5116
10196
14356
3791
7528
12394
13975
16242
7234
13048
7618
1374
12897
14275
1103
1073
831
5754
14823
10321
15925
12841
1119
169
12424
6030
14755
5826
4563
12057
2275
6199
10868
2535
2519
3380
1442
3072
11557
8701
5093
2586
15933
9130
1896
14970
7612
9698
15006
4713
3496
11636
10515
661
70
7505
1414
1948
5946
9895
12369
8319
8014
13956
667
8825
6456
5223
16197
15887
11382
9874
6576
12920
16348
984
12021
9578
4600
10220
608
14335
1609
10241
16201
8934
15533
6016
8238
301
6352
11571
3996
16230
5447
10127
11994
9999
13732
6726
8106
8025
917
1178
3767
12180
915
6603
9377
9212
4411
526
1655
6104
4155
1660
3438
6014
6753
1576
3339
12523
14274
13061
13810
3725
12599
9927
1293
7379
4529
9709
13621
1976
4730
2719
787
12280
2140
12780
13584
4091
1435
8297
4384
11720
12333
15711
986
270
14075
9169
492
9651
10623
11275
8143
8881
14429
11155
13351
8576
3881
4844
16146
15804
8908
3650
13600
812
15034
10229
15208
14852
11020
7627
13758
11202
13863
13319
7229
10919
2742
6525
8390
2510
6021
392
16053
16112
11181
14774
5023
260
4829
3422
14394
6097
8466
1307
358
1383
10127
14052
12068
12039
4362
802
13497
6161
11169
11600
11563
9485
3500
7600
606
9113
1920
10475
14215
12608
11457
3054
15200
11467
1795
2235
8255
10969
8783
337
7503
13546
12755
10913
3798
10371
14084
13301
9452
7519
2089
15039
4775
11153
15664
7705
6081
13197
4956
15602
15164
3371
10444
13777
12671
1066
3285
8371
12568
14776
8463
15793
4455
12443
1824
8652
13406
126
4003
15272
14345
7435
11875
14128
14132
4851
4066
8700
12276
11111
12722
3853
13799
430
6888
5576
7072
7512
3804
13179
11698
10815
2899
9280
7919
9541
7552
3114
11846
5307
1482
2763
9539
6203
2023
10612
8614
8778
5655
15472
10890
8401
9237
6808
14947
9635
13983
12394
5145
5164
12230
8662
14855
1424
3426
4275
156
12284
846
16033
15522
9440
852
1738
1293
13745
4427
11740
11705
1553
6418
9420
10722
26
11147
12323
14019
6345
1705
8929
1883
5156
324
5653
14084
9895
15937
738
11830
8258
1255
8338
11934
2875
5765
8350
8639
2713
9323
4724
1496
10162
13290
11673
3159
6691
5378
1945
9479
520
15651
3626
4599
11663
15046
12297
16302
4510
10849
159
1926
14216
11083
8106
13140
14313
5446
9150
10005
15438
9311
9386
14058
10399
15492
5539
6104
16288
10937
10406
8556
14016
7662
10191
2447
6456
6648
107
8686
2051
3879
14062
15545
5829
10045
15258
12536
5394
2895
3014
15501
5256
1363
10288
10402
9438
2977
8550
11463
6509
261
10630
14398
11643
16017
10901
12742
1831
4570
13956
9129
10304
9033
4535
3094
14835
11763
3071
7809
11451
2579
13965
15096
9803
12979
9439
6600
9099
3006
1371
11980
7182
9674
7144
2494
273
4090
5993
4297
5529
8302
4481
3263
15318
15160
9230
4673
3848
9859
12287
3495
10825
5027
7176
840
11759
6017
8817
9906
103
11058
11038
11703
8521
9411
7956
5362
4360
6442
8559
2727
5843
7138
13513
5852
8159
4693
1795
6557
8080
6716
7931
14275
395
12071
7971
13496
9611
8766
10051
13254
3540
369
13892
821
3534
342
10235
512
7978
15938
5759
3993
15400
6060
15802
4452
1282
10414
2537
2506
14538
15320
1161
3017
6223
8112
2841
16224
8831
15761
2294
2986
11390
12075
3453
10685
12266
11250
13134
7641
5893
12746
12194
5944
7099
14980
13112
2847
7408
4480
10290
4668
5659
15000
10824
12382
6253
11990
4735
15921
5331
11200
1060
4950
1576
14230
5512
1319
5794
1069
635
11154
10204
11747
12355
15018
9605
814
13260
7719
6191
14904
5401
13461
3200
4000
15319
3780
3045
4905
14294
4469
2565
9642
6195
2835
11034
13371
793
13074
6490
7351
2842
8812
3871
1112
1107
13729
13244
7273
14850
1603
12611
16127
14948
2066
15324
15391
12542
175
16104
2930
10311
13668
1317
10895
1314
4207
4379
10805
9656
494
11336
11140
1945
14489
13344
14039
16230
16213
3066
8716
8598
3315
525
8590
13479
8778
14068
4977
15134
9345
5649
11459
10423
13764
13672
3481
6374
7609
6439
10388
10883
12828
8687
3702
5077
15826
15290
8478
15336
511
14561
3088
3381
680
7424
10358
2367
8976
11456
11407
10450
16238
12003
6348
10918
4887
6553
8111
4508
14278
7910
4169
10236
6324
14118
15080
682
4490
10556
4308
12465
11219
9759
2968
4539
12917
6444
5669
14850
143
10360
8461
11962
12296
416
12507
13446
16300
11211
10728
12872
10544
3719
9604
3961
10505
3860
233
3608
8271
12806
9264
13016
4667
7360
11921
12439
3412
1842
5796
2212
2263
6796
12809
14586
15445
6086
8563
11756
8494
14267
14624
6510
15198
215
6500
14760
8449
9396
3479
5833
4354
11543
3387
5955
5778
9141
14896
3798
3137
8854
2983
16383
7219
5671
8400
11951
15597
7939
9116
6515
352
14140
11433
10294
9006
7697
5620
2403
11867
937
1537
3315
2087
2908
15414
9075
8078
2277
15370
11953
8549
12567
13956
6214
3478
6051
13474
12450
395
14906
3764
13966
7180
11966
15576
770
3005
12715
4544
11133
9189
13781
7815
12273
3260
8366
9051
16344
15689
8213
7393
6654
6422
7213
14859
6132
9825
4898
9616
2301
11344
9738
11057
7472
15190
12219
8266
6648
9492
45
1595
10473
6723
7060
6787
15490
2358
5646
3044
8595
13791
15810
6401
10737
10411
7682
648
11883
7710
6580
8346
6109
7177
9227
10379
1725
8508
15321
4253
14120
8336
173
10203
11770
9191
2497
13999
5420
11286
4034
8657
10997
10233
14950
805
3657
2848
15647
9806
12798
8980
12298
4886
6688
7800
7053
12021
1250
1313
11110
7132
15190
3502
5479
12019
10695
2765
9060
11399
11886
12328
12710
6444
11516
2706
13324
10856
15311
4725
8169
8529
13069
3731
6061
15162
7698
13404
12967
13607
6229
9582
13721
8376
6137
8677
10357
3894
9101
12466
10679
4565
15695
7137
16175
14579
3733
2957
15402
12701
7321
13397
6931
4222
10590
15361
2399
8903
803
9794
3087
9222
8074
13485
4521
4778
7009
2505
8450
8536
13062
11191
7458
4085
2452
505
10731
11352
6519
9637
13267
16300
4596
15680
4567
9210
7330
2663
2202
15734
12745
4415
15745
14779
11796
928
7379
8428
5895
12415
4081
10956
7912
4362
3100
1217
15673
2668
7672
1184
7069
4227
1963
3993
5331
12509
10115
6407
12294
11628
11768
9625
15273
12333
6001
3689
15412
12958
2653
9210
5583
6957
13417
5337
2914
2896
14252
11937
4971
5512
2494
5325
879
13016
16173
3163
7125
3148
4403
9834
2084
13177
9305
0
7191
524
13884
13277
15318
4741
11736
9160
14046
1826
1117
926
11465
9169
8902
12456
2645
1127
7141
7555
3054
10598
14279
12882
8178
12245
14163
1250
4135
9096
8936
6577
3536
6863
9780
713
15282
6546
13752
14799
15875
15155
10592
13280
2196
4790
6639
5088
1877
8590
5040
13404
9739
8332
9778
13045
8809
461
1842
7536
1532
1466
11820
957
12332
15881
2570
3843
1728
10565
15226
15116
12633
9455
3418
1951
3265
11303
13652
14519
206
11330
13734
13687
12224
9298
11557
15569
5382
3158
10758
3141
15735
1043
14952
1478
11891
13275
9658
15761
9047
13271
1372
5295
11279
436
6585
14683
9864
6678
0
3597
4756
10402
2197
10513
11490
2082
14965
13579
2835
1171
3410
6272
4775
13180
15313
16292
11463
14021
9767
14612
11265
13571
14315
10321
13636
10018
2778
12459
8995
14350
4437
11195
9782
12792
13623
3837
2739
12290
14562
10202
16228
15998
3194
3815
12659
9053
4093
7024
12973
2514
13434
1232
16134
15789
6826
9167
9271
4390
8973
1812
2149
3753
15908
1613
11919
8716
10591
2297
7911
13412
11147
1413
9413
14451
4398
2499
7555
8501
10857
8762
12830
13040
16212
11706
15758
1657
9026
10646
2987
5524
12744
12073
4983
8057
1585
4613
83
10134
4964
15254
15431
11041
6541
8085
8682
2767
1710
13076
12241
6580
263
11457
13921
5698
15506
9112
7328
640
3719
10789
1864
3957
6556
9289
11271
4284
16063
3691
3767
9195
9759
1409
10504
3165
4836
4480
10913
1962
8052
1636
12470
6703
13274
8553
6469
10994
10447
4949
469
8775
1668
206
13364
16098
1941
10218
3532
13390
346
3358
16055
1317
13786
15763
1429
5022
11224
2610
14764
3107
2802
7772
1237
3017
1487
15082
2288
2885
4133
325
7382
13176
4455
1010
3804
3924
14659
11172
7586
10811
3110
10997
5421
7480
7176
8007
7108
9419
10021
16062
12546
5801
3054
13003
5139
7917
6312
12700
10401
3133
3343
13089
11250
10137
690
16267
2310
3678
15675
12818
8622
9818
15081
1005
2831
2577
3786
15593
3141
4461
15070
590
11572
7728
10006
9353
9529
14004
8855
15601
6805
952
1752
588
16095
4779
12425
10133
8487
4153
2105
9516
13095
2939
8901
8604
10214
14777
4118
4843
5342
15457
6525
8781
13670
6439
7073
7733
6099
9746
10524
3211
974
15512
4932
5046
11400
7332
2181
11749
7152
10947
2767
11416
16229
6374
10655
12204
3184
13233
8574
11721
3160
11479
2312
10101
10224
3448
3488
3521
9399
6519
5719
13472
8715
1323
13000
15214
9903
12177
5771
14874
8066
5619
6855
5706
16177
10311
6830
392
2814
3729
9438
15659
2354
11506
9376
15657
14941
1572
6773
7228
1700
12914
9201
4534
14253
8993
3638
6883
10736
2732
6324
4852
14398
9593
9849
8196
7930
3700
4533
6434
2212
13181
7078
11685
6147
5973
6440
16184
7830
6928
16200
10326
1986
3034
1991
4768
6024
13192
8132
7380
7658
2671
16380
7508
6079
4226
13964
15784
2500
15722
864
14558
12637
16186
13496
88
11076
11900
3483
6612
1939
14471
8487
12433
15873
4402
6755
1599
13523
12041
11090
526
12186
12109
10147
3626
11156
12970
8914
14412
2248
10375
7249
867
12322
1334
15011
9630
5994
3385
16355
7089
6479
4324
15838
4329
11446
5825
11299
6303
2347
7826
2205
13556
12283
4811
14525
10352
4279
11693
13056
11888
216
1902
12443
6827
3387
6647
14740
6396
5295
2349
10308
6813
16365
12319
3957
8115
1522
2588
13347
9175
16263
5789
8446
1607
12065
8857
13852
9671
16128
14996
903
9517
7674
9276
9546
11158
975
13906
16381
6468
1029
4415
13117
2391
2536
7158
14397
11971
2689
10705
14053
13807
6486
3500
5647
2776
4709
2599
10199
9041
11337
1471
1764
5637
9188
12037
7703
1330
8949
1569
8955
15313
15405
1275
6578
9946
16309
118
4716
9997
10991
14161
8691
15678
3805
354
7220
1133
4063
4511
10282
16135
6852
15057
4416
8095
11947
285
9790
7671
14048
8796
11737
7420
15321
5248
6964
10700
14823
8276
7720
7449
1472
561
6302
1662
2669
1557
15149
8746
16146
12724
4849
16147
4656
15122
1245
10209
3244
13467
12905
668
14653
5043
691
11307
13645
5977
13661
2468
11876
5360
3527
13554
13278
12194
2534
622
8818
15374
9735
9670
365
728
13223
3982
10885
7558
5885
15020
9294
1122
10465
2614
668
4276
12531
8263
627
15920
549
15159
13234
4436
8078
5620
1181
14071
8482
6378
1410
4315
7010
3037
9486
15369
2868
3240
3817
9447
16186
8076
779
7532
16134
7598
11504
8796
8013
7045
5614
14563
2484
13437
4617
10565
8124
13522
8850
14129
9550
8560
12178
6690
4679
1928
10615
15217
15542
16352
12183
4398
351
11285
15199
1450
10410
11402
3760
3761
4165
5098
4970
15300
7059
14140
2978
10866
5005
4352
12518
9288
2361
3814
2602
14836
5542
15097
145
12583
14594
4551
2462
2033
11267
12908
14228
850
9438
12107
5498
10203
5380
3339
4342
1821
7735
7444
11741
15590
2167
11736
11233
14335
3845
2149
1570
12985
1701
4102
3473
5868
14822
8555
3477
16266
8797
6633
2399
2805
2502
2877
4485
8865
9868
8640
10731
7865
454
9301
11175
7263
5263
15631
2237
3374
2451
1412
10149
15346
13087
5381
4066
740
2890
4315
16145
11362
14864
4094
15406
11378
13178
4410
15734
12858
4469
13951
14738
15405
4130
9701
2796
5458
10470
1036
15918
605
16266
10440
14483
12391
7618
13499
11570
12651
7086
11196
6566
7987
11377
7123
8215
12005
6257
12588
12680
13281
3366
4586
524
15337
1819
12003
805
1545
9009
8688
6986
2677
6558
7305
281
10968
15788
12680
12964
9624
11134
11397
3100
857
4892
565
12809
14111
3515
2733
10807
9443
1156
10765
8373
6005
14419
12192
11583
15996
6515
3328
12460
8147
6336
11323
13668
7457
4615
15222
10850
5511
8696
3309
14144
12730
9830
6456
7653
5801
10514
12125
1973
6568
3265
1192
13742
10468
1280
6808
1500
7978
8505
7628
12774
7223
9932
14754
11999
8455
5948
13812
6414
606
4942
9570
746
3684
1193
14565
3557
7861
4507
1530
2056
7427
15447
5214
434
9198
15
3201
10068
3353
15822
15161
16333
14269
8509
13840
13294
154
9622
6777
4017
9781
9597
9448
15733
7568
8086
3090
8848
9766
688
15055
10452
1033
6257
14777
1899
4657
11819
4457
11002
15704
12061
1013
3794
11573
4972
962
5453
9552
4720
15721
1156
11632
4518
8694
4441
12478
12946
6601
6914
3585
3895
12852
5907
2283
7397
7828
13282
942
12088
6185
1845
10687
3024
2734
7506
12604
8849
5225
7196
3672
5116
10116
9729
1972
4825
13084
3326
1096
2873
2996
2403
5551
4496
1159
1265
7279
15555
9087
6781
11112
6412
465
3896
15609
9527
3433
10989
14187
10174
3530
1439
13191
13511
10485
15392
13652
11457
3724
536
3750
9439
10974
14022
15704
2522
7685
3378
1000
11570
16035
15277
7727
1362
1681
12168
15803
12776
496
4146
501
7265
5634
15836
7916
7097
13161
9439
12981
2058
16117
11681
4333
13204
1860
3188
14172
15861
5864
8414
13569
10798
582
1695
8686
6736
8202
3433
7827
8251
7296
6011
7088
12986
4467
14250
14289
10055
2039
2736
5919
4712
3395
16069
12327
11933
11618
1046
13532
3596
2107
2170
9451
13762
2108
541
4719
14912
1404
9896
10669
5849
10645
12095
1904
6844
3324
3508
3359
8831
3461
6313
12713
15099
7702
1892
458
4329
3758
4019
5183
1973
12344
8871
6628
12761
13269
7333
14027
2901
7005
10599
2866
7596
8796
2009
1979
1021
6582
395
6030
1131
835
12954
5072
16196
8413
8763
8154
1931
15800
7943
11131
16302
10584
14600
153
13852
16136
15179
3093
4462
15697
10146
13958
1755
11142
9689
13362
6733
1522
3391
14402
1022
6182
11313
870
1120
1187
8129
15921
3286
8089
11982
3354
1913
167
9997
11176
16115
15508
5633
4021
3277
10049
7381
12737
8999
3215
3483
16266
9790
2894
7125
14746
3468
8149
8953
8012
3171
6632
4446
10929
2999
15315
4607
3672
6231
6816
12538
2555
2410
12468
5592
14915
7255
701
2265
4150
12598
10787
856
7646
2577
2966
10255
6149
12745
15351
10608
10740
13882
9785
132
15871
15793
9092
2195
10114
7518
15484
9051
3885
434
11034
1904
13596
3281
3293
6187
10232
7553
11988
5815
13634
14398
5340
9512
15474
392
4187
317
12860
12936
8066
9352
15172
3807
8511
12642
12838
1252
13533
7787
14251
12579
12052
891
15633
1640
10075
4789
15996
8785
9877
1229
15924
5221
7524
5296
4877
7083
13895
15140
1630
12135
13585
8093
8799
2242
3038
2201
7745
76
10951
63
685
14500
124
1017
2211
13786
13564
13658
2848
11781
6661
8612
1808
7770
7207
8841
14976
6965
13012
1608
2496
1063
1510
13851
14421
5018
11468
4147
4450
13527
3337
8053
4712
5258
10678
15140
13004
14579
16010
11341
6857
124
11324
15821
10349
3592
1459
195
15757
3180
283
12086
9527
3217
14784
11254
13020
7020
11313
6926
10906
2884
15000
3403
14739
14572
6534
3428
13007
5681
10481
16122
10324
10804
4354
10824
2378
589
7798
8445
13684
6064
2447
15451
2141
4486
10516
7113
8658
7998
5745
2802
12206
1048
1851
5399
14241
13865
5067
2608
1571
3748
8293
14127
14591
14924
1938
5580
12218
11494
14088
9840
8257
11718
7712
5057
6014
12346
9181
7868
5112
9117
4986
10021
14173
15153
6319
14362
11375
10779
15881
13911
4170
5451
11106
4284
8313
6085
7469
12510
11918
1845
7834
613
6409
1835
14273
13353
12678
15521
9114
7128
13265
1642
743
9873
12420
9644
987
15746
15034
801
8223
4705
5129
13407
14831
5677
2954
14157
13054
13999
12086
1824
2750
457
5880
10463
12678
11584
2779
12806
6783
7603
4357
1795
3913
15691
235
799
11935
1827
990
13364
12830
1107
7333
11567
6615
11778
11202
15037
8645
1308
3207
10992
11245
6134
16082
14982
6693
598
1899
3505
5290
1715
10639
6693
8212
4343
809
1359
13195
7169
3509
3425
212
5144
8204
10588
768
5405
5123
6991
11794
7774
4811
12167
13559
1003
3257
8126
7472
918
3646
12656
6665
10646
11202
15299
13823
14738
6465
5033
14431
2933
8034
13818
1780
15684
11491
7270
10244
2899
15089
3820
10146
15826
3322
10597
2905
14252
1475
10037
11950
15812
9209
7156
12975
12776
11979
13016
7228
5986
2766
5618
10560
5177
9806
11726
5519
14669
1209
9862
13710
164
10868
9726
15320
7415
6869
13421
2735
13991
13257
3364
12803
11042
6874
648
2096
14339
10885
8708
9060
9504
9400
1872
9587
3292
8254
1044
2366
2409
863
13270
13955
1279
1940
4980
3387
2920
6931
11828
1407
6542
7916
5286
6903
14911
6520
8438
5708
1476
15026
6442
7230
7849
4916
2851
10866
11360
8517
11956
14317
14345
4250
3936
27
16163
3577
12390
2093
3644
520
14830
9191
3522
6215
7243
10969
3089
9359
5787
14683
6579
13463
1175
12739
1383
5418
13038
5524
15517
9054
12505
15834
613
10992
2828
10732
12218
8657
5367
12638
14071
5683
14123
514
15731
15421
11034
8037
12953
11956
15117
10382
15843
8796
4685
13051
1862
10747
8907
7923
5651
7812
1671
10877
4986
14730
15817
1879
3970
4794
9869
2303
1809
10019
11913
4299
866
15156
3032
11070
12624
1637
7752
10450
11868
458
4349
8106
5510
11386
14317
9364
13112
13599
14304
10218
14864
13353
11769
13691
8426
7746
14588
11593
14346
14036
11904
15307
15346
12580
15631
11003
4733
9877
2855
15977
6322
12571
4130
4635
3454
4892
1938
7788
11070
13386
13423
11378
11273
5931
11308
900
2086
1378
6697
13430
11668
1650
9378
4715
5638
2455
14612
10892
15017
3198
4984
8908
13153
8475
10301
5157
14287
11811
11952
5979
3080
9397
3170
928
8498
12859
5769
4973
16193
7883
15330
2460
567
7956
15132
977
538
12793
13367
863
15553
1659
13323
12937
479
8330
10133
11105
2112
10474
12365
15981
11900
7723
2141
11438
4049
7997
8836
8309
12531
8279
7500
3993
3943
16055
13063
13156
7148
10774
15566
3789
9909
3431
1973
2408
13666
4257
12392
7391
4391
230
11537
4876
15259
5736
224
7670
12386
13622
5861
2919
4031
1600
8854
4646
14652
2094
16293
11179
7425
11270
16328
6159
1110
12418
8557
6720
2479
5369
11438
9453
5151
3249
625
4093
9542
10239
2383
1867
9584
13098
14349
3499
53
2367
15581
128
5959
6388
471
3036
13594
16361
3854
14088
718
1855
2150
208
5361
6388
5355
12469
13698
14884
14020
5605
143
6024
2210
10460
13874
15204
6155
936
14418
3310
2317
8525
2416
11594
7697
1714
5552
7504
1472
8588
1143
5427
8057
13120
13682
277
13317
9331
12493
1720
9568
14980
7725
12518
1128
10861
810
2444
15662
2021
7094
7202
2347
8463
7163
11924
4366
739
6668
9921
6648
1707
10630
319
13620
2421
11090
4683
7173
2002
12234
5127
13901
1681
15090
15367
8962
12568
12360
11286
10888
15846
3295
15411
1898
9060
1488
5678
2862
8978
1916
16171
6581
4926
540
10215
2565
13526
4720
3221
11898
12496
4094
16200
6855
2124
1109
1388
14186
7461
1614
15144
3783
3637
2559
851
13917
5059
14383
11692
15477
14894
14401
16295
5899
4329
3528
8929
3920
8477
9484
12876
6948
14752
1926
12825
907
14974
14390
12336
4004
2954
347
3445
5029
6741
3195
5757
4709
5455
14488
8942
2422
5969
11031
1610
713
6150
13257
12976
12060
9954
6566
2864
3453
1535
10345
2533
8090
5512
16170
6245
5832
15894
6956
766
11437
10029
11477
6940
5839
14851
6535
7761
7966
290
8003
4002
1643
6835
3883
9409
7071
5336
2718
7172
4922
12127
9152
2788
11757
5765
7233
6193
4183
8149
3280
13841
2159
468
9285
7645
8204
11479
12198
16238
13137
10609
2119
5585
3777
13066
13439
6977
10606
9213
9174
12397
921
9407
5563
7385
7646
5497
1375
12172
2304
14354
235
9146
7934
10946
11962
5401
6942
16265
4854
9482
6946
11616
11999
9273
108
10159
6223
12585
6081
15244
2351
1880
12863
4760
15047
14279
7223
10867
6144
13705
4660
15596
11295
10786
2483
11322
458
10046
15987
10696
2291
6602
10112
11
12314
3363
10150
2516
9392
9534
10569
2582
15809
2653
4348
16287
5624
12921
2822
6776
8324
9511
15612
2206
8917
10488
1373
5446
8390
1367
293
3914
5873
7907
4041
13860
14172
3876
14008
4018
2527
3900
4912
6127
12508
9968
5105
13846
12882
14002
9539
6379
266
12807
10089
14038
857
6573
7416
3259
4670
8502
14708
14225
80
347
605
13888
11306
7180
6284
14222
1911
9031
14142
12959
1810
15556
16131
1156
8534
4302
9549
12086
12865
6397
2184
6983
14633
5200
13446
10571
994
1574
11154
13374
3675
12638
15054
12868
4859
1729
9066
5853
1202
11514
9130
2530
1916
12542
15658
8639
8144
3582
9389
6193
4617
5371
5920
14314
2018
13490
1936
2932
1679
163
3173
2730
15830
5622
2617
10323
395
13743
5730
3585
880
4208
4386
4164
2347
5560
11941
2685
15615
15320
4624
5922
12519
2340
6418
14958
329
10161
3402
15049
8520
16066
14898
6496
11599
10357
2183
3245
9728
5008
11706
12088
4560
5336
12323
5368
7232
223
8504
13710
8798
2026
4003
5127
606
8966
11987
12876
14167
5316
6762
74
6603
842
13060
7629
13082
16153
9286
815
15948
11554
4532
15877
13036
4978
5556
2051
12972
12967
2275
1739
3906
11305
1328
3861
2981
4003
6487
2099
14777
12218
439
3728
975
9762
3902
9440
8198
2016
8303
8440
3412
14347
9841
5766
14820
13180
6179
8226
12848
1097
7715
9991
11164
13271
5745
2879
15531
16035
13677
6395
61
3969
3847
15075
14003
14835
12827
14714
3630
7338
3497
16321
7182
11779
14437
12946
1692
5867
3104
10748
12214
6443
1527
9215
6018
3780
4042
10419
5072
5175
8305
7299
5096
6742
15925
3856
9656
6956
9880
2620
12259
7667
14068
15903
7950
1351
16115
2337
11444
15036
12886
14504
1020
1613
41
8964
3946
1609
4765
11445
6816
1299
7110
4203
11528
14117
1721
10752
1491
4444
291
97
10789
2189
8053
12484
10153
9526
13911
13072
1283
8399
632
13251
5661
3828
15650
7064
13334
2822
3580
12296
4523
16330
8411
15625
9264
2434
4407
2726
4086
4882
157
15442
10054
12540
7992
2607
9356
3019
9986
14863
3553
5956
8647
12617
10637
4614
7128
4177
7168
10430
5285
5910
12405
10216
9499
5908
1521
14268
4189
9035
8961
7146
12664
15731
9515
12273
5485
8569
6823
2993
12890
5618
13513
9953
8346
9936
12949
10181
3545
3869
3732
2237
9398
1551
5136
14868
14300
14593
3594
1634
11792
462
3165
5555
11834
13491
5942
3742
7930
15335
9322
4595
5272
9381
8026
3860
2175
6796
6249
10280
3355
4351
6245
15504
3181
5792
6441
9608
3303
3068
6482
15972
12030
11349
3138
5267
247
3480
9276
10522
13643
8394
10892
9146
10781
56
14299
13183
14839
15850
7101
1722
10906
8171
13196
14533
9576
14866
2806
9890
7117
13011
6676
10829
15591
8334
11370
4796
11869
4226
13858
14410
953
6171
4269
2063
5461
8688
1895
376
3554
9741
6069
13979
1212
3090
16277
6291
8808
5167
6294
9038
14307
5745
5514
4423
1804
8286
3786
5387
4279
15040
4453
11899
4443
13344
7221
7106
15099
9223
5216
8812
9170
6699
10205
7200
10678
4561
5449
3358
1737
8078
2771
6666
10177
7976
5569
576
4916
3489
1874
13135
8352
8220
14364
11200
618
7399
3663
15770
3222
8924
6630
7987
14582
10814
2330
12198
1256
9125
11131
5972
6406
10427
3833
12446
3358
8762
10949
797
1656
9281
11689
16126
2489
9094
812
7342
4959
14252
6563
3877
16114
7562
11881
3000
9463
3932
3570
15098
12491
11280
8625
7235
55
15791
8855
7797
9593
6271
2758
4275
6774
14134
2208
10951
11884
14772
12945
9766
1128
4605
1834
2232
15617
9405
11895
15203
10614
5598
10408
6737
5561
11388
4104
12445
14927
15026
623
10525
8099
4590
6614
7590
15886
12687
13067
2412
5802
8381
4706
86
10721
6391
13633
3367
12442
6275
1930
2344
10887
14503
5423
10024
8439
5566
4640
3412
4370
7748
13731
6998
4998
11617
3629
2337
5791
13068
12059
6828
3566
10737
11135
16281
12559
12595
13684
10367
16040
1049
3094
2707
3948
11004
3797
9106
3986
6692
5929
11192
1485
15498
11627
16086
9159
10768
2107
14967
199
9076
3583
16283
4759
6271
4176
4858
15047
9969
6610
7180
14500
15482
11339
7765
1582
1511
8413
6373
11724
3858
4396
14069
3087
2211
6664
15560
14663
4690
1259
15823
15150
12835
6132
1981
6858
1457
14021
14003
317
2042
10600
9946
15597
8715
15158
13664
4248
2603
9437
15909
13703
2467
3854
14475
4990
3253
10028
10031
11172
4378
2706
10144
9705
12063
7592
3683
4875
9714
14530
2747
1249
15231
6930
10526
8530
10048
11549
1423
3281
13097
10983
4134
3442
5208
4857
3608
13604
9434
6432
3172
620
10102
9267
9770
7178
8264
1610
15773
12038
3692
227
5326
16348
8931
5014
2890
13983
587
7267
945
623
8729
7526
15008
7340
15579
12582
1771
10151
1588
13680
503
7381
14808
6313
13911
15740
15390
14653
9500
10138
15185
2052
7558
7704
7085
15271
1697
11897
8733
5793
15191
9450
3844
10853
3353
15562
6735
5566
11377
3127
3661
11693
249
11165
2404
11187
15240
2657
1246
13965
817
6262
15531
12438
8819
373
13729
11786
2331
5729
12507
1413
15618
122
4820
9100
5480
11732
8739
78
10358
648
15356
3010
11408
15802
5451
3093
2834
7648
2534
160
300
4920
6265
9790
2883
12066
10107
7821
16353
8897
14735
1352
3100
12681
15041
13465
8179
5081
13061
6332
4456
5309
8058
15914
8641
13360
9238
1133
6283
10193
13300
10854
11551
13129
12004
219
8902
2043
3271
10988
2778
15313
16054
4824
10334
5702
9677
12754
229
12920
4843
13303
