1712
1713
485
1675
1710
155
1023
1222
464
858
423
1962
469
1559
1509
962
484
1236
579
973
79
423
501
968
1408
1674
712
1316
23
564
19
1416
1392
1305
191
657
1317
1180
581
1913
1881
1593
597
835
1183
1595
312
821
959
1400
1760
735
840
1662
1020
1833
217
1592
582
560
1786
854
167
593
102
1338
1686
721
85
924
1807
569
1288
1806
432
366
297
210
1394
631
902
1305
1420
573
1847
13
83
1750
1657
1036
481
397
1899
1203
1596
572
1227
979
608
1408
1853
1722
985
1915
1118
1283
320
717
879
618
1096
601
689
890
728
666
260
466
779
1103
179
1624
309
1930
635
199
41
943
1349
1177
815
1073
69
1226
359
1962
515
629
1532
858
1974
753
395
911
1572
1882
184
1230
1639
1476
307
332
1092
342
934
136
186
902
494
146
345
523
1540
1135
1487
372
526
308
1349
1157
1466
445
440
1877
1617
1311
557
1571
1045
1630
894
174
778
1193
1706
1057
743
1579
156
1855
1664
1956
1064
273
1284
614
142
1255
115
852
1280
915
1581
208
1613
197
902
200
673
953
1201
173
492
1149
1047
364
1748
1715
411
1364
797
879
1239
1929
291
128
145
749
396
426
477
131
808
1365
1502
864
317
917
1000
1061
1916
376
497
1010
611
829
541
1874
1315
72
126
1256
1588
1438
616
658
1045
1080
381
340
995
73
1612
1449
242
443
1783
1758
1199
1279
574
440
1285
1951
1855
1527
350
1196
608
1688
1237
1200
130
287
1767
1138
1799
12
891
1829
1934
236
134
488
146
1175
579
1618
1561
64
1801
1031
1093
760
128
655
1837
475
1783
594
166
819
198
99
921
869
2000
1579
171
1128
725
312
1358
874
194
1599
374
147
1754
1375
1476
587
1652
1451
1247
1231
1455
1796
143
1023
1297
697
1454
1619
1203
35
884
1523
436
449
1864
399
176
788
711
1859
51
635
1055
1255
518
1249
500
312
1855
990
1442
1205
603
986
1674
206
752
497
273
101
285
1055
1899
1335
565
1374
707
1654
1364
759
1948
1907
474
1810
1635
925
1499
393
1638
1674
112
1283
980
1797
143
388
1412
66
1915
434
1657
1423
1767
1953
179
51
1797
1878
1433
1252
604
155
598
725
1220
202
146
1026
539
801
1175
1128
1531
1144
91
686
699
348
1922
1203
1912
451
458
446
1453
895
809
1666
455
1431
522
673
1299
1664
160
1665
458
102
1317
1746
1783
1683
179
283
1167
1492
1517
1241
808
1353
1786
719
264
615
721
215
1763
1037
1443
890
1877
953
846
904
1008
1525
908
1660
1284
482
1988
998
1394
506
1012
1157
202
805
670
576
1074
585
1395
125
1905
100
1284
32
529
1522
1327
1624
277
749
1699
1001
1096
552
176
658
260
1012
1749
1377
1120
1521
1464
43
56
149
1007
455
109
1084
1453
1763
874
456
802
152
1653
1075
1900
71
1855
1687
45
216
471
980
1091
1023
396
1338
1832
1178
129
613
1845
595
1035
1070
709
1523
804
1489
1874
562
589
502
372
525
466
90
851
1765
1347
1430
1904
1718
763
890
1581
1721
1811
1712
172
1610
595
1442
61
1245
1371
1161
1443
322
326
1780
203
164
1534
1161
1374
753
118
207
84
1333
615
274
1255
1720
106
2000
757
1957
219
1292
953
1436
323
1920
140
1936
423
727
1707
1757
611
85
1457
655
798
1909
1177
1057
782
1710
1413
693
1301
1087
934
1958
245
1582
299
323
548
512
1135
1220
1432
631
970
1311
580
258
652
60
160
576
110
1202
172
1352
1179
651
559
882
678
1458
370
1854
659
524
131
171
916
1338
1605
1704
1610
1650
1698
1454
469
1564
690
229
1311
1942
796
1509
522
845
1985
1926
1214
493
976
85
1149
1079
1987
321
1965
969
1743
1969
1958
352
411
286
1786
893
57
1904
1297
289
497
805
1972
1546
222
1327
1246
1814
1755
803
78
1755
121
1490
1081
611
644
1167
1950
1381
1864
1967
574
1992
1489
1293
1197
1829
1254
1218
497
42
3
1176
591
1465
1982
33
1633
243
1476
856
1320
1087
1391
1861
313
1882
464
157
1225
523
1853
513
620
1833
1860
687
1169
1654
1997
782
1714
1679
1984
1515
1806
1178
857
572
412
1673
581
567
1387
1687
702
1583
1496
676
265
873
1019
382
429
1695
154
1584
307
1735
1792
1641
1123
939
647
685
998
960
189
302
974
557
1769
1404
1757
342
1058
1017
34
1476
584
1021
165
1247
1933
347
508
431
1607
1197
971
63
754
1085
1855
913
1666
794
518
1586
275
524
1329
801
839
1104
1111
1758
588
187
1877
776
530
856
167
456
1277
1481
930
1186
1181
878
1620
1455
1911
410
1413
1369
1002
1182
1722
1068
533
625
382
1074
1797
1582
843
1334
444
1629
192
1970
1633
1255
554
1044
514
983
690
181
1337
1722
441
1187
293
213
407
1579
1837
1150
1145
181
224
1753
1439
22
1082
368
952
1024
821
252
1229
1492
718
1996
781
721
1159
1189
445
1204
450
1226
1483
752
1007
97
706
538
456
1839
1136
1838
1109
1201
1499
1077
1673
1147
483
1476
783
438
76
117
623
707
1682
1810
1488
840
1901
815
291
1420
621
315
576
1805
773
825
593
1748
771
114
1148
1685
1575
1056
239
1782
1723
1198
1118
749
1736
771
1457
1923
1802
4
1975
1975
1291
1102
1693
750
605
701
1144
1328
642
605
1262
102
375
64
74
1564
69
1313
1307
1054
1421
1241
1419
1116
278
1315
1008
1200
1289
1286
131
1889
217
738
1067
726
1453
517
1819
1189
525
375
1330
1497
1096
57
618
306
533
1520
1092
1539
1431
1637
1446
1463
1302
866
178
686
1006
1768
577
1588
1103
1105
1278
578
683
214
1385
1029
1067
1919
1023
1257
1736
495
1689
1658
1123
1010
354
675
1557
1626
1883
1643
1018
1089
1390
1072
586
1775
201
717
884
52
1463
618
1637
731
410
1259
1385
789
364
1119
278
1154
1880
1350
209
1342
619
1761
808
1664
1003
1513
623
1629
1483
1367
1702
1552
1069
1796
6
1969
1421
372
922
366
550
407
962
1316
1016
221
1427
818
1278
209
684
1080
1057
1629
717
1018
1801
800
1400
539
1057
1255
359
1184
648
1939
1960
1036
885
11
1076
302
1844
1056
1236
1304
610
1468
965
359
1671
1112
1671
220
949
1934
1757
470
444
1208
1240
819
44
774
1904
758
29
1347
1713
1471
190
349
222
659
856
1825
189
1102
843
392
1985
1564
1137
1534
1317
1498
92
1642
1835
1469
1526
812
1906
1863
1591
1610
659
322
1972
41
589
27
1019
1338
1884
1839
1772
1168
1531
1452
1442
1362
740
1847
23
1269
1581
1838
1781
1
546
346
228
1485
1332
575
1494
1640
414
472
35
814
1682
1312
847
23
351
405
1167
785
271
1680
103
467
523
387
1224
1216
685
1298
853
885
1007
1179
6
1343
1539
296
1952
1516
1154
408
1328
814
403
615
1397
954
665
391
1416
79
231
201
1950
1451
1887
1666
1404
199
1830
86
1505
1469
715
1857
646
757
1411
1362
451
1489
807
1707
1217
306
797
5
1722
1303
611
1353
762
1904
1249
1366
307
259
648
384
860
1072
1284
1726
1657
513
1640
1642
137
109
14
66
1580
688
1322
608
480
1149
1118
1255
574
1300
1870
1177
1138
250
1210
1545
92
382
94
936
1579
1221
1957
1525
310
414
691
1618
76
943
889
633
1130
1572
591
1358
946
998
1409
1962
543
455
1698
1038
1968
936
163
395
374
142
231
142
275
209
1419
1005
184
1573
1469
471
1238
889
1599
880
1296
1797
634
1643
660
495
1426
1945
1243
157
72
1328
941
1618
389
1149
715
1273
1541
895
17
396
37
1670
67
1998
1693
323
1143
932
1513
1980
888
1509
228
733
1293
1035
943
1737
1451
59
730
1157
1177
123
1412
1069
1659
1294
1838
1330
722
1392
778
1558
1316
1713
1400
250
1889
1971
172
1941
39
372
1296
649
1496
850
486
582
1682
1354
1840
1034
1531
772
1133
186
1606
1346
28
1504
1748
1063
1719
357
310
1112
115
1121
1665
426
1018
1424
626
159
193
613
76
1450
1467
1378
750
284
1748
373
201
1068
1261
877
428
416
248
1640
1289
1679
1649
1987
407
1002
1947
290
45
1254
896
1963
350
426
241
744
1264
1501
1053
456
1497
1187
211
1210
54
1446
1820
1678
890
915
1038
348
837
1263
419
370
763
1683
1604
77
1993
1449
1432
463
1993
1536
1543
743
1737
471
1431
1806
1231
1413
1461
852
1946
1157
496
1520
860
1829
1682
834
226
1542
1091
1130
91
374
588
87
1279
256
1430
1115
604
608
1446
1835
440
1124
1578
489
1172
993
1376
386
1451
1587
193
1326
89
1184
387
1505
426
1886
184
12
1757
291
1179
196
477
75
1561
1105
483
1991
532
1482
1406
1795
1201
986
32
1759
329
1782
1246
1672
1169
1747
885
1336
1589
1944
401
931
1900
569
105
1457
900
185
58
1747
61
1477
1583
654
413
1745
1508
270
256
1048
216
1955
1062
535
1310
587
270
426
1259
1549
543
1796
237
1013
263
1422
52
1532
1467
1554
177
1183
1057
338
1663
222
30
1989
648
671
1713
1598
620
1875
1238
186
859
1072
1119
652
1975
909
1583
791
502
366
1959
130
406
881
1182
1804
1947
885
1725
714
1628
1484
540
1999
1885
857
1056
783
694
1051
1013
985
949
348
570
762
830
1272
39
1105
27
382
1689
459
965
440
928
1794
640
1810
1386
371
1935
1127
1530
1606
1657
1163
1243
1700
661
778
45
1050
1045
109
1934
1190
1625
1472
1828
173
160
230
1167
915
1092
282
1337
1991
908
1900
1382
1564
1262
1719
817
391
1755
94
256
21
1411
1433
1466
1073
243
1915
67
157
1498
1222
195
294
1719
195
1894
1498
13
1572
1729
1859
1631
1099
306
1067
1516
516
320
1536
860
1501
1599
388
1171
852
1023
20
1011
1283
749
340
554
1881
190
1432
996
436
224
780
869
1304
1433
1652
630
641
764
1906
512
894
378
1126
1016
1375
1649
65
582
1341
926
189
634
1805
1308
1583
1781
312
1801
1140
1761
1520
15
1586
275
964
892
60
934
30
831
807
193
1289
840
957
226
257
631
952
927
1442
1070
1202
1521
1681
1314
1319
1980
471
1428
1589
760
962
620
883
1720
730
1765
452
1817
187
1379
206
1919
289
1718
739
1102
238
749
580
1268
1176
561
776
414
429
421
541
1393
1541
1457
1435
1159
959
851
246
605
470
1608
314
1298
1838
1285
1351
1542
183
475
1403
1390
1735
121
985
1558
1708
1566
1664
124
985
353
1708
191
546
933
736
983
1919
1669
124
743
1348
728
1189
1079
1567
1980
1620
1809
1192
858
1540
1105
880
984
1397
68
776
930
300
887
617
1591
452
1961
1420
1261
372
1118
1215
