809
267
1853
1068
78
930
1835
2021
613
547
61
741
963
1471
640
1241
325
603
50
1456
1672
1455
1905
771
1311
1557
448
760
1220
1332
1573
1099
715
389
1936
618
1464
1699
78
1900
1974
1139
2042
1698
1204
239
1116
1638
1488
1003
1416
1685
460
2043
379
223
1959
1803
502
373
152
1600
533
1806
1468
176
1778
870
517
29
1708
23
2007
1546
764
1757
13
1436
332
304
680
612
1852
1558
970
433
1048
1812
73
1910
425
1332
1206
693
1338
781
1427
212
1869
1119
1203
313
962
1370
1722
1586
774
1922
111
1916
1651
771
804
222
763
798
343
222
284
733
549
654
1536
1919
473
828
699
1685
1904
163
628
1034
1510
1450
1370
1585
556
1489
1743
245
1977
2048
1351
27
897
1354
1286
1172
65
1773
1813
1577
412
644
371
1048
1378
1214
1549
1469
455
1372
1372
550
1056
1314
296
61
540
620
1408
1158
1132
1678
1799
1634
1816
881
224
1552
1879
275
1330
448
851
1490
508
589
1747
1452
915
1395
186
1969
98
703
115
454
49
510
1195
1454
58
1859
123
1808
1947
2006
239
1592
882
1663
718
561
78
1493
1178
1245
1461
1323
841
1521
1692
850
930
753
224
1897
1584
215
1404
1853
1074
1300
644
1069
634
1223
1421
1164
992
551
640
633
236
853
2039
557
1058
757
1584
1564
674
1753
2017
1942
1763
1051
1231
1645
697
1759
1494
82
660
407
143
1222
748
1043
1418
1759
759
2029
831
494
1750
1347
94
513
306
834
463
621
1762
993
1538
1268
440
856
486
971
1534
1574
1783
1181
1332
107
165
1704
1747
1903
914
1014
153
1927
510
1513
1957
119
1260
1636
1962
825
1095
1118
1224
1144
1470
1930
602
114
1967
356
1105
199
2021
563
672
941
1475
210
276
714
1866
1786
1578
1714
1663
681
1828
1626
674
32
537
1470
63
969
987
505
82
1455
1892
1764
338
2027
28
263
1859
1788
367
1789
515
521
124
1362
1217
308
335
1569
1702
782
1624
485
1105
167
1342
1360
544
1991
684
1312
1614
669
304
790
453
160
46
256
2041
1243
408
47
1628
339
378
223
1322
1375
763
964
1694
1045
1534
1825
466
1144
1428
1254
840
932
1556
1390
1390
355
635
466
985
595
1055
957
1598
153
590
1915
1099
456
1324
1970
1927
1004
75
1320
1120
706
83
496
283
690
1710
916
374
1843
1947
1623
1459
678
1471
1000
222
1405
1400
1911
1389
1964
1940
1572
1643
1492
652
1040
459
1811
1201
214
1214
1731
1180
5
1371
1543
73
1462
1245
963
255
930
936
1730
731
879
1426
550
1459
555
241
69
154
1014
1304
239
534
577
1490
623
1530
1895
794
1288
1495
93
1250
29
1356
556
1313
1759
185
1401
1260
353
457
404
1331
20
1820
24
742
615
378
230
1769
1409
1036
1622
1370
291
168
393
879
851
413
393
1555
2027
885
1624
698
1382
501
1586
1813
1900
1498
2009
942
1007
24
60
220
2016
1011
1278
1721
1349
1326
1913
44
463
1347
949
2019
1897
1563
1370
758
1712
818
2023
1562
1563
89
1185
1309
2041
1403
1100
924
1003
1745
1196
1132
805
409
1538
1595
1052
540
243
139
1388
1867
513
1655
564
1405
1095
261
343
1874
105
31
444
1485
1093
1515
1888
383
203
2024
1685
1095
1514
1594
815
170
416
881
856
1642
1086
178
179
1829
591
893
1847
2
1265
163
1512
1492
114
1268
924
270
1546
1460
1275
1237
84
1978
1827
963
1804
1756
554
440
1598
1748
1959
1595
1460
1006
508
1529
1248
1254
217
1440
936
228
262
1469
490
1665
1627
1433
648
1016
1573
957
278
762
990
1269
1352
1853
1096
950
405
293
64
1543
1889
611
425
1356
1619
1927
1442
900
1195
189
2038
1348
1697
56
779
224
913
1224
109
554
1728
1595
557
1407
2015
97
1942
1733
821
1996
549
337
68
1490
364
1929
1955
1307
608
1030
1851
423
412
96
322
1938
1787
239
1889
1413
590
398
705
502
1817
990
1528
980
1982
109
1253
12
912
1975
555
1223
497
701
371
1153
128
1508
294
937
86
1865
1693
1011
422
133
771
951
849
737
1389
883
890
1455
562
195
1410
1698
1456
845
647
548
2002
135
503
1430
1739
442
825
481
1994
1987
850
1005
218
622
796
162
990
1693
646
1329
1127
1106
541
802
1452
250
1171
896
1580
464
1691
1967
1468
956
335
794
1883
1774
127
426
1990
1907
1405
1625
2016
1466
1568
1374
413
877
1759
1151
233
1180
524
1072
318
348
431
36
427
579
1487
495
143
1267
2009
1165
1648
48
1151
295
1184
1612
1812
1209
721
817
1018
549
1380
1840
1078
1418
1643
423
1997
311
1029
1179
1703
1942
1213
798
1876
1771
185
1102
1406
1140
937
173
87
485
1386
156
1222
1161
1926
871
536
564
323
1650
1614
1655
1666
1634
1790
1514
1368
253
1860
1968
1902
1664
1425
1244
1227
1950
329
1446
291
2008
699
517
1805
1912
161
682
148
1730
899
882
1708
1439
1888
286
534
1984
1146
739
1194
209
757
1737
1718
217
300
1783
1950
1492
285
770
880
1541
313
650
2036
915
729
1146
612
1748
1865
1694
515
1806
910
1435
51
383
1379
1292
530
1928
1026
923
42
1245
1878
225
309
493
969
1357
1772
814
1991
1797
1881
2045
938
1439
1169
916
1961
812
1336
1612
1882
2004
1120
116
1610
2041
549
1431
1741
458
1097
1329
1676
1546
419
920
1528
399
365
1924
360
258
511
1218
1448
866
466
1002
1124
542
816
1870
1937
1379
1892
1120
1682
1326
1726
1616
612
734
870
784
277
51
321
559
334
1003
1115
57
73
473
1399
1217
1574
469
387
1475
1758
305
1036
456
1197
1471
635
447
2017
305
1206
1972
809
1108
1177
1859
1677
1374
1736
1024
1592
1701
837
901
112
1445
839
1704
1017
1341
1836
90
1910
655
1950
514
167
1530
385
2044
1608
1229
1670
174
709
1057
1681
1137
1332
826
1028
1364
188
1711
1431
165
1018
1330
1606
823
1546
2044
296
1646
768
1736
1038
687
468
835
190
1218
1052
404
1470
47
1243
104
501
428
823
935
1674
85
40
1352
1758
171
1380
1738
1131
1040
1030
1175
845
836
1778
1877
1792
927
1748
1318
1802
1274
1055
828
1903
489
497
1069
330
1381
1812
704
397
9
1628
914
1694
1983
493
1225
1379
639
1694
1810
373
478
1901
147
907
48
1569
1594
173
1330
321
1122
1744
805
1545
1419
149
884
812
912
808
267
1283
819
758
1204
694
1412
2012
931
1855
1095
268
1286
300
1347
1258
601
644
538
765
1511
1643
352
1953
892
1646
1665
1021
212
973
1310
336
650
1562
1180
2045
1661
1688
412
78
1738
1382
1538
1381
564
1302
701
563
1615
584
206
65
2044
261
973
1514
1613
707
1089
154
1752
1976
1844
292
846
1529
1590
777
1075
1612
1635
1635
1405
913
2020
795
1635
1557
1805
477
1830
246
1884
1120
1464
1047
476
1620
1201
1036
190
162
228
986
365
822
1445
1246
662
1095
270
525
538
452
1227
1510
264
631
1695
1947
1140
335
1633
1950
295
935
926
803
98
219
323
1555
1980
626
1899
1837
348
1881
749
1098
307
852
1374
1347
477
1588
420
601
2012
1550
1503
1204
1957
1671
1183
574
1757
86
579
734
627
1960
1003
624
666
554
15
1225
716
1798
1904
1626
1982
1169
1465
1830
263
1360
215
1506
146
667
642
709
451
56
1421
530
713
40
212
1811
1868
621
1265
1299
175
1062
1591
31
336
1339
465
1942
1002
999
793
1690
89
2041
240
1751
503
1932
1025
533
73
15
573
1400
626
1284
112
1235
559
1094
219
84
1463
1677
1490
222
611
806
857
1806
1483
73
838
757
1568
1041
1081
1903
376
1680
1758
1911
1421
1823
296
1095
737
235
383
584
887
1810
345
1419
403
1954
1793
1494
2039
1764
544
1248
1649
1791
397
376
921
1537
1169
1830
1548
563
1857
1685
1618
1630
77
815
1664
895
295
1396
914
301
1597
440
1076
2045
385
244
2011
238
943
95
544
725
1274
913
624
808
1058
1491
1146
803
1875
806
1620
1185
1073
1783
809
502
105
1392
253
896
512
1999
570
1563
850
1764
1453
91
1856
1202
251
976
1217
1189
718
1577
1669
1574
821
1173
1869
459
719
20
1643
261
1097
57
1854
1632
1757
1529
1767
2032
1083
799
726
739
1450
1272
1697
75
1261
705
129
1904
454
900
1558
1509
929
1112
53
1672
1482
1517
341
1442
1759
2029
1751
1833
1256
1837
531
1316
326
1544
662
1102
1201
1853
1972
43
1774
920
642
114
354
1900
1036
1337
705
1943
1242
1819
1732
1250
264
1823
538
1948
1026
647
990
263
60
1748
1088
1809
1
699
223
507
78
613
897
858
367
621
425
531
1483
9
936
1994
1622
1416
446
515
667
619
517
1527
1966
1644
777
1595
245
862
823
767
1038
724
1029
86
134
7
1186
451
916
1154
1917
1670
2035
1103
1685
1017
456
1592
782
710
513
1156
1041
894
1422
1078
153
583
396
432
167
661
80
190
2019
1492
282
343
1994
444
1643
299
1881
1347
1325
1448
1516
555
2043
1172
1517
1887
637
531
1408
1698
540
1947
1696
186
430
582
1770
844
556
1671
1163
194
1298
1904
1
7
332
1414
670
1119
707
327
1797
573
1787
1506
978
334
1846
41
639
1873
1287
85
2025
946
1989
1087
243
1840
590
1423
1589
563
927
579
577
1142
383
71
562
613
699
1169
1517
1941
10
1549
1530
1075
1073
785
1515
600
133
1386
1978
1726
1231
1807
354
1246
853
563
217
1432
1648
1168
706
547
1389
2033
330
1556
844
1183
609
963
1743
397
529
852
1078
1117
1852
55
715
654
1241
369
338
977
1290
886
1081
1314
1233
1927
1925
461
653
55
773
1306
1014
587
1622
1533
1014
233
1497
1243
1477
962
1754
229
672
941
1686
1184
1985
2026
273
443
963
1677
615
1220
1892
1673
1149
1341
1572
1589
167
1197
1296
1628
763
1289
922
182
86
1008
1333
591
1105
201
350
1827
890
1412
1953
1059
1261
172
68
195
1705
353
526
439
235
1451
825
1019
1612
1100
418
1280
1986
1708
1863
1133
1855
431
1062
1348
158
975
211
452
594
1537
352
1646
743
1590
1504
272
953
1454
987
965
1204
1863
37
773
1059
55
1199
617
992
190
843
662
507
797
337
1382
147
1298
1862
644
483
2040
1077
1243
1711
1980
897
299
843
815
1417
221
1762
1181
1427
1837
435
1364
1782
527
102
1566
1808
2038
1643
1451
1173
656
1491
1536
1464
2027
1401
577
2016
1591
1441
1433
1132
1405
762
1346
426
1749
1507
688
468
919
1377
1508
1229
560
187
935
1936
1099
1671
110
955
986
771
1239
1450
455
1882
1280
1865
1991
373
718
106
72
505
1009
1135
999
1639
30
1911
1987
1394
951
92
1271
1002
368
102
1168
1816
1333
782
1314
1623
1464
1155
924
1448
1495
1667
2023
420
464
1745
1130
736
1667
1971
532
1158
226
175
954
1272
2033
452
1881
966
122
737
224
1576
408
224
1956
356
1026
