169
134
114
171
203
63
116
93
19
33
245
125
197
19
110
194
185
163
14
263
290
59
125
198
120
228
175
245
113
3
253
127
27
57
280
100
165
218
241
228
297
106
156
187
100
0
191
13
5
214
241
59
51
177
233
184
215
45
38
251
2
173
18
141
61
181
77
95
242
168
79
144
131
139
89
89
151
117
26
51
148
202
23
46
210
160
240
296
92
296
248
93
34
239
252
98
258
173
137
283
58
281
132
212
12
200
152
72
204
199
285
293
14
86
183
80
35
189
35
259
233
90
294
152
180
231
50
238
126
133
99
181
129
133
295
72
170
32
52
68
0
46
80
118
149
118
103
259
28
140
283
252
278
261
48
39
69
264
118
139
170
61
216
279
105
191
221
112
181
6
270
67
277
55
67
271
291
97
45
82
210
72
135
246
226
64
3
166
44
299
80
188
69
198
150
24
87
272
85
27
149
47
287
293
141
124
68
153
238
18
12
223
1
47
116
248
167
177
259
18
89
52
160
61
106
179
54
240
105
148
171
35
241
68
239
246
81
121
175
234
265
280
39
75
254
284
132
263
170
219
68
260
236
28
275
45
76
108
192
150
267
108
102
99
239
15
129
70
269
119
122
0
2
217
205
136
227
131
217
30
165
105
51
116
222
224
230
2
62
152
286
63
291
295
231
19
208
240
57
62
