261
2015
2367
1648
446
1893
425
2128
2954
1000
2455
2957
2715
664
50
919
2255
1241
1768
1301
121
2340
571
826
2092
1105
1292
2151
22
715
1228
196
1375
2615
2544
1252
515
2389
2950
811
1539
135
2253
1535
214
1914
1272
2089
2332
2724
2201
1486
600
2617
216
672
2879
1055
2928
582
1761
380
611
893
369
690
1039
2946
1132
393
2688
2982
1584
1308
2703
281
705
1046
377
2859
1717
1040
1208
35
815
2076
2882
2893
1445
307
1721
2309
487
916
1164
1964
2856
79
897
1418
1527
2206
1818
796
650
1793
1189
253
1351
1268
1680
2241
1219
2192
2212
2737
229
1651
247
776
2172
1651
2927
2186
1373
220
2802
1717
1704
1088
2239
1066
2144
2258
662
546
1632
1631
2712
2982
2462
2534
2660
1752
2773
433
1869
1667
2958
453
169
374
1636
1676
1750
480
107
90
2488
1764
2076
2553
1948
1696
1388
1611
274
311
1917
2804
2892
1471
880
2560
43
1900
607
609
322
719
1345
2613
2769
253
2548
106
2956
1014
1169
2671
693
2559
2077
51
1441
332
2539
2647
9
1395
189
2196
1368
803
1006
613
2211
2771
563
534
1035
654
2057
1376
2927
2201
2146
1716
903
2500
2450
2143
2204
1895
570
2764
2183
2503
2254
649
103
1916
881
1783
236
2346
2219
2091
353
1905
1596
1818
462
1497
1884
2048
2125
722
2107
2796
2430
367
1683
2470
1295
318
1306
1462
730
2714
1658
419
2000
2562
714
1679
637
2711
1651
1073
1795
609
2834
30
765
1356
467
2251
968
1194
2227
2387
910
2106
2594
2111
1686
880
820
638
346
33
1417
1027
1953
771
1220
2234
1828
492
990
2943
289
2097
2139
1330
709
945
347
323
2524
1209
78
2022
2743
2417
342
361
64
2902
797
1341
104
2119
63
652
526
2169
1514
2805
583
2523
987
2263
876
725
2625
1335
1192
2038
2528
227
1013
2781
2602
2256
884
1335
818
2838
249
2738
1351
985
1315
2583
2225
1813
1317
1293
867
486
1054
1660
893
0
725
1360
1337
393
1476
926
384
1817
1268
190
2175
1322
112
2508
2856
1282
502
2357
1323
201
198
2702
1916
2898
2562
2023
386
1614
24
1336
503
316
1933
2000
1781
636
2053
851
246
870
1660
87
354
2149
990
2919
604
946
2811
1860
420
2465
417
2126
2684
1536
847
1374
1717
915
1118
238
1643
342
1233
1970
660
635
1179
1858
1445
511
2012
2214
1426
2790
693
919
1652
147
401
16
1735
1854
143
460
2950
42
1471
2517
2153
437
2692
1610
2111
2799
1085
663
1937
1545
1913
970
1805
1231
147
1440
2387
485
766
1083
1063
2372
4
2834
450
191
1467
2815
1087
427
2601
851
1683
2446
2358
1937
2827
1883
1907
1124
1895
96
1512
2180
2835
619
2353
2652
1129
134
1908
370
1984
900
201
2963
1708
1233
457
2383
624
1025
1007
2297
2385
2826
1936
99
592
1945
882
799
618
2525
90
134
2735
2383
817
1869
1659
1208
1258
2363
261
2880
619
704
2249
2496
2485
2454
2109
1617
1470
2779
192
2374
1563
511
2109
1613
2174
2408
1477
1231
1363
1441
2802
2847
1476
276
774
1908
6
2164
1095
1532
1579
1508
2913
253
1831
870
7
802
67
1667
1242
2898
340
2272
2663
1679
282
1518
32
1051
257
2039
1021
667
1655
2188
2838
2321
314
2210
1752
2530
461
1236
1322
2953
1042
2082
825
2886
2175
411
1358
2031
1224
2897
2627
474
346
774
1590
2294
2434
1455
2119
91
2767
2877
1004
1943
2651
229
1509
133
2600
2550
349
2949
2800
1790
158
2563
2149
376
310
1704
1441
1083
1308
2900
356
0
1004
2417
1026
504
1971
2192
1497
2905
2900
333
1821
2940
2914
1591
1788
2856
2580
2440
2553
1242
650
1148
1930
596
1863
620
1836
1176
1788
2096
661
2316
2313
975
1436
545
2334
1730
104
2924
2640
729
1974
1131
1215
1795
848
2427
2180
103
2174
2166
1912
1597
2330
2137
2147
575
557
152
2237
695
1187
1682
2303
443
808
2430
2646
2601
1950
1842
2274
1613
2741
654
2111
2310
2610
764
267
565
2500
698
1014
1383
104
2386
165
1100
2062
2338
624
808
1423
804
1224
237
675
825
1794
2678
702
2578
661
405
100
737
1948
869
45
2820
896
2033
1299
2699
2286
2503
1393
2836
238
947
770
2422
1553
906
109
2945
2807
1427
773
1165
2942
96
2820
456
200
925
1843
226
2321
2259
956
1042
783
232
1803
1409
848
709
1125
76
169
835
180
2048
2413
515
2467
621
776
1029
148
2659
1387
914
240
772
2281
543
2361
744
195
828
803
1496
1918
2847
187
2539
2568
1269
1928
383
802
2390
704
1863
2368
1518
1356
2539
516
361
787
1713
2972
1275
1671
985
2191
557
330
1742
2826
1853
2848
1815
1646
668
1881
1912
2140
2828
677
2165
337
64
1493
2046
513
2321
2812
1554
587
2645
2372
1099
2846
949
1265
2429
706
930
2630
575
2887
444
632
3
1648
1979
510
2638
2870
2006
2292
1699
2918
51
1551
1579
1793
166
57
1018
122
2062
979
1400
344
2622
1083
2731
939
2945
1638
1484
2113
914
2979
1153
1037
592
88
719
2450
2120
1448
120
2569
916
2265
2411
602
1590
1368
2631
11
343
519
489
2813
1401
771
2785
2686
2137
1233
550
1350
2181
1599
1579
1095
2332
2903
562
475
1681
94
1736
1770
661
2045
2149
837
2726
735
2712
2522
169
1047
648
1281
1192
1890
1245
1943
933
1321
2960
2795
735
2385
327
2591
1275
2110
1358
585
1485
1973
1642
1305
86
618
2042
1469
1421
1135
1968
2211
2842
1307
2161
1319
1785
75
858
33
2360
1364
1806
131
2654
1225
2851
1667
2404
641
2800
1560
239
1656
1158
2113
1851
2828
2149
2124
2572
1304
90
2127
1026
771
2544
52
2073
1159
1779
2088
2953
2647
1584
1715
597
1282
1424
588
2927
357
442
2876
2581
1042
1405
2423
561
2851
2603
480
13
88
163
644
173
290
1024
1668
1778
2465
1240
2738
1066
646
634
755
579
1482
282
1663
2925
912
2271
1422
936
2283
167
2038
1029
2535
2416
2552
2606
109
1366
591
2679
1253
250
2383
1522
1962
2368
1098
495
1412
1500
1397
12
2868
2235
2524
1543
2166
1720
2641
2522
1503
2003
2617
771
1059
646
2347
296
2530
2037
1422
1755
840
2564
2799
443
1112
631
1162
1669
1976
296
912
1173
2246
489
1757
1881
1529
2106
391
1926
2193
353
1354
2476
521
2021
34
602
2796
457
771
2666
2758
1595
2034
1483
494
668
2870
2427
2562
495
48
1808
2708
2897
2938
843
2309
1456
2413
1274
632
1033
2256
1422
968
2526
207
113
1790
1668
1526
2616
1030
292
2018
1658
2368
779
765
307
651
111
2443
2447
245
2740
2868
1404
1034
1350
1541
1613
360
1854
537
2766
67
741
264
865
2866
1418
2706
903
973
2735
232
249
528
2345
2637
816
2905
2435
2805
1611
1219
158
341
2752
1630
865
2017
640
609
2931
498
1911
2655
70
1733
60
1677
776
2834
198
508
2819
2222
2777
2937
1597
1168
490
1428
2063
755
1216
1939
1869
836
175
1901
2678
320
1491
1455
948
2707
2143
2534
1971
1525
2256
1717
1220
2021
368
1023
527
1496
2408
1554
2965
1681
76
2548
815
915
2472
283
454
2518
2757
1534
2996
145
2884
635
1614
661
2226
801
700
111
740
825
1227
1550
1943
1434
2008
364
531
118
2725
1951
272
1160
897
1935
1526
12
810
247
1885
1282
2514
1363
935
2057
1768
2298
759
37
316
995
2990
2409
831
1570
1979
75
2407
682
1790
2644
1263
950
373
2299
2158
110
1790
1103
1080
2369
1818
910
819
109
1147
1374
933
1810
2431
1724
814
1370
2
418
1244
517
1645
201
2818
1448
756
1571
2150
704
1389
1451
2161
1391
625
1895
476
1714
1363
2703
2341
1901
1273
93
216
913
850
1332
438
2473
20
1724
646
1035
2960
1422
2051
2667
1923
2813
525
384
2555
666
1958
1356
2491
152
1357
1237
1855
426
1214
1989
2347
132
229
809
1779
786
1732
394
165
1167
2232
1325
930
2244
333
2921
653
2386
1740
1731
1541
14
2785
1794
939
1153
621
390
2958
1940
1267
2579
2483
2957
1961
1697
1086
583
2419
1346
2971
1553
961
2403
2968
223
2702
2821
1167
118
199
957
516
2224
2601
767
2056
1962
670
328
2761
2502
1461
1835
952
817
180
402
2531
1087
2890
2773
936
1124
480
1495
1075
2932
122
1358
164
1728
2385
1110
2659
1441
131
2654
87
2964
2820
2594
1836
2553
1856
522
1249
791
2724
2799
786
2591
885
2961
416
643
2045
110
1564
2493
1692
2000
53
1701
669
988
913
2655
720
1470
2133
1549
2279
1641
242
1561
2793
2178
2903
1036
13
2553
1801
465
2058
557
1575
2810
1929
1503
1658
145
2096
2654
904
804
2840
2850
1360
1860
2796
2382
1704
342
712
2
2474
242
642
1327
2549
2341
2175
1914
2228
956
712
1796
1777
589
1518
407
1070
895
2143
2309
2264
1473
983
141
1639
1160
2809
867
2659
1175
2962
517
2370
2774
2344
160
276
1062
142
1645
2615
1853
1506
602
771
1293
197
2051
1825
433
1912
2028
266
803
2231
1139
2016
1504
2996
2432
454
2629
1224
254
2666
1413
2411
833
2206
1971
2893
2420
1417
2202
2313
164
0
230
438
1525
708
2650
2844
1973
2267
948
1592
934
2304
2895
2374
2341
2914
30
385
2170
2386
2595
1143
2858
1939
2252
2895
2550
1210
334
904
828
2772
2441
2616
1998
2177
1633
2540
2412
1137
2766
2362
1267
2152
1613
1545
655
2650
2685
1278
1596
1475
597
2551
216
2594
957
1970
1091
2721
1672
1613
2209
1663
1812
224
1714
20
2330
2261
1207
1980
935
1238
18
2715
1257
1218
533
921
2909
850
1510
132
673
376
1332
605
2437
1085
474
2525
2062
2805
2894
2843
403
2033
1276
218
953
661
308
2334
1758
2266
2723
2232
569
2528
1891
639
2047
124
1632
1080
770
2075
758
1550
2266
1265
2363
2430
1905
183
697
715
2062
1040
1896
1459
2069
2870
826
368
2870
2913
647
195
1159
1649
1590
1666
189
2361
2654
1527
2208
1857
1965
2393
2166
2427
1852
1302
1717
1634
1263
767
1868
907
393
2441
1804
561
753
2417
2582
2158
605
2263
594
763
1130
1546
1641
2898
1355
1459
553
1962
2526
1450
1800
2421
1807
2969
1261
846
65
1889
1244
1786
2615
1315
1369
390
1268
1164
1459
1496
2495
159
2946
327
1962
1897
1990
2329
638
172
1287
2526
701
740
2521
1538
2474
1250
227
1866
1145
474
2876
2133
2422
2125
1980
72
1062
2137
1472
591
2711
2069
1233
1268
1564
2763
2848
2974
2687
507
248
2671
1788
2078
2803
2811
973
1766
2799
2248
38
1441
531
1856
2966
636
1339
2423
2908
1718
2629
555
2767
830
581
1396
1202
160
585
1776
1708
361
1475
777
723
31
2923
1309
2278
2412
1702
81
2088
2864
63
2408
2774
1392
535
1399
1229
964
2502
1495
2191
1895
948
2630
2174
1475
963
159
2085
1484
1799
2507
1141
1682
556
1161
2592
2447
845
687
1924
730
2700
1589
2406
542
1024
79
1191
170
1770
2533
2625
2389
604
1875
2269
1861
189
1063
297
1892
2076
1321
1965
1178
2966
1591
1482
1431
1479
1870
1239
887
2998
1938
569
517
2090
393
2754
572
1503
2823
797
1345
1580
2909
100
510
1068
2274
2260
1895
891
353
607
1603
2167
1322
2151
73
2523
402
679
607
2814
50
581
2528
1844
1154
1508
1753
143
961
2420
1834
499
536
175
257
1841
2273
1553
1378
1827
116
1830
2651
1299
1083
747
1670
1896
2516
2254
1349
180
1707
2856
124
369
1358
2631
543
1703
1013
2032
2777
1315
1569
2171
1633
1293
828
683
1640
2874
2864
2405
142
1785
2492
2676
2034
1842
1154
473
182
1135
2222
2917
18
2998
423
1465
2768
1797
2039
1045
1963
2693
701
2832
2434
2631
2301
548
1967
1523
2096
530
1011
1131
1867
2820
471
2822
2597
723
844
2126
1570
1929
1069
2625
1525
2613
255
641
368
2643
791
1090
1575
1086
2046
2420
1818
1111
1582
1035
893
1096
637
294
532
2263
369
2513
619
2065
2035
688
1030
1190
2345
1415
634
2318
1329
1610
2952
1304
465
2537
234
1068
380
1031
2355
1145
2741
1297
2773
2202
156
1149
1920
374
1982
987
420
378
1935
627
2825
1176
2364
617
1055
1965
1283
2195
415
867
809
1972
1477
2511
275
2971
2177
402
1060
2808
344
1989
2693
1071
2207
1831
773
60
2517
1283
2706
2262
506
2552
239
2049
1788
1869
2496
364
199
260
1725
710
1980
2453
1150
948
1083
1899
90
189
376
60
1181
1458
1576
2912
1874
1031
1172
2354
1056
2512
1826
1322
760
1250
1506
2542
1383
1706
157
2290
2692
2224
260
2712
1925
846
2230
2412
2869
2671
878
856
1194
673
298
621
221
446
904
1921
202
517
2232
1079
1230
1874
563
1667
2616
1985
2475
2554
134
1683
245
1563
235
1084
588
115
2671
2676
775
2698
1240
518
1828
2644
698
1560
1539
1015
2739
2361
402
1216
342
799
1403
1969
2999
1721
740
2478
626
2786
1338
1391
471
1692
961
1921
1574
2183
806
2144
1646
865
2551
2007
2645
1782
2083
2028
2766
2114
2805
2707
67
1720
293
1426
2489
282
2886
1387
762
902
330
282
2937
1095
2493
2050
980
277
1775
1721
1711
1086
1691
17
404
994
5
572
2340
2867
1840
2354
218
2101
2084
2807
660
1423
1714
1111
678
1808
2079
1503
400
1474
2638
642
2428
1995
430
294
2589
354
1500
251
2998
1992
2616
2825
1462
95
2921
219
2881
34
1232
2354
703
1489
1720
1651
1192
2724
458
153
2623
888
2382
2446
2387
879
216
828
770
2681
2085
1550
437
1002
639
1585
81
1664
2584
2642
125
1165
544
775
2272
2555
2311
2365
2097
1957
768
1969
2386
2964
105
1775
613
1591
2157
1950
117
2792
329
2096
2737
1992
2537
2103
1375
2877
1544
471
164
697
980
901
2731
202
1431
386
2112
1006
1936
2179
37
1057
2653
2497
2912
2611
96
1315
1
493
2324
1729
2843
42
2215
1857
1209
1396
1108
493
710
2375
1894
1782
2340
459
1491
2841
1294
2003
1082
2632
2231
1943
2089
1008
2462
1634
2206
138
1972
438
1372
2826
1089
1841
2777
2608
2081
1957
620
2535
2121
641
2530
2519
829
2051
1836
1551
1509
831
2269
2931
2513
558
1872
1695
370
1403
1797
2937
2838
216
709
827
1781
582
2389
2563
1507
2330
2078
2341
2342
2788
2412
2542
1534
1392
345
2342
1337
1149
1700
2080
40
1891
1357
2691
428
410
2012
2798
456
2587
2693
2843
986
2430
1963
378
2073
2499
2385
1658
1173
941
1176
1038
331
2873
264
1452
2878
2635
1871
450
89
1456
2704
2139
191
264
1877
1020
2628
1504
1692
2119
1304
579
2036
1717
810
906
2108
758
2813
2103
1844
2998
1106
1433
1759
1953
1473
1575
2113
1833
2737
1310
2470
1956
2489
1040
2553
1961
1690
1555
2911
2394
1093
1859
2494
2819
1980
2160
99
2859
120
1022
308
2333
1525
1054
1454
335
310
2869
2158
2346
2271
447
2700
1110
1113
2256
663
2774
1500
572
901
1528
1805
2249
913
152
109
219
1032
101
2563
261
2281
2800
2152
1350
1903
1454
161
58
724
1094
556
1537
702
193
2555
261
2901
756
2904
323
2376
2867
2644
959
1285
438
1457
2327
2146
2501
516
1971
2922
2172
1735
2594
1755
2622
2135
2477
298
510
563
702
756
1233
422
879
1756
1896
9
774
1872
1835
2593
1552
1498
2320
2375
972
2831
2382
1585
675
1255
620
189
589
620
1529
88
1534
2644
2865
2435
1082
2898
2898
1865
44
758
1870
1472
552
1777
309
1061
965
254
1400
614
2189
2893
2909
195
688
529
780
1211
1486
569
2049
1239
2256
2021
2535
2606
2903
388
1601
1415
457
1541
2416
367
945
1914
2929
222
195
954
2705
1040
852
2547
2336
675
1606
469
1979
969
1911
2507
86
770
976
924
1825
40
1412
1170
753
510
2639
2381
1378
955
1
2502
2523
2688
394
1195
2188
1598
2684
1392
1675
2277
2806
630
1925
1017
2090
371
364
2410
2920
1641
1784
528
2650
763
1948
1122
2966
2080
916
2805
2983
933
1936
2703
2043
381
742
1415
1272
2085
1673
2727
1415
2286
1108
1002
1490
2076
416
2606
1413
1334
53
1296
689
70
1266
658
2854
2821
385
719
2364
1054
2991
2205
1200
2452
2957
2084
2833
1010
1509
2256
859
466
1276
2735
1044
2782
2106
1425
1250
2797
2821
2225
1965
131
822
1682
2554
321
999
2145
2715
716
358
1529
2933
404
743
1894
2493
2608
1061
1606
2121
332
2093
103
490
262
