1566
2973
2434
1464
3755
305
3747
3926
871
2454
1499
2095
2766
1168
1243
3926
318
2134
179
2750
1850
2512
3112
3636
1526
3225
3561
3281
2456
93
3785
1195
745
2085
975
937
1476
1442
2632
1030
3478
903
748
2285
259
1804
578
1875
351
1456
354
1096
1631
3070
2127
1013
3845
2621
683
2009
2912
1586
911
242
285
3738
2385
2298
1952
1856
3925
1554
1210
1078
2607
3288
2748
544
1007
3120
1043
2772
3519
2332
1556
2472
3901
2356
643
3757
2515
3196
323
1378
3634
1950
1520
3345
2482
1008
65
3321
1412
3889
2511
317
3373
1377
2767
2533
2100
1951
1758
3530
2524
620
511
566
2155
807
1374
2920
2669
60
1339
2692
1114
102
2652
1191
7
3794
1586
3414
620
3911
2484
3318
896
2912
147
3150
3862
3820
486
467
3228
1916
986
3713
905
3702
699
1982
2010
2457
1819
1703
2741
1111
2767
713
2503
3416
1952
720
2678
3724
1709
176
1400
272
435
3038
1813
67
854
2274
1851
3206
3350
345
1228
3212
3411
1330
2667
778
516
1462
2679
1887
559
3112
853
1257
3411
2953
2231
1799
1933
308
3087
1685
2564
2180
2390
69
3529
3708
2716
2561
1577
2407
1064
18
277
3371
3356
1343
1308
1306
3425
895
612
1398
360
3572
1958
3755
3390
1591
815
3917
1140
2403
3053
2242
2556
1186
2220
1631
3648
3200
566
3792
322
1989
2997
3821
1921
1238
3540
3663
1778
1037
1902
3220
179
628
3507
3410
3459
1914
1065
1994
3829
1160
1256
3963
3597
927
2832
2735
460
3916
2273
2770
510
3149
276
118
2360
2910
2891
1198
1166
957
2947
2364
2598
2527
632
2003
3679
3558
3355
3254
2696
318
2691
2390
104
148
292
3983
1622
2213
3361
327
412
2560
3083
735
1447
466
3867
2820
3371
3664
1716
2143
956
1187
1415
1272
1870
603
3218
1722
1597
249
1314
3193
3616
2452
1216
3906
635
3902
3192
688
1446
2903
49
3353
0
968
2237
957
1302
605
498
1240
3367
2533
2611
280
858
2029
1106
1948
768
467
563
1160
320
572
1431
3122
1333
628
2493
3453
699
1220
1111
724
3871
2058
949
2090
51
1996
1204
1952
850
3140
949
861
142
3447
3549
1177
3885
3558
2638
3965
2753
2118
1561
3074
114
979
2608
725
3815
1359
1978
1132
3676
869
1043
1861
1414
1736
3439
2430
384
1715
455
460
585
3858
3036
2391
1649
1864
462
3799
2474
3804
3411
3745
892
2337
3463
1476
2357
3954
3544
3421
3905
1385
877
1341
3499
3364
3568
1990
1263
2767
2759
1240
845
1427
3029
2010
3381
1004
3066
2253
1348
451
3087
69
114
1788
1710
413
1659
1702
134
3289
1635
882
286
3982
122
3328
1773
3906
1833
253
3689
877
1152
663
439
510
1599
3432
1390
170
275
2524
686
1828
1863
319
2340
2272
3153
1931
997
2850
1608
3034
3985
3703
1898
655
643
2349
2311
987
2166
2315
3766
424
1085
1313
3745
2863
3976
2478
993
2378
2107
3455
2041
1280
1227
2716
424
477
2346
2335
734
961
3449
1878
3291
2181
1578
1502
1487
1013
134
2874
3847
3342
3789
204
303
188
1364
1117
960
869
3819
72
3692
3475
1703
1304
2893
899
3005
1464
1381
844
3140
348
1337
3432
1386
1454
2457
1783
2157
74
3031
526
1757
1583
2101
666
2621
3461
3559
2387
3839
900
373
3641
2188
1914
34
2029
3319
3997
3454
339
3500
645
3425
830
2976
3292
299
286
575
1753
3985
2246
1034
2605
471
1971
974
842
2081
3329
1374
3652
2937
3457
2773
1990
230
277
3597
872
231
582
347
2187
3068
3085
3967
843
259
2284
3048
2900
3096
2373
1740
2688
3043
2297
1882
473
1681
35
1247
3537
745
1415
3289
1743
1577
3672
2883
3146
1308
386
2326
2018
1671
3501
3280
3994
3665
3051
3264
724
2340
3506
209
3190
3313
3710
138
3544
3998
265
866
3697
3454
3137
432
2931
2404
443
2519
3330
3272
3463
1644
3965
3593
1005
2984
2882
3748
3890
1086
543
3203
697
2284
3832
2145
3217
3184
2689
973
312
2634
2586
3315
1846
2433
2081
1463
1387
3241
3250
1785
3965
2642
490
570
498
854
2308
3939
631
1994
1096
3848
2462
1432
3548
2541
1240
924
3007
3603
3198
1639
3647
1859
2494
1363
1570
3739
38
46
3915
171
2377
1915
1051
1831
3675
1493
1928
772
1599
2652
2907
3842
1040
41
2125
3092
1206
1288
714
1223
1277
418
1808
2898
815
117
3955
2930
309
956
897
2130
921
3889
1119
3092
692
1750
634
1026
600
2949
1487
771
2443
3515
2613
920
671
2317
3839
1974
1513
743
1895
3237
2638
959
1894
746
36
994
3794
3796
3186
3597
2300
3134
3966
801
1704
2391
3699
702
3073
3932
3927
2074
3136
1217
1404
3329
2798
35
3294
945
586
465
335
2387
2377
1237
1817
3397
561
2796
3896
3028
2099
273
136
1229
1369
3662
668
3929
1362
1912
1559
2354
3131
3808
1048
1849
955
3905
229
1574
2907
529
2514
2768
1344
1379
3547
1856
2417
3195
2991
511
873
2571
1470
3413
1894
1385
1247
3788
887
105
3658
1931
3632
1688
943
1530
1269
1233
3011
3402
3417
519
232
3222
3967
1360
1696
1826
1152
2574
3988
2627
1089
384
3567
1444
541
3791
1803
2616
521
2162
2914
971
2232
2427
3149
1928
986
261
2058
1860
1269
3004
2072
1634
3819
3852
2543
2825
2918
2995
1756
1649
339
1200
1652
274
3242
411
3458
2021
508
45
1164
2884
3068
2458
1141
341
3299
3858
336
3751
2407
3247
348
1695
305
179
3038
952
1807
1359
2823
1222
436
2310
3680
3384
2345
1411
1290
130
2138
454
3982
1695
850
1764
3662
273
2194
445
1754
2545
1468
1130
2980
902
3743
3860
77
439
1588
3905
1976
1783
3209
2028
1702
1828
1488
1130
65
2763
287
1831
3404
750
3639
340
3752
3094
1599
3751
3358
1716
3133
1641
3085
3267
1312
1816
849
744
742
3070
1334
2134
2607
1483
2073
346
1363
1487
2539
1383
3468
3525
2059
2189
274
2492
2065
1989
2265
1516
2809
962
407
927
647
2376
2950
1653
2488
1715
3473
3175
2112
2009
1630
3941
905
3456
605
1377
541
845
2570
161
2379
2554
265
929
1060
574
3705
2594
798
446
1422
510
1201
3303
256
1287
2562
240
989
2368
311
111
1227
541
2592
698
2364
2825
1416
315
3794
1702
847
1386
1602
1887
3131
490
3921
896
108
849
3960
1351
2800
2910
2612
1210
3987
228
274
3542
405
2025
2446
1815
704
1140
1784
3862
679
3230
338
3195
102
3940
1518
1247
2249
3905
2820
773
3124
3953
1380
3572
2529
3247
2973
2576
2148
3361
2508
2023
1022
1145
328
30
1977
2108
192
5
1157
2826
1126
1545
192
1678
3574
3124
3079
1377
2923
3863
236
730
230
1175
1165
3590
412
642
1068
2918
223
3074
1093
2414
377
1552
3805
3029
3296
35
1524
32
1924
1434
3163
1391
2917
220
2581
3982
1387
2542
2176
63
1886
1130
2849
1782
2647
2655
2684
3495
3343
2102
889
1390
1791
2882
2477
145
3936
1294
2963
3513
2131
1257
2774
676
3104
1430
225
199
1882
838
327
2403
2895
2425
3861
2137
3013
2894
2326
2557
3901
75
2102
832
3727
3020
3800
3575
1357
2864
2192
1278
790
3479
3077
338
3088
2701
709
3243
2176
3556
2842
2442
3994
895
1084
1675
3093
3272
3779
828
1237
2013
2113
2177
1095
1642
2888
3935
1276
1324
3839
1299
751
3217
2754
1961
515
2441
2583
586
943
1549
1502
1879
3134
672
163
3123
3204
1447
29
975
1611
2266
304
1641
483
2351
224
201
2810
1068
2624
3449
875
247
782
3192
2928
744
571
3616
13
3167
2590
2620
257
388
3406
32
3301
2876
958
334
3050
518
2198
2234
3474
1703
3075
401
2781
378
2683
2222
386
798
1587
3715
3821
1646
1216
2118
618
2384
2455
1082
3200
864
1504
2162
475
3560
1147
3863
89
1119
2014
2444
1966
1882
2616
3660
1798
2030
2847
1231
2194
2401
3309
3364
2742
2240
1539
455
271
3552
1739
2435
735
1403
2593
3941
3528
1746
1722
3482
1679
58
2511
3319
1593
3350
2158
309
2140
2715
1141
451
717
3340
3157
2092
1166
1549
1191
2120
1931
3948
2369
814
1058
1726
178
1630
1216
3947
2020
2290
3555
847
642
3041
1004
2312
3786
1842
3051
1167
2896
781
3407
360
1802
2501
224
3080
2272
2523
2506
2149
546
3763
3715
2178
642
411
1420
1110
2770
2943
3518
357
2043
1425
606
3641
604
2294
3067
3926
1661
294
1416
2879
2909
1933
1983
1735
2261
1464
2972
366
2916
846
1367
3916
2727
2985
1859
2564
1169
2736
3043
3032
3670
3972
1329
3990
2707
2369
1594
1037
1966
1348
2855
3169
610
3925
832
1575
2729
1734
1472
2353
299
3001
3444
609
1029
2437
3922
2789
1222
1583
2403
515
661
1445
2002
915
118
2851
268
3938
2342
1982
3662
427
1661
2174
3289
701
3152
546
721
3920
1804
1755
156
1649
1082
1451
540
2705
280
485
844
952
1298
2640
981
1935
1664
1843
1850
3393
995
851
350
939
3946
674
2547
2274
2996
1561
2291
273
2638
1429
3174
507
877
1895
1367
101
2283
1630
2639
344
3797
3970
3710
2785
970
506
3866
1699
168
3450
2153
1998
3363
1852
715
3362
2226
1199
1093
247
3155
228
3950
474
3584
2466
349
2168
3185
459
2101
3578
401
718
1976
39
1908
1729
946
2281
2047
3953
2929
440
1183
2269
3058
3479
1465
2504
3984
42
1049
3411
1037
3975
3651
2238
3998
2243
3705
3590
1374
128
2257
1515
3565
2242
520
3099
1076
2452
2500
3021
3524
2763
2038
404
842
900
3757
3531
2013
260
571
184
3293
2693
3415
2274
2589
3484
2563
3888
2823
3105
3398
658
3419
633
198
1098
3620
785
1485
3065
3200
3653
2532
1538
1544
2433
1015
1429
3525
2763
69
902
3795
1022
911
2414
2216
43
12
45
2659
166
2734
3392
1228
1202
1997
674
3815
1666
2712
455
500
2848
304
2521
211
3356
2159
1811
1484
1775
219
2249
496
1051
917
1965
65
3826
1686
2335
3273
1137
185
2980
1043
3347
3290
2978
2871
2399
3386
1171
1876
2708
2149
2386
338
2534
1442
991
723
747
2246
1376
118
477
3310
2765
2567
805
2977
3651
1058
205
1610
1362
1220
1224
2516
2489
1148
94
3795
481
2625
2112
2872
3480
1473
386
1528
3892
3803
3839
3498
655
3555
897
1907
1972
1693
2228
3089
2675
3325
1368
2792
2999
725
527
1975
404
1049
1536
3930
3837
1913
3141
3010
1427
1867
3355
2935
2756
3498
3131
2043
2679
901
3006
740
1578
265
1653
2471
1231
1101
1720
543
2432
3788
3214
1881
2395
2389
1621
3050
812
814
1032
1048
1666
1017
1856
3354
1814
3747
3494
3952
2426
1736
16
855
3402
1856
385
188
902
2723
201
1075
3884
755
3142
2502
1328
1237
3556
3889
13
2587
2801
3478
3569
3217
1055
991
2827
2283
2911
3512
3781
3184
422
1112
2054
1399
680
1475
2972
2144
3675
3553
3294
3719
800
2255
394
3609
2311
2881
3423
1980
2400
3615
2263
2548
3248
3980
3968
1206
1788
2014
2933
368
650
1550
3352
3864
2152
1833
3462
2993
144
3851
462
808
2111
2667
1521
1911
3081
2374
3659
1925
2438
999
2391
2494
1743
1481
1734
3860
1443
2031
3442
1467
425
3468
3325
1299
2529
3005
3017
852
1353
2689
1171
2009
249
1628
2553
3072
2640
157
3038
731
2400
3905
2650
614
1283
3167
1029
786
3925
192
3145
2478
1197
369
2865
1806
1187
1018
2198
207
331
2161
2782
1687
3345
1145
1573
2604
3818
460
1521
3201
3752
3866
1494
2146
3820
3302
664
2549
3445
1194
2719
1729
548
3394
183
1237
591
1898
1597
1571
2078
614
562
264
1707
3786
956
2042
2156
2953
1026
3532
3418
1138
3742
2875
2513
2627
3769
3760
3003
1714
604
3163
560
841
681
19
235
3979
2147
3156
1638
558
3538
22
333
193
2102
3043
491
693
1562
2932
3789
3532
778
1794
682
1044
57
3736
1248
2938
931
1797
3199
2804
2956
1465
991
530
2311
3102
934
1196
947
2119
3529
1628
2203
541
1790
3810
659
2243
398
298
3507
1867
2478
2014
449
3962
2914
297
3712
2791
3094
1881
3720
2557
3052
561
3547
3798
3921
2259
2235
109
228
3574
3575
1004
719
2858
3725
2176
3880
2766
3074
96
1092
2137
1432
2469
962
271
2726
2901
1952
111
3478
3739
777
1603
2028
938
1461
3819
1362
3673
497
541
694
3234
1761
3508
1265
932
2565
2394
1876
3340
847
3026
548
747
1736
781
972
2590
2572
1045
1677
2103
3111
3729
1582
143
2790
1833
501
2423
3528
1301
2053
805
2111
833
956
3208
1281
1151
517
2019
3309
3120
2419
3926
3965
216
2973
2689
3026
1175
1847
1268
3327
873
288
2691
2617
372
600
2827
579
426
2029
3140
1461
3682
424
2146
460
2131
2177
1108
2387
2486
1356
1088
2851
1851
2442
474
3343
2701
1158
1822
3485
1259
30
1251
3159
3182
1980
171
1608
827
3821
1335
2285
3690
3291
168
3013
3218
894
221
563
1143
963
2349
2210
463
2357
246
928
366
3023
2921
2475
84
260
3523
148
2526
1960
364
1605
1469
2707
1469
1883
3568
2184
3445
1293
1826
1231
2652
921
275
3552
2098
2986
2985
1246
156
1054
3667
1978
3815
3706
65
2742
2982
1303
3889
535
634
3946
1187
2266
3848
1310
2675
1525
2460
921
1206
1168
2998
1952
522
895
3119
1893
3076
208
3200
3280
1292
575
1038
3706
1958
3731
3741
3559
1924
1840
1535
3511
971
824
2556
753
1994
1543
1350
3053
1033
2596
3867
1816
290
91
3014
812
1601
1894
506
251
3803
3372
343
2174
98
3211
1625
3535
1915
3284
1352
486
759
3344
1506
196
1385
3906
3350
312
1136
1939
3460
3694
38
520
3500
897
308
2725
1838
96
3691
259
973
2472
1003
1317
2568
1408
3146
1275
3186
1477
2197
3185
3743
3207
533
2525
2817
3426
670
3863
1927
1675
1376
1326
201
3730
389
354
3898
1563
502
1892
528
875
1109
2701
1341
3222
923
2722
2034
3482
3459
2682
1675
3838
1877
347
2705
1327
553
800
774
513
2690
3046
2895
3070
3074
184
1750
2251
2512
806
3040
853
1299
3696
1245
3342
77
2688
3086
3086
2251
422
649
2882
458
2604
764
530
3612
1186
3384
198
1337
544
150
92
3265
2205
1028
3750
3076
2031
2826
396
546
3873
366
2272
1976
3721
1328
2573
297
1302
1920
3095
2265
2206
667
1901
2392
1604
2621
848
3806
2864
2952
2151
3659
171
3042
415
543
1008
3204
2921
3216
3622
3881
2740
3384
2772
2615
801
959
1379
2202
2198
13
606
2566
2581
1849
625
2672
1233
2366
521
3057
3106
2251
2814
1167
1395
722
2079
339
251
3935
3924
3446
1507
2278
1245
429
278
3087
1741
3611
3603
1987
2011
2236
1962
30
38
1504
2558
741
528
3370
3688
2041
3667
2755
3690
535
2109
13
2241
3208
989
714
580
1548
2464
3483
286
3333
951
125
2100
875
636
234
3200
525
1337
3855
166
1662
1227
2192
2569
1348
1674
2775
1317
3147
2432
1335
1808
876
885
2834
3994
3046
3395
403
3633
374
341
545
2029
2105
2214
1387
2385
1762
1555
2959
2030
2542
745
1533
2017
434
893
3255
2432
1208
2710
3445
2193
149
1645
3277
788
1053
2882
746
847
409
992
3158
3576
1468
1989
1809
596
3646
429
2736
3870
406
1620
444
2694
1593
3509
1353
3173
1328
91
358
1983
2267
165
82
1752
120
1146
3938
2617
7
1941
328
3259
2240
2085
2359
847
1458
2287
1405
796
2893
116
1347
1081
1098
960
2844
916
2967
3771
2023
2862
898
2145
3465
2786
2583
3136
2097
2392
2935
3711
3842
272
803
3044
1102
410
2260
2594
94
1872
3285
1262
3730
1130
1884
1550
2154
2320
2391
3145
2929
2701
14
720
1294
1828
1508
2510
779
1509
231
3256
482
428
3900
2299
2912
2193
3887
1758
876
2744
3562
2035
422
2464
824
1714
3172
976
2458
86
1194
108
2276
2797
1098
1945
2193
3228
391
1573
2462
3052
3120
3792
2881
1434
59
1917
2595
3715
1617
1630
3631
2491
2975
514
2202
59
1445
2082
326
586
2585
1991
344
3467
3611
1453
2605
369
454
3958
1228
3608
3097
3715
1352
820
20
1428
1933
1385
979
1770
1343
3205
2835
156
2328
1261
3759
2137
2908
1854
464
2176
1889
3616
1720
3032
1821
2805
2447
1779
481
252
3228
331
975
1001
1239
2485
3375
2077
3666
3618
3677
3610
3025
3754
3788
3865
3242
1245
392
2795
766
3319
2018
1988
106
317
3883
3395
2313
315
631
3525
2996
346
3804
2148
865
877
1723
2398
3342
2941
982
2907
2206
1985
2190
3288
257
3509
1084
988
3433
3001
2607
3103
2575
25
1243
2463
2770
347
2978
3877
3549
2158
1905
2933
968
1404
3393
3079
123
2252
544
546
2360
3742
1212
1908
3131
3714
2826
345
45
2453
704
547
2381
3824
1783
1995
3071
3668
3051
3925
2293
983
306
3165
2768
3155
2941
3589
3491
1267
3573
2497
1181
1075
2420
1124
3173
2244
1
1392
2904
1923
357
1651
1459
1727
3669
2796
3471
1332
1365
402
1985
1780
3000
1793
2670
1582
3503
1446
528
2877
730
631
2653
2062
2643
1103
1321
2801
3324
421
592
3223
212
678
857
92
310
705
2533
2276
2865
750
57
2649
1651
1837
2685
2079
2559
2411
1046
760
1918
3476
3944
3198
2924
2230
1123
3381
1410
467
2405
3918
3161
1938
3380
3063
62
2095
1023
379
1536
2259
2630
3468
3488
270
2246
3941
2790
652
1360
77
2339
3574
2045
341
2845
459
2156
3866
2641
3768
1976
2802
2269
735
3413
370
601
3738
2628
2907
3613
1045
3312
3502
3405
3741
3365
1724
3439
1086
1393
223
3314
1438
310
64
2837
728
2289
3644
2498
1549
1503
1108
3393
2153
1305
1446
3245
2274
6
1749
2127
1222
2271
1019
1866
698
3291
2398
407
2054
1917
3498
416
2469
2763
2445
3891
2329
2857
900
212
1605
1795
2985
3175
1751
2403
3475
781
1190
2991
230
515
2120
3688
1154
1415
3946
703
1745
701
1535
1237
890
556
3819
2764
1506
2619
3692
3843
503
1623
1619
509
3640
2701
2650
1895
562
541
1123
835
3242
1097
2966
3247
428
1542
3174
1531
2780
2086
2355
2792
297
1237
1123
481
3307
3300
3412
1235
1840
2362
2391
2498
416
2559
1380
1156
1893
2444
442
2949
410
126
742
3257
3701
2774
414
1982
1157
3173
2083
2023
2446
451
487
3453
2185
3023
2722
2233
2933
2604
1987
3117
2108
3439
1106
1056
624
304
2832
2931
2941
1803
3704
3461
56
507
3372
3409
2794
434
3048
2195
890
2525
1422
2850
3120
1056
3491
2528
363
3369
2678
788
517
1139
3690
2792
1666
1471
698
1951
2307
795
3954
3425
2548
932
3103
3321
3741
3919
1540
2215
2011
2971
3944
2465
386
3081
3819
1604
164
2817
2030
3185
2170
762
3445
688
3099
2710
1717
995
1483
2154
3398
1111
2794
2751
281
1028
3475
2729
1945
17
3665
3791
1556
1162
3834
3510
1498
2893
1035
2973
1260
1527
2897
1105
342
2627
3460
837
3141
1783
181
3163
396
2338
1455
2157
3824
2552
1596
240
640
1736
2803
1667
94
1826
2957
1750
15
2613
3476
1000
244
688
3305
2016
3462
330
145
3212
59
1664
2191
2689
873
1183
3456
3053
2348
2557
1080
3915
136
924
3259
3352
3320
501
517
726
2113
2836
3008
2196
3915
3488
901
2243
3288
2391
1906
133
2150
2920
3850
3669
2799
342
554
2807
463
653
3779
3681
861
295
2162
512
3967
554
3563
640
302
608
3927
2592
2528
1538
3654
815
1967
274
11
2695
2863
2541
1130
513
333
2812
3802
1054
3954
1749
3865
2450
2563
2718
2247
770
3069
2699
3877
1865
2992
1888
472
51
753
311
2332
775
2022
2952
3848
3549
2520
2468
3907
3942
1451
952
2454
831
2032
3003
931
308
1626
627
215
3101
665
148
3297
125
1848
3633
2607
27
2355
2420
139
3121
3211
3917
1112
1199
3578
2224
1330
773
1252
702
1586
3274
2590
1616
3381
3396
1359
2499
3637
1126
1523
2898
1116
2914
987
941
2364
355
3835
711
2894
2651
1010
3817
3498
886
3824
3765
3776
3368
2791
321
3627
2787
151
3348
873
389
3502
2645
629
3716
44
446
2526
1871
750
3618
3509
3959
3728
1537
2487
41
811
3587
977
499
2853
3332
3217
3616
675
2001
3105
474
1128
631
2363
705
3651
3677
2335
1470
1
1898
2263
2722
361
581
2293
149
1755
3273
1635
3595
1122
2903
2145
1524
2883
2106
3987
1677
2831
3080
3106
2535
512
104
2195
1134
1818
3171
808
2729
1812
1186
658
3693
390
14
1569
1128
1207
2461
3294
2331
3459
3832
213
98
419
1823
2618
254
3189
2486
1447
2673
2280
3871
2214
3664
3174
3699
625
667
3730
615
3289
3899
1094
902
765
2405
2408
1198
3418
3692
3587
1380
2966
2496
1115
3659
3085
2561
2141
2680
3766
3726
2513
3078
975
1235
2301
23
2397
16
62
3976
1625
203
935
60
2536
26
2690
296
2725
2562
929
3927
1443
2511
754
2137
329
1554
535
1536
2797
1577
3541
669
2328
3371
2486
2994
584
3222
734
280
2135
3347
2402
491
535
2102
3175
965
3500
3817
1681
1590
1307
3343
1498
3258
1750
2893
1004
1443
1735
2468
2357
2761
2842
2148
2323
3125
227
2534
2052
1745
156
2928
2866
1020
158
1293
590
2524
415
1279
3867
3277
3460
2046
699
988
2383
1179
3016
142
1463
2425
2320
1836
2857
359
1214
1575
2029
3697
2009
1782
2026
3323
564
2573
3068
1652
477
738
3326
540
3552
2800
2835
2648
658
9
3001
1117
940
1318
2615
3277
3771
2877
1401
3166
495
529
3692
2056
1080
1845
375
1875
155
2687
3737
1107
164
3249
1787
1740
1387
2770
2844
3662
2269
2275
249
1331
2270
3049
1188
441
381
1138
2497
498
1657
852
1867
3614
3537
3923
2294
624
3997
1897
988
2159
1747
3428
2080
1587
3496
1066
1180
1710
1572
1763
3709
2244
3841
822
1419
1248
3188
3546
929
2581
1479
2780
3766
3898
2834
2129
353
3925
1920
920
1587
1794
2241
3917
2212
3269
1675
2729
640
563
141
3555
3523
1992
1180
419
2298
1110
2065
1837
70
1736
2540
3435
984
2455
1435
2318
841
1163
3027
3026
3247
2941
1063
1307
587
1834
393
2814
167
1
3946
1539
1194
771
1293
2649
172
2555
900
2358
63
1384
3776
2936
3029
71
2521
21
1455
108
2170
3162
324
3154
2425
1940
268
2530
3704
3327
2023
104
2933
509
3853
1374
