1226
2078
833
221
3588
3883
1426
3580
1877
2932
403
3818
1560
2842
2241
2388
207
1494
426
2003
1382
2200
1384
1687
1943
1057
1924
2118
729
1795
1735
3032
246
1325
945
1332
2554
2416
3181
529
2903
3482
2435
3532
2860
2476
2337
108
757
379
2056
1229
1927
1816
2123
1955
3071
3054
1096
1031
695
1472
3509
3754
2157
3258
2629
508
3737
1617
2783
3610
316
3210
1599
1249
2407
21
1753
6
1315
3052
3681
548
2686
2802
2821
1021
2331
78
3878
2379
1687
1295
2003
1492
2410
269
3846
2423
3657
1413
2958
449
384
1942
732
2834
2879
706
2214
3490
1613
3199
667
4021
684
263
1264
1776
577
1866
1391
1961
2007
3947
1696
910
130
312
403
1320
3640
2191
3053
3032
2186
2466
1570
3504
674
3584
2519
2621
2130
2715
3394
1000
646
1002
2619
3410
111
887
2981
950
2088
3044
3624
992
932
1329
3379
1014
2879
534
839
3853
15
3780
1296
2163
3369
425
470
777
410
131
2647
3025
2666
30
671
2033
3070
3673
3614
2601
649
3420
3595
3278
1013
928
1671
1446
2432
3540
2191
788
3382
3536
3088
2783
1195
2952
384
3137
2588
13
982
3539
1171
427
1354
1506
4015
682
1916
2337
1642
204
1083
312
1725
1497
1243
1111
2845
2210
3911
2651
3416
3128
1058
1827
882
3132
628
1004
2251
764
1772
3754
1266
3729
218
2098
1458
1439
3898
3129
3115
2160
2171
2139
718
3014
3392
1901
2002
3597
4032
1408
1023
754
421
2880
1594
3392
3002
2613
3122
420
3872
2511
2737
2944
526
2411
3738
401
1000
1817
3300
2530
1909
1913
1248
1300
2867
3130
1375
2170
2879
1701
2204
991
198
3793
2030
3725
2789
2226
935
296
2151
767
3363
2380
3489
2165
2558
549
1386
346
1687
2070
1039
2794
224
3970
2850
1195
1819
2248
3173
3494
2697
3113
504
3986
3212
436
1423
3421
1569
1971
54
2452
3911
864
973
2693
2529
3692
1471
4033
3013
640
3278
1781
582
2480
444
3772
3738
1689
363
3649
3395
2113
1558
1176
3002
2198
75
1257
2745
1721
1436
3611
140
3704
690
1638
1316
1123
306
2296
577
1966
4092
693
4094
1243
2056
3104
2045
2888
3565
52
1785
752
304
2964
2688
1832
2537
1693
3381
1372
3235
406
3400
2504
3491
1694
3811
2193
977
3720
260
3874
4062
754
1923
1070
70
2422
526
1852
438
3117
4050
2756
1932
1080
2722
2925
3521
563
1740
3457
2023
407
3374
3436
3132
3674
2017
2749
2897
2101
744
2118
1250
112
2962
3581
128
971
3322
1645
946
1225
2166
614
545
1559
1755
618
2964
708
1046
2806
483
517
561
3677
4047
3494
1810
4093
557
1794
433
4094
3979
765
3913
3719
1438
3384
847
2129
11
181
719
1495
3367
3347
1600
2473
2154
2577
1797
945
1505
3049
154
908
354
166
2137
2217
1312
915
227
3725
354
3899
2016
3640
3644
243
419
2244
37
590
956
147
3548
3852
1109
644
1744
1411
2248
3800
2415
2283
2482
768
1665
2659
1221
2430
2152
1013
2026
2657
3776
0
3226
1646
35
1136
82
2137
3861
823
1962
2987
3134
469
586
2618
3321
3127
1728
83
967
681
3843
903
309
3246
3036
2599
1979
2516
2924
2148
1756
3574
2574
39
324
2147
3398
867
1020
1584
2145
2088
2856
3477
2060
461
1941
2630
1710
2275
989
2282
1654
3961
1854
357
2222
2894
3103
3719
2272
947
2413
3011
3626
1965
1751
824
2563
562
3361
989
4023
518
3907
2453
1969
1696
1215
869
2324
2867
2630
867
1195
2075
1663
3084
2358
700
2738
2225
3982
1615
699
3286
2698
1152
3783
1854
3378
1078
3503
1651
3915
1824
2705
568
2827
1904
2574
3369
195
3528
2116
2611
1207
1042
1127
4078
2287
3336
31
3971
3580
3189
2691
1832
540
3470
3955
2885
2130
3057
3095
819
16
725
1782
3543
2286
3872
3804
2082
3281
3740
480
1929
807
2283
584
783
1018
1203
3444
510
711
951
1714
348
2135
4000
406
2931
3962
3959
656
3888
3770
889
2529
419
1282
1147
3584
2627
3404
568
460
3547
3495
1631
2724
2334
3161
1727
1722
3642
2280
1424
768
1113
1441
3324
97
3085
1554
4067
217
1937
3509
3626
3769
1267
2188
96
292
1662
3896
2558
36
1732
3213
1317
895
1942
1407
2112
1307
1053
3942
1605
3466
322
454
1275
2178
3101
840
546
328
2393
3917
3725
164
3852
3970
4051
3901
1521
3286
3356
1669
3428
3378
1969
194
909
612
2858
1853
3487
217
1376
3191
2030
386
1659
3234
116
2545
1401
2040
550
3240
1403
3725
1105
2353
1891
1273
2698
655
3555
1654
275
3581
2199
1629
3955
2031
550
2653
3207
159
3046
747
2932
3759
2023
337
10
3781
781
1706
3130
2087
4062
1705
1392
1919
1464
21
620
713
624
1211
2986
1348
1290
3655
816
2354
1832
2352
3734
228
3496
2
344
3631
490
240
2664
29
3965
694
3684
1758
2719
1465
3363
2517
821
3630
3126
1852
1714
1568
691
2932
2915
218
2451
489
1868
1528
3359
258
2115
1145
1041
2552
1670
2883
2619
1760
930
850
75
4064
3390
3173
1415
195
996
1073
577
3394
2559
1857
1662
978
2999
1325
2644
441
2151
2776
1521
1167
3560
781
2969
1340
1474
3109
777
7
2158
3259
1433
3352
178
3447
3359
215
1059
2670
1769
1116
2819
2606
3648
1228
3326
937
1860
1411
1720
374
467
2487
3683
1429
2734
3240
1882
2375
3515
3104
3911
1588
806
114
2102
2989
1652
4024
2494
2079
401
3211
2196
2971
3220
2618
3475
712
3133
2139
2695
701
2060
3871
3746
2401
1128
1891
843
1036
2531
4084
3813
3251
1577
262
1787
1678
1868
1163
1836
2813
1907
3302
3522
3978
2093
2146
738
3896
477
26
445
495
245
2867
3879
2581
1750
826
2010
1294
1051
3979
3226
635
3341
2536
2827
1440
1693
1170
490
170
1976
3298
3805
248
3172
1131
1425
3391
3521
2499
2741
2566
576
2226
592
3578
3088
2926
2924
2484
3635
2923
2453
2237
1910
3552
3072
3443
1545
2003
1511
3348
694
1849
3790
2892
3944
2643
484
3711
1430
2327
3447
3076
1112
2422
2314
3486
1487
2374
3171
356
1251
3929
3957
417
851
2698
409
3253
2859
643
1658
1723
3387
1433
2457
2885
2042
102
417
1053
1879
3409
2777
1096
1708
439
1436
2531
625
3547
1592
2999
2207
3158
813
1840
3291
1009
1265
1707
826
1502
588
72
2054
582
2111
3532
2729
1112
814
780
2045
3422
1936
584
3634
2630
3004
3118
3871
999
1764
3944
284
2852
4071
1397
552
3691
2869
1770
1476
3635
3454
3174
2853
563
936
2869
2013
3447
3469
646
1690
2125
3649
2833
3326
309
1687
2298
2673
2796
0
350
3783
2690
536
1019
2661
1631
2225
3004
3016
3197
2492
3494
3754
2466
3352
3595
3868
1742
2826
1574
1042
1775
3732
3835
3765
2516
727
1546
3158
1512
3248
250
1892
1082
2001
2263
1815
2244
765
2198
2359
1252
1913
1528
2193
2813
3774
301
475
1767
721
3221
821
723
1583
1111
3855
807
4038
3112
3685
963
2838
2460
1200
675
3366
112
3684
283
1484
819
3210
286
1834
4048
1113
2961
2056
2148
1186
3469
1834
232
2447
1797
2753
284
4073
4074
662
1113
818
2699
3762
411
2066
645
1415
1556
2046
2622
3212
260
2067
1752
2271
2912
110
1681
2256
2874
284
2439
1091
82
2340
3233
1577
3956
2741
1911
399
2264
3244
8
2832
512
1952
3725
3531
1835
2608
3355
2286
2219
3118
1644
3025
257
1684
587
2490
3453
224
823
2635
314
2774
1399
3419
3458
2439
2598
539
657
187
2170
1334
2207
2988
2735
3954
1067
1864
128
760
256
187
1886
2095
434
1773
2176
1438
386
3612
938
686
415
3488
3016
2537
1348
943
2584
3838
1395
524
3141
1817
2528
1715
3261
1623
718
2454
1254
3460
3599
3028
1521
2788
3090
3153
3150
924
3862
772
598
4017
2879
1206
20
1378
1246
1712
3614
2498
2214
233
3120
783
3990
2631
1546
2892
1507
1720
1504
2183
1039
3514
178
2152
2112
1263
1805
2066
3330
3544
3344
1420
723
395
1220
3311
1259
847
3746
811
3412
71
774
1198
2459
68
2995
3245
1522
2370
3639
1942
3836
2405
181
1220
2649
2139
3270
268
2146
3148
3478
3258
1827
3365
3662
634
1045
1810
1138
3516
1374
3464
2691
66
8
1938
308
1328
1197
1651
523
515
3526
925
2446
1585
1245
2722
1739
2853
2026
3732
3473
496
3981
320
2694
1608
2918
2246
2075
3785
2062
3816
3979
1681
2737
2974
3824
2983
3310
3115
1348
2299
2222
1718
2878
292
479
1038
3542
868
1616
4065
1640
2749
846
1058
733
3351
2942
2174
2766
3733
1741
419
3971
3569
3506
831
3662
204
2413
1172
3484
156
1200
2396
575
1479
4049
1220
476
2122
3140
1107
2672
2096
1972
1107
900
2781
746
14
148
954
3566
3291
229
531
3424
3892
4086
591
882
184
753
3655
2745
1498
1381
670
1056
2332
2119
2051
3836
474
906
2665
3778
286
2868
323
2108
3309
1984
1802
905
2298
491
1072
480
2282
2742
2896
3013
2046
1704
3088
931
2550
2510
3030
2467
1445
3531
224
1069
1852
3734
1009
250
799
3756
2364
1005
524
38
2143
3520
2976
2363
3671
2444
339
2331
3139
2565
2874
3376
2732
3126
3960
3011
2582
669
4041
2506
1017
1117
3223
1448
1052
3109
3559
478
3834
2410
568
2331
3354
2969
1584
103
975
333
1271
2143
4007
43
3086
493
1855
3540
369
140
2328
3283
1608
754
1657
409
1469
3520
57
2232
3555
1443
646
3627
3572
535
3116
153
915
413
2688
2211
3227
3884
240
981
139
3593
457
4089
3732
1955
2291
3692
1396
3436
3178
597
656
3922
212
3570
3896
1503
1654
1681
495
2219
3161
2665
1919
3202
261
2279
4021
2133
1787
551
2401
3633
4044
1754
2802
1462
1556
2050
1198
227
2985
1840
2006
598
542
2290
2860
3153
419
1925
2302
1926
1456
2482
2854
74
2659
1253
485
834
1509
480
3542
1986
2097
1653
2436
3952
661
2476
322
2855
3099
2955
314
1271
2463
620
194
2948
3804
97
2108
659
572
956
1051
1458
2933
3945
1566
2703
2539
394
3249
2341
4034
1150
2770
1899
3177
717
1426
943
3218
2882
2006
2547
3138
2586
1765
3974
2279
3978
990
2628
526
4001
674
401
3658
3331
2239
3332
2252
2386
1545
1590
659
2465
434
1167
3643
1408
2677
1572
3578
2121
3900
2352
380
1940
1658
3690
2432
2724
3871
1932
3631
2046
3109
1682
3113
3843
1890
2193
2493
4038
2667
1579
2168
81
2968
112
3008
633
1063
197
198
3059
1514
1023
2199
3865
1365
2480
847
632
3635
2385
1088
159
2911
3741
3020
3494
446
1616
3970
455
191
1274
1643
2199
3949
3630
1917
874
1397
2282
3142
2831
3454
130
3124
1518
3029
2852
975
2463
3756
1174
3525
713
3512
3708
1571
3926
2025
359
3274
1139
2154
912
1382
157
2253
1337
1005
2678
114
1892
581
1742
2089
3380
2070
2467
1378
813
3793
3780
485
208
1432
2140
3883
2382
2245
2626
3415
1394
4069
479
3838
2195
3012
3577
508
2050
3531
3184
761
1893
2761
1785
3438
184
564
2924
2215
3598
2319
2069
3154
33
2060
1270
2924
2759
1063
1285
2202
433
1756
2283
1984
1977
2797
1572
2322
478
102
4075
1120
3672
1859
1337
1773
3566
2807
1656
879
3875
3431
2384
132
2815
2666
2266
2892
1353
2607
1375
242
2741
1693
383
77
846
1147
2648
441
3696
2275
987
2013
3324
3356
237
687
557
3319
2520
2618
803
1600
451
1338
3461
3618
371
705
1846
3793
2765
3322
1274
605
2012
4034
3918
49
2175
1070
238
2680
2702
958
283
3226
1460
2064
195
3926
72
2808
1445
300
104
323
3847
2986
15
1337
2120
2430
374
1523
3495
481
2249
3539
671
2240
19
3349
3538
2923
2759
3433
398
726
1454
643
67
1250
2637
3327
3485
2130
3123
1216
3121
1085
894
1620
1993
1402
714
136
1933
2783
899
1363
3776
267
3335
1811
586
902
2984
4079
3094
264
2609
1214
3215
498
218
2895
4088
2181
2999
3442
1128
2599
4056
1480
826
4017
2302
120
3057
2596
1554
3999
3710
67
1965
2771
1748
1402
3160
2416
3161
2803
225
927
678
3706
3848
196
2263
3979
573
3823
1121
175
2395
62
3987
448
922
2822
929
794
1662
1407
3319
871
2300
3035
2022
2665
2169
736
1943
1434
727
3286
1748
3070
2738
3422
876
3085
2539
3313
3240
2125
1539
1368
451
3663
996
3765
3745
2927
3794
2192
2838
269
1179
271
315
2104
2609
747
48
2020
2668
1774
3767
2097
1932
2047
3259
2202
643
4076
1330
3644
2257
703
1521
513
312
724
456
3661
3449
1130
313
153
2643
2518
586
3965
3376
1965
1651
3389
1192
136
2520
3260
267
3969
1414
1636
3990
1672
1042
3023
2777
2086
679
3384
3010
566
971
2938
3504
3376
2853
3649
477
1737
3492
2924
1598
1472
1112
898
3449
12
275
3825
3459
3515
53
939
3169
3350
1839
1529
14
1044
3284
3709
766
2814
2424
2869
1697
3319
453
20
1581
19
1760
3495
3538
2635
401
3203
132
1136
86
2556
596
769
1385
1911
49
2735
1505
1738
120
1983
336
28
2912
2445
3925
2758
2200
2703
2102
3923
1658
3392
566
4074
764
1077
1585
2105
3118
3380
2429
3794
422
3099
3134
3611
2773
1376
2907
2370
3521
1469
1358
3143
2016
3843
2353
3312
251
1888
536
1993
722
925
1519
2104
3441
3376
483
366
2434
3884
3738
914
2263
2700
574
3680
1440
2622
3799
843
177
3101
2061
139
338
355
495
3254
2983
55
2121
1032
1451
1746
1171
1899
1278
2126
2868
1109
62
3261
3871
2183
582
824
602
2335
1330
3348
1126
2963
2080
920
3915
401
2405
218
1330
1710
3533
2198
3527
955
889
422
2743
3204
2363
1897
2916
1735
3524
3602
3737
2580
2472
390
3873
389
909
1722
1047
502
1769
1808
2466
1111
611
1352
1194
2386
3422
986
1730
976
3022
50
2494
680
2512
3136
347
3093
2776
3937
2227
1675
1272
2666
996
1480
1591
1779
2258
241
757
32
1470
698
809
516
3199
2630
4087
3090
3711
572
812
910
587
745
3552
2102
1228
2085
2564
3351
3993
37
2191
3391
2778
2017
2467
129
1674
2712
254
4011
826
3999
3755
706
481
3847
1039
1807
2707
3729
1470
326
1641
3904
1349
1266
1812
2407
768
3242
3549
2178
1145
1600
677
982
447
3399
447
1541
121
1041
3908
1668
2114
2693
3035
1667
2261
1553
1329
3108
2167
2048
2517
1284
2892
3319
3439
685
1549
719
1482
505
1499
0
4012
1257
3899
279
2046
954
2112
1907
1620
1560
1613
243
3633
1335
3109
2272
378
3996
3538
3722
1608
833
333
1406
3239
2587
508
362
3486
760
716
271
2190
167
1025
1263
414
2512
3460
1232
3624
2022
777
2328
2738
1769
3456
1641
555
3737
2395
1828
3036
1865
27
1446
2467
1233
551
4030
504
1061
2925
3848
1102
2952
4074
2539
2565
1672
2923
3366
384
2713
566
1564
1425
1511
2156
3776
2823
3579
3719
1273
3443
3982
3742
551
429
2950
3989
318
142
1923
171
949
2261
2810
1737
1998
3815
3206
2504
3945
3779
3782
520
1335
2728
450
2413
2441
3749
1827
1338
1080
3862
2267
319
2167
2060
4050
3576
3047
2774
706
2011
79
1180
2607
2404
3834
1570
285
3895
1217
777
1860
168
2723
1746
2754
1189
3496
2564
2254
3617
614
2636
2922
1162
3973
1110
1964
385
648
656
1368
1460
929
1987
892
3461
2174
2448
3316
2248
3638
1854
205
3258
1549
854
2984
1529
3529
248
2261
1521
566
302
104
4018
933
530
559
1669
2809
525
2114
628
563
3939
72
1148
3442
2545
1630
253
1935
1375
1167
33
2372
1450
2582
1619
98
860
3654
2083
1699
3743
399
336
2979
2631
1249
1943
2111
3002
1403
1169
608
2167
1983
129
2311
1739
2855
1212
2607
3465
255
3866
3695
3878
2811
2515
702
941
572
412
718
2937
1095
2478
2292
2141
3911
468
1822
2958
3724
2594
774
3334
2615
819
3959
1751
2924
723
465
1083
1120
1958
2220
779
3972
4014
1506
3198
825
647
2743
207
3025
1455
1476
3006
1647
2732
2248
3230
657
2174
3450
1982
3020
2191
1965
1432
3783
1265
596
2176
2279
3411
1171
4051
1398
3754
2584
3927
1009
1153
3895
3223
1249
1752
1324
3652
1464
1713
2987
2479
2679
1190
712
649
3943
2155
1343
3815
52
2205
2377
2757
2470
431
3262
2619
3780
3395
3564
1886
1750
3412
379
1487
1307
3725
747
3724
1104
2228
2717
3204
3241
2465
2315
121
1585
640
83
3456
3088
3996
2980
3338
998
3212
2827
259
2095
2859
180
1377
1752
427
2392
1485
1877
2023
3562
3528
2868
2558
2261
401
141
1514
2624
3992
3483
3442
2442
1604
517
1020
1805
1678
4083
3101
74
2351
2759
488
3697
2100
3880
2905
589
2707
2962
1613
600
67
1887
2210
2091
3216
3342
322
3224
682
3754
2680
3587
1920
2716
587
2510
2798
3615
1674
2317
3335
1518
1605
194
1902
2145
54
1749
3450
341
2072
3288
3980
3840
951
1290
604
1300
2891
1366
2099
4008
3482
785
2985
425
3873
3805
3473
2560
3985
3597
479
3662
120
708
1379
3017
724
1943
3036
3816
1997
3111
319
2110
3505
717
167
1639
316
2917
4028
2651
2221
577
2936
1014
678
3680
1942
1749
3548
60
1913
1186
901
523
1750
1761
869
1889
4085
2952
1785
1240
1825
1540
501
383
3203
2735
3599
3485
3585
3553
2054
3705
3438
3020
3737
481
2802
1253
72
2150
444
3240
1280
4022
961
1399
3838
2905
346
223
245
3384
1868
3136
381
2563
35
3620
2224
2117
3564
1116
3954
1624
2719
3222
359
357
1638
2008
3994
3625
4004
2199
4049
4007
633
1149
3899
979
783
1573
934
21
1913
1215
1840
706
3283
764
1022
2143
3669
1653
2656
1536
2730
311
3691
3950
1867
2582
1597
3336
2726
701
3308
150
1222
2012
2886
1300
3277
566
1154
574
529
2640
1552
2597
2859
1618
1154
2206
736
3008
1304
3424
1960
3662
71
3709
2750
540
1666
618
2996
3605
3146
1020
1098
174
2498
2740
1622
427
225
1340
113
1824
2913
1790
1081
2050
2466
3687
2983
1243
942
997
764
1617
684
1397
1347
1970
2227
780
3885
3327
3385
3850
2388
3503
2248
330
3307
277
1970
1661
2725
1351
7
2435
200
3163
3791
1111
1958
2272
1359
3756
1343
823
2873
191
692
228
3635
3188
2321
1248
3022
2887
3399
3822
2240
3952
1854
2088
1317
1795
2010
1582
3545
2988
628
2916
2814
3717
539
3631
1111
1817
1637
123
3939
3965
3556
3143
3805
559
2932
3907
3941
1405
1734
816
2351
381
3412
828
401
4061
3974
3580
1508
661
1744
2866
3387
2038
190
1345
410
2731
3609
3943
3727
2602
2440
200
416
652
2333
2504
842
1019
1521
2347
809
163
3321
637
2941
984
1479
2307
1304
2929
3289
3898
3166
885
1401
2142
1784
3723
4012
3734
2423
2733
2501
1889
2123
1385
3164
1666
440
245
4064
1825
994
2275
999
2360
718
3077
467
1317
1888
1654
2219
450
295
112
692
1937
2926
731
3532
1444
2734
2930
3477
1730
2491
3957
3924
2895
3572
464
394
673
3197
866
1028
3410
3195
1912
707
3957
2288
1052
4051
2151
3633
827
3056
1653
1688
394
154
3039
1860
386
3988
3651
2569
1362
2112
3172
2606
2377
431
313
4023
995
2000
3071
3356
2344
2143
2482
1142
2952
1572
3490
417
3456
1168
171
3394
3905
2605
512
889
2640
699
3227
1374
3880
2062
189
2999
2098
1085
1853
2828
3173
2568
3129
3617
340
3295
1648
3083
1333
1816
647
3395
2286
77
2467
3476
1852
170
876
1999
1319
1160
3225
2991
1897
1421
1190
1939
2353
1148
1352
2436
1076
3290
2459
2577
547
1799
3174
1989
2470
3178
2662
2508
1148
661
2153
1762
3874
553
2788
3173
246
3157
1878
381
3743
1566
1047
2208
2249
1815
2916
910
1719
1333
3495
3346
1221
1915
3124
1416
2666
3460
2077
3817
1898
2143
460
2753
2909
2596
3239
777
503
2506
3948
1716
520
2260
1605
2895
1175
482
453
1172
1328
1331
2638
986
632
3395
3895
1685
368
3604
3283
2058
2886
3999
3497
1305
2591
3387
412
1098
837
3711
3879
1538
2796
2489
3611
2710
1037
1588
1987
3898
3769
3526
3598
1016
133
154
1863
1624
2947
1495
640
1227
180
2270
1406
3500
3767
1891
232
1948
1694
1053
1231
3188
480
3400
1096
2719
763
1242
566
3053
3669
2963
1230
2237
1238
616
2014
3479
228
218
3403
251
1345
1445
3905
584
1695
1678
3286
1463
2854
1751
1133
327
1752
1589
483
3320
1790
498
917
3516
1317
3616
1123
670
2378
1043
909
1712
4084
3825
1445
1575
3169
3808
327
708
1340
2350
2418
1433
429
583
1907
3254
2517
13
3566
3456
280
943
167
2289
3357
846
10
807
3819
3154
1182
1249
2443
1115
2599
923
2396
1104
3254
2544
1957
2772
284
3375
3572
3869
143
3834
1134
1213
2740
2563
3195
1953
825
726
2405
2115
2450
2459
964
254
2983
1854
2187
2536
760
316
524
993
4014
2632
1226
1959
2575
3394
1240
542
727
3479
3466
4063
4046
2398
3430
290
1515
1203
3431
1760
3789
228
2615
2005
867
2878
4089
3074
194
3712
2767
175
2959
2461
2589
2443
658
3659
1002
715
2129
2940
1708
3311
1163
103
3328
1503
2061
710
208
554
321
134
1139
1141
3756
2370
2854
1825
3949
3823
3570
1547
677
3566
1829
3596
2132
2825
3010
3344
2491
1509
1739
668
1725
291
3563
2387
3410
1206
476
3631
2758
2365
2135
187
3947
1507
3741
1482
1241
1373
323
290
3286
1570
2755
2072
3221
982
1059
2727
2284
1439
1345
2569
541
700
1373
654
1552
1964
255
951
1727
2691
814
3270
2966
2075
2857
1363
2075
2907
3086
1347
1193
2429
20
457
823
3720
1101
277
350
685
2209
873
3123
2701
2457
280
2356
3521
2935
3835
2522
3490
2701
2348
652
716
720
755
2343
1770
122
3987
944
2997
619
1571
315
2147
1563
231
168
3618
4096
1639
3681
3046
3218
3407
2153
750
3428
2433
2133
2401
294
1290
2975
3357
2199
2591
3880
1508
586
1556
3605
1902
3774
1217
2595
3734
251
1808
3216
564
461
2322
3344
2139
3926
833
1853
2257
2849
1085
2905
697
2129
3948
819
1412
349
1242
3954
381
2214
862
1078
3843
3999
2514
346
984
133
881
2284
3306
254
3712
740
1248
3931
1801
1402
720
2196
2027
3124
3245
2346
2814
3039
1150
2338
1112
3055
3552
1324
3807
3775
3840
3531
2898
2972
3043
3376
2144
1529
1593
2400
3462
3515
57
1549
795
86
2239
1595
2776
1099
2212
586
2141
3190
2387
1695
3536
3852
1858
3038
451
2252
1979
2019
1618
2660
601
1600
94
2898
2361
1876
867
2475
2161
401
448
2000
1235
3240
2634
1668
3228
3909
2850
1069
3245
2632
1431
3571
4031
225
2689
2015
3851
2633
290
495
850
3891
2832
1583
1646
393
3847
959
2251
625
3606
1514
252
1520
825
1713
2349
2295
2980
4059
2279
3756
340
3792
1417
1223
1940
891
1564
1975
871
2488
358
1633
