24486
8301
45431
22507
53221
48387
256
43863
29489
58419
48673
2916
42552
46054
51173
2575
33754
43679
21652
61106
24404
19599
15420
57705
23642
27811
60372
57738
29138
11680
6517
275
31491
54684
51923
47721
49104
1362
46111
26109
46911
53337
42127
55928
63987
3212
61817
56130
51452
50362
48635
60309
22835
2421
46877
28439
64030
47134
45577
60410
46154
61626
37082
48741
45786
32371
17390
11870
40872
19952
6624
28112
19490
49166
64743
2464
40950
42754
29656
42897
8524
7536
52942
38337
21705
7672
50037
1182
47270
15460
63920
985
3028
20941
56546
9379
26359
59214
53547
40547
15650
57351
25107
33589
45907
52083
59577
6510
33584
27885
8054
36776
52847
22472
15785
62041
53670
37259
24453
50051
54901
59821
15135
24161
45275
6682
16092
24065
15892
12833
37129
6411
24716
38358
31702
63263
49868
30544
34902
58869
2568
5259
8584
63095
1893
37088
8111
39535
57406
9846
29616
11658
17788
36403
54923
46579
4661
48720
43196
22061
21240
50025
45653
7369
29296
15089
50547
51783
45180
36286
54042
16522
32480
21572
48841
61509
9782
17943
9135
18597
9814
43514
43532
43584
26778
49324
61676
11226
59803
34222
2067
34932
28643
36139
10853
3388
57103
64388
13880
57028
46571
58848
57606
35208
22490
6044
17933
54783
57743
55716
55450
6730
5223
41448
56967
54354
26523
12356
36664
31824
59319
8299
3140
25206
13907
24873
3260
36759
10147
12885
41608
37402
39745
13461
16143
3447
35195
36380
57911
10187
63984
15906
1180
47646
19768
21969
18014
34809
49251
35890
26642
822
40095
60739
33509
7848
13134
6075
50135
45725
48021
48323
62307
32555
44475
28963
21928
56417
52033
37668
54152
54142
54676
49539
40528
19421
16081
3211
24051
31103
1459
59823
1448
17179
41321
9580
53729
44488
41924
49945
21800
44277
47766
38933
53503
43437
56312
888
20293
62761
62916
33178
14707
25353
40611
55660
63919
55492
13135
21888
57612
8441
4139
47602
53967
10806
49574
49350
51801
9242
28511
22742
6706
52130
21861
38220
12230
32016
33425
4488
19795
35927
55725
19096
37597
1282
2687
58015
23148
54445
61570
37149
20991
28202
30592
55791
46263
22983
27719
57304
29076
32553
54076
20379
5773
49513
16061
20541
50077
63365
48291
22088
43993
54017
58892
34462
58699
26631
11164
31469
62519
15815
33016
53303
64550
64324
56047
51670
57653
35131
14377
21332
8888
41643
30989
28638
40726
1178
64598
19029
13770
55974
46646
6261
59104
31456
62132
7691
13926
7565
26661
49281
40796
27029
26866
53121
11346
11543
9760
18163
21665
31125
18031
49910
50443
50981
31815
37434
33206
55670
64473
25007
44370
30081
43171
2194
36590
63342
64026
39954
56654
14170
26010
32384
5554
11290
7001
52172
18833
64133
7323
9007
53787
39566
53239
47615
49365
40660
56620
38285
57765
34473
14721
52963
2745
21734
15869
36895
29135
37901
16232
7727
7603
3953
52687
65399
19490
23663
60324
21353
2309
52689
29303
33163
58503
48525
9611
59409
35969
33637
25300
60253
49312
101
18379
38292
37754
44225
1717
51196
16113
10418
58721
40685
30659
49391
6313
57575
45646
48555
28121
46110
58889
36356
33940
8528
42395
60000
23915
7135
24026
14683
59488
63776
27979
38901
8712
14166
37261
19194
11191
62873
30478
5473
8258
9088
1807
58480
19556
55369
19442
7069
34162
18667
45161
64941
16846
30096
42794
33991
1404
42524
1108
12562
40092
59055
21301
28896
40501
19972
55492
44627
21531
62716
59555
59320
63418
59060
30005
13362
9312
64
11038
59476
63254
42865
34675
14240
30549
59195
53013
38622
18655
39864
21257
8158
64618
43016
12258
10375
9317
6821
24533
43368
29627
22477
4164
22123
60748
4139
48688
35040
6486
14007
57597
34880
18146
41596
50284
35809
38596
63772
51454
51504
25201
18109
27435
928
41585
51220
6609
63504
18522
1145
45848
60001
1564
56972
51837
8341
31607
4491
3047
29156
2497
4677
32
53136
33632
31479
24952
42905
65155
10463
50106
22520
29846
24352
41597
27501
60066
63148
31200
58162
35079
62266
63109
12048
31157
53066
24496
14048
58627
59899
27683
23334
52042
13789
20618
33948
51425
49533
53895
8869
36107
874
1080
60488
6205
54163
52870
35091
9445
16087
7390
17484
36046
5308
57643
28139
43492
8538
28606
3005
9615
62001
15693
3894
13910
49505
9491
36189
16010
15084
52919
44526
34866
33727
22103
7657
31314
830
14503
2745
23016
60418
5737
30631
2017
43879
65391
35752
12278
53367
33103
60660
37175
63543
60308
62077
12394
17954
29097
46915
22875
44628
43953
16980
50726
65445
14995
27743
5365
40061
17884
23653
4245
8506
43821
53485
15831
50214
52822
9175
37598
40294
35759
49779
42069
3096
54189
34252
16932
27696
52953
59662
63824
43514
9812
61840
54121
58413
41237
50186
5499
30044
44735
14439
59355
32890
59383
34388
39636
52970
3908
27656
6207
34713
17083
46095
28165
7848
24957
48294
9031
32890
9184
60904
63092
1478
48436
41219
21454
36660
3443
22628
46366
32550
41142
56647
21594
17674
65119
18082
17302
28759
9803
19123
49327
2871
20675
13951
5023
24309
46212
33379
13884
26200
31149
11341
5732
57869
63222
3226
13757
34478
12159
12141
29439
43679
29904
47175
22089
50101
26463
12659
59792
13831
4916
41709
27315
34601
47116
9707
35349
45145
11275
37307
11183
39379
8016
6243
45550
3233
12390
45143
9442
275
61935
26044
35309
2200
37967
50941
38869
23146
24199
55056
20977
135
55015
1442
51635
49351
18644
14981
48783
4626
38922
30052
53375
3378
54521
4320
7153
12654
23747
19116
3407
21884
41691
49224
58608
27248
35107
64373
52673
12557
43241
11527
43309
10164
27581
9971
37625
30261
7540
43979
26232
46008
31508
48288
33991
56110
53593
19858
58209
8829
56959
32607
20375
64209
20186
37634
53970
44392
28351
21537
27546
45603
54038
18954
65047
59344
22421
9709
65258
29329
37580
4566
39683
24756
37755
12560
57964
14897
59568
49374
8776
54498
5342
41285
15283
41231
6689
63026
59139
56176
43129
47576
1644
871
25513
43911
35244
50965
2187
17992
10023
18550
27018
16590
64522
17967
3299
32538
44569
9013
26549
59397
58488
55490
50541
19267
19138
3074
44759
19922
58169
7197
40550
42973
47836
12059
2144
11483
1091
50932
47900
20476
11018
28380
33101
6806
61873
58451
28356
9296
11812
5995
20289
28708
6594
18259
22185
43546
14407
62740
30270
1078
32028
11466
35461
26249
59647
21683
4376
49642
37328
41229
33661
6288
32250
12042
57811
28173
24663
20862
28164
40393
47880
20176
22205
61180
54940
23946
44352
30253
2477
21167
32220
5625
22951
23029
5387
31537
53176
30700
58621
30173
61666
30995
59595
38339
53217
6078
34002
54050
49044
1157
42735
39606
39122
23373
25213
20976
3815
54562
33554
41551
4608
17801
8333
31856
40879
28061
40563
10614
53471
64096
43354
39801
11254
5620
14132
25912
60207
64113
26648
60230
33498
11511
65376
24826
28509
61047
55879
33879
64050
37408
33844
39455
44782
52081
37368
34215
46340
19778
37952
35437
55802
21823
14389
11905
42680
3503
54929
13993
22802
46297
14764
15949
2019
44156
3607
22324
59669
36941
10814
56826
22073
5208
21149
12456
55583
44403
8150
3128
19326
13121
9515
27761
29095
2667
36267
59562
58313
53049
37127
46447
53028
2506
14078
22168
1476
25946
3595
36986
44461
28370
57383
33886
47428
30560
50166
16862
39317
41689
3757
35912
42293
2601
26272
40047
58250
51095
27953
33646
63941
19934
9399
16861
65337
61952
55218
22483
41292
7436
27032
10141
39182
23134
9967
57422
19388
43807
40348
23000
53425
55685
44363
60127
46079
49420
41743
42988
23636
9947
25717
63553
10353
24679
56340
37769
16425
14948
62534
14384
56523
4477
43411
28595
51711
47867
18726
16784
24986
35855
27572
52932
14834
36153
41348
38417
3104
39220
64343
13849
57716
61260
56618
31094
33052
11346
74
61596
6348
16278
16032
64954
15967
48464
22845
3396
62252
22844
62770
62729
21907
12200
27790
46477
11185
39902
37438
20950
61821
62755
48159
52380
29578
55922
16448
28090
34298
28057
61844
37148
62817
11340
19699
3740
56923
59967
9888
16686
38480
46688
56723
14951
26341
16615
4707
25426
14500
31153
62966
18252
20678
54636
60609
38937
53355
40213
54521
23422
22412
32700
30893
56675
11161
48176
3533
41304
3971
8210
41209
7421
47317
6671
26416
49628
65156
24993
17513
36333
51117
37581
46628
30992
7401
21357
51183
62983
19846
42576
18395
23925
5795
28465
15580
36830
11345
28644
46265
5222
33738
31328
15105
40781
40271
27965
42424
51279
1960
2798
2737
53256
50924
55141
38775
7917
11498
21384
50813
40983
99
23353
47839
31173
28791
17083
15123
26581
51746
49476
4167
36598
4775
15471
57327
2279
45512
41403
56992
31122
47384
54672
53487
39924
37846
26938
35101
53057
43378
18901
55139
22373
10178
3746
63592
25480
51640
58410
31948
10390
136
25169
53583
28449
44572
28235
27179
30773
22146
30274
804
48038
44574
4529
5208
40643
13825
64726
36473
2083
38858
13790
52511
26555
20073
40768
43938
18201
64405
59100
18468
59133
34155
59247
64317
63820
31166
22086
17667
32626
39799
40693
47337
11415
12468
56122
57304
343
1847
52876
3003
13601
59545
49649
14485
21869
35277
1142
31471
19029
38601
22715
10873
29737
48413
61702
7599
46352
46479
47947
56041
23761
31875
54030
36710
17590
2184
1758
27243
60802
29250
26896
49779
19800
64795
52346
24086
57307
41760
8493
28506
30704
11279
52198
4763
29141
62865
17216
18048
39443
35783
15168
4858
49664
64484
48315
23236
41995
52497
65296
29218
7507
14727
22232
25120
42550
49907
8276
42392
26025
65395
21724
6680
26088
34941
20723
12268
45358
17732
55536
48265
52037
41132
38861
21726
30343
32920
44268
51258
19643
26037
47514
10705
37364
212
10908
22775
40897
54459
65125
18285
11831
15779
39356
12675
37655
36124
43062
18024
38492
41186
53342
44651
23847
37631
24180
13967
56276
33371
37818
20800
32379
15739
10488
56228
44498
54739
44568
30571
48642
16123
6218
16272
44625
62369
41580
22200
45866
32318
25946
14260
45619
13644
49906
60900
22020
20235
55946
28031
41571
20122
23187
9614
55657
44285
53082
16564
15448
57072
13587
3259
45017
37481
6233
24816
65464
64069
41370
50273
29755
18991
25024
29716
22913
44815
20008
29997
15705
37186
55822
65250
28614
24825
9377
25532
35905
574
32221
43931
25128
12711
18607
35613
37286
9826
48574
3290
50928
565
45514
12776
23875
27940
31758
50515
22102
58398
3000
59465
7570
65235
46808
20259
59151
46127
65058
53980
48458
45197
3052
57478
9276
18444
3391
36451
59177
57803
27854
39922
37160
56938
25047
45968
44019
24085
56262
26998
59039
10554
59802
45385
25033
49633
55809
4348
30583
56786
47328
43266
22320
18251
29305
12269
48319
14751
19500
57014
25797
34656
22340
61656
43968
60007
62167
53563
12353
56408
24416
846
31251
31010
55757
24159
1281
28775
24394
17027
63871
58897
20199
63562
47938
9530
1867
18993
31735
54900
57893
2455
38478
44062
2325
25381
45936
35324
12051
22034
40942
21813
653
47274
20924
15314
19069
22176
42557
39087
41412
26685
59402
29853
19527
60587
42840
26215
11173
15258
18911
20018
55536
37233
26794
7442
58565
11583
15692
26839
49973
1180
48156
9388
8079
24639
32166
64569
45171
20000
29855
51104
31245
24171
25622
12419
23308
7233
5990
34623
24305
19704
39530
22525
56962
37825
26454
6163
62795
57716
17369
60370
27120
55441
56184
23494
55054
20693
10644
38997
56738
4876
24101
56841
32739
50037
54837
9462
453
15865
37701
16921
53943
8715
57083
34905
49042
41750
4229
4368
12520
48082
38411
16971
44608
17036
32657
6138
5777
33034
49396
12696
29811
36488
55183
24035
47208
6229
32240
61181
42717
41449
50959
10208
43149
43490
40943
61179
43663
22385
51240
11248
64471
38978
17757
45684
9353
61551
43798
33169
30575
53087
43412
40131
4806
63654
59302
5762
3553
61335
61001
16512
7083
32504
21450
45642
759
54152
46502
2919
24329
30726
45677
22811
25465
43863
20901
45390
22609
28478
23335
3012
55727
10840
51927
43552
35284
18824
60769
47407
44018
403
10296
26507
56032
42815
16387
15375
22015
48908
22842
8695
28545
33386
36336
33674
14598
20408
56996
62579
50235
42444
10097
49428
11257
15842
28123
28026
57272
10735
23314
57902
49248
13833
50137
20459
38429
59324
53585
18245
58005
16794
58452
54978
58070
11728
54774
7031
34797
2240
60509
30984
20822
51484
42524
56494
8039
7926
33649
61267
26710
9662
30555
20920
14387
5419
13807
48173
36625
24367
43365
8018
55285
26856
17487
60265
37575
34893
47176
30140
7583
5838
1317
20291
59753
22489
31818
64724
45361
2046
43036
53550
18374
27016
59012
43886
53609
55918
2852
26673
2230
35185
32603
15779
1046
24356
12632
52675
24188
60844
65478
20935
65056
46842
49087
16198
41437
7702
62497
45083
31154
57640
49615
50108
29082
15801
37784
45986
56363
58577
28145
64243
8174
10226
19479
61380
65406
37661
21967
62111
12452
63815
4400
58535
31911
35430
11138
48004
8627
46974
47305
5042
41648
46857
49432
59728
30928
15401
33989
2847
11521
20938
24522
32344
20218
63724
61820
5860
43157
52985
58317
44950
34735
8475
21162
2266
24153
44915
12228
49803
45262
41446
57021
24738
57691
33501
13768
59449
28221
62474
13310
23848
21390
1695
5728
4663
37840
21634
8805
45527
63080
27003
44046
27219
60460
33307
38478
1807
45900
60034
26010
53120
5883
35757
36944
14322
49470
7817
60950
60664
7693
38688
65118
5982
47448
3443
11324
12674
3667
50940
26480
17430
57612
47163
53490
32172
44920
25706
31027
39191
51152
53156
13666
10673
28747
17670
32590
35150
3867
60723
19826
41305
39478
37731
57547
15839
7460
31509
43058
18473
15672
61296
42969
19413
39146
32660
3896
47247
41251
37857
30501
31085
37211
38072
48251
11467
55530
34835
939
56891
59403
222
35964
22094
9952
6032
13291
59559
45704
62426
63167
46863
56760
54734
9421
52693
58331
43978
59630
5899
24519
5913
3342
40213
39209
24788
18284
56038
9743
24584
64256
17783
33652
16792
22432
33438
16376
32010
60117
6837
36787
32421
3617
52171
34724
43309
35462
22635
42155
409
25861
13323
9902
55178
31466
40702
34846
2813
23530
53894
43754
60982
38841
16567
50362
56076
38033
26003
55309
3197
65304
55014
60339
18160
29047
613
12933
38643
17949
37900
23281
58200
2394
32824
62092
62577
11080
56890
48777
34731
7616
14651
2178
54479
39082
47459
42343
52501
61397
11038
32901
32211
60257
63125
46615
37108
63481
26059
39222
34586
34298
15547
64601
64983
56332
47216
64555
65082
54018
48909
17348
61304
27962
62821
50456
23720
57271
9348
53699
41510
56388
31503
27887
8014
44297
36737
34366
4098
9369
28703
27250
30895
64233
7185
2785
29056
11371
20336
49219
3943
38901
10620
24318
49398
30389
46987
18136
17722
49130
21419
38871
60988
65511
23432
65184
753
26285
57018
29124
21023
24965
56796
23981
49904
61804
8143
20509
12653
5597
12010
2676
51690
4932
4908
44581
59306
61061
50890
58639
35439
58205
37090
34833
47065
29661
18499
5082
16853
15911
54141
1864
43533
61686
53639
47994
54171
52328
7451
29361
65072
21004
58326
9425
13086
2471
36125
19403
42816
56111
54865
5656
39079
14516
63170
54795
19935
42881
32373
40194
63018
31754
32686
8126
23193
49052
64306
48757
61715
32704
17509
18247
51940
6907
24404
1926
32327
13041
34672
57319
24005
25425
10621
7741
43165
52172
65467
31422
10229
54533
65078
36817
28242
52260
35667
26884
13479
45304
17984
63371
39803
1861
31896
60012
57282
37126
26760
26593
32457
51301
37901
51294
33929
94
3115
9441
11252
22860
35301
24754
8754
8962
60302
4001
52373
51970
44561
36256
43923
38198
62999
21635
57078
23732
13165
47691
2723
22924
9597
29282
44085
64003
24571
9800
58822
58304
14320
29799
50534
16976
17678
5462
63206
25071
37209
47661
32038
52881
32267
3948
14477
4153
55163
54867
44874
8013
1512
30503
37430
58396
63859
35498
36541
61333
44839
62977
31900
11997
9556
62405
39644
31937
32044
59778
10140
32044
35954
53556
18783
1677
62888
63998
27048
56823
6281
49245
53700
15533
23713
44693
36810
10841
43502
34711
48554
5101
10487
48544
26254
4623
32619
43167
38563
4701
39920
63780
59977
33156
33007
12877
21405
33257
60476
43932
21025
19569
8590
60819
24463
38286
4207
6090
54830
22738
24294
48800
18655
36502
44497
39197
48425
40368
52783
44649
51124
58244
22191
58418
43357
18377
47837
63691
21756
65487
23216
43606
57203
50869
10904
48544
2948
24628
37219
64256
53567
25655
34992
8045
43489
64301
42593
59479
16316
53702
7334
25554
31497
27197
10060
38163
7168
47805
56725
32424
2637
4525
40639
64804
60501
65268
58506
61688
64213
13893
5565
63920
40552
58385
30911
6455
8
36634
40619
33734
40765
63911
4548
8384
41783
50220
18791
15272
6137
12511
55844
55310
36022
13296
65168
49681
6824
24591
51893
7718
63527
30113
45820
33873
61947
63676
47169
62885
59615
42376
14868
38568
49412
59117
64302
32619
14623
21775
5661
29376
7118
2675
29634
21614
3774
58062
34324
21585
33381
8433
53325
51895
59044
15324
21542
41646
21750
28656
34388
44867
26390
48701
35525
48052
23155
9331
34932
40698
28623
8981
28661
15857
5437
42099
22240
26579
40711
51980
10684
33638
46367
64454
40125
45898
35210
37931
61077
6111
26456
17296
64084
20019
14866
50257
23405
14872
21773
33534
61375
35843
9080
13091
55001
42650
52086
62554
54534
41925
1232
52248
50082
35224
54195
11025
52524
43210
46410
33315
15087
58934
10464
60804
15179
20298
31450
24447
14784
48695
2915
46985
48467
64614
11766
43236
46718
3846
7886
23882
19217
61654
9165
40072
58013
27526
23523
18031
2982
53718
2012
65505
13458
54068
65341
2769
12384
58655
53520
15755
61657
30240
10397
27366
38001
30822
26034
35806
52624
44339
45032
43057
62895
38363
20251
62886
46671
47192
4849
64842
44926
13886
25709
6898
26921
25217
13633
47458
50367
40540
10939
58779
16962
63528
58438
32178
59168
9158
22318
26469
2165
47589
32146
40267
57609
22692
49668
33733
59162
39657
30362
9385
57322
59780
26527
29592
9975
63852
22851
28566
33432
49030
12702
56525
5654
39935
30254
53659
5351
56745
10068
36540
51213
28001
65293
44731
7175
62742
15588
4312
20268
35631
16163
38870
59578
56753
46750
6378
11396
50947
15524
28405
53711
14541
53918
13264
60940
24930
57842
10506
58949
14935
8870
56024
26266
46475
4421
18756
20625
27482
63007
12918
11169
11206
5748
7580
57263
20926
31057
15907
48816
41320
42787
44401
44861
47777
33537
10921
8553
15954
26871
15040
58894
12221
12680
24247
60563
57287
2165
24773
21326
22467
53917
56901
4363
12400
37060
20461
24774
39495
10055
53195
3108
63430
9202
16932
21169
10831
50103
63709
53899
44724
52755
1088
24611
60018
33436
37894
63628
57644
6118
19572
61764
53446
4274
14645
44823
33520
19017
26043
35791
9438
21338
1303
26410
56672
16825
31081
2546
36406
29936
13781
61857
34205
61274
46068
64525
51663
60295
60217
22103
22565
23125
38300
19158
50443
30701
59766
11395
38491
17118
17702
4067
1487
64864
26182
61900
36020
27967
3508
62075
20700
5480
2342
22195
39185
48603
20426
49643
51602
10398
46049
16324
13048
32610
46263
9556
32400
17633
8048
6207
10961
54847
30585
61341
7599
28659
59806
39685
49856
49608
10933
50564
49173
47738
12785
49765
58909
20034
51936
44517
59544
48599
14777
56889
5358
26319
43127
56422
38151
53117
5804
46906
31408
64460
21960
3313
50280
34198
51572
9215
60501
33787
50216
35127
6488
49515
59612
18129
41370
61974
32949
52044
3843
61387
20925
43478
18156
42892
26554
2909
46836
19048
24205
8227
51449
42079
50526
20827
37850
21005
60364
17630
45592
34636
29148
44122
6383
5140
18056
46732
50445
9952
60510
54552
14653
1864
44574
26990
28538
6748
54047
22967
2216
55572
16135
1490
857
32143
29858
47783
56883
40344
56079
26850
15658
53909
16824
5163
28736
43990
10927
13695
46301
45614
48296
6224
60389
38556
27784
30107
40568
2796
7286
18019
63357
27558
28212
53542
41241
615
15043
57665
18954
25349
60262
30270
15378
32782
58816
21481
36797
55793
26656
21843
36552
26271
10459
736
27740
54303
2419
65214
22925
65287
46695
32659
6440
9553
38369
19673
22414
4283
55871
59589
63284
60505
48764
51839
17871
7768
62935
43198
58292
28633
7842
12984
29018
38422
60957
40283
19209
57925
45309
33010
11498
32593
51815
11274
29483
46024
16956
48904
33976
13076
9136
19005
52544
24802
61749
26547
5143
60833
23784
57482
5025
48196
37548
16689
28042
23718
29067
57141
44541
24157
19075
9624
10349
36421
53213
6260
62570
40088
61511
10838
17941
47554
21363
20098
4422
663
38923
26635
42708
53690
28911
42675
27828
43511
42521
55265
58730
44829
44194
47689
2839
28567
4161
20532
18974
42497
60488
26325
29856
62159
16772
35123
27241
54967
38588
41304
1787
58292
29615
59785
48490
22909
47101
15645
43398
41433
535
48083
8079
39244
7287
40055
60271
53568
2319
46337
26159
47058
9227
10214
38331
14301
33716
51916
52502
22237
8370
30453
64503
13322
49389
54766
39770
10497
693
62012
20723
61950
17459
35448
4883
32906
45275
16069
42607
35700
25513
5276
5665
23598
13166
39250
18437
49400
10350
17345
9126
35934
15220
2696
8558
47008
11704
15323
40539
26479
31612
23526
17378
28520
49921
19127
24923
24303
14897
4128
52540
52310
35925
62584
33523
41979
50829
6419
55692
53808
23462
64492
38875
50531
33823
58561
49358
57083
51135
6798
27109
45555
43709
53869
49222
48211
42576
10241
42677
19263
51886
62623
4163
62894
3980
36606
32348
28050
11974
3112
56464
29102
36455
16267
62133
46809
29738
44480
4443
26711
2639
46340
54863
21114
47266
39490
60289
31858
8969
1070
5238
12081
15369
27838
24719
59999
58258
42795
32547
20760
30154
12972
25854
23463
8250
43019
56556
60374
46602
41429
56256
15329
43992
31307
56675
31287
15625
59044
50748
26373
16738
58341
34567
13245
18741
37180
32855
62545
9606
16710
5587
42619
35794
58888
46397
45584
64119
4075
41444
44841
3073
12367
6835
8708
11826
19605
4560
43383
9697
28142
52328
25755
20240
42315
33040
22731
1651
15478
14528
45853
41320
50206
42897
57343
13068
53071
8819
51302
54322
54054
52129
57804
61839
34315
10359
38313
44186
10579
19966
22299
10401
26808
40971
50182
57301
21000
17916
41558
7647
34671
8459
63712
55722
44346
5432
5608
51677
18172
40476
59363
47157
12995
11252
26546
52184
47125
34440
18458
32905
51048
17346
22073
53972
59637
57261
25153
28851
42663
14973
8276
1626
15427
23184
45762
54571
14296
2415
45919
7235
18904
25170
35971
9717
13227
47451
23583
47238
44275
42376
31136
16500
17449
47052
23357
11830
23152
1978
7945
65212
19248
24999
19711
41073
16777
7024
8924
3234
14164
40857
50625
20755
45887
10184
53758
41606
38123
32109
14771
14354
33597
15988
48926
50468
40013
17779
149
8524
60265
20042
49649
54317
13717
40780
31996
2259
30448
34995
30930
61255
1618
20571
35567
24944
5665
20761
885
9308
52204
43557
46464
61450
17615
46774
35194
63268
20699
62155
58325
10507
41305
24667
26941
19325
57639
29031
64067
10561
60770
33139
44800
10462
40448
38573
16859
42164
62557
14827
30558
48927
38903
35707
51662
56748
7127
42002
64155
59047
56557
55186
9693
26130
50133
23553
63000
36073
27148
7749
18843
55002
14747
25324
46482
20115
32466
374
59495
33667
29574
11106
23358
21979
45411
42177
48391
18907
12430
33737
3491
9962
46773
30672
9703
55342
43099
0
44613
25546
22190
10193
30876
24069
54273
39817
24466
3513
48610
43283
3843
2562
41850
38895
19193
6622
30558
6305
15243
15537
40803
10113
12545
46448
56592
48242
21000
62687
53503
18225
40957
60531
49909
45543
58066
12555
26132
34254
30174
23635
23350
19361
54316
40136
57073
58905
8246
23053
17325
1539
8621
9399
56303
35807
5110
39789
17469
11252
7743
51545
26665
10555
24138
23171
37386
31501
32381
44383
39245
54071
26841
57337
3627
40811
40207
37500
6580
51709
27893
6144
36774
30374
35520
48568
16474
42848
58958
58508
30030
51542
51782
2415
7946
53181
56869
51352
52777
17839
36846
38805
63530
31590
57174
13958
53773
40371
10925
52354
18121
13467
7842
60662
33370
54062
63917
23033
50289
54147
15690
36800
14210
46563
55169
2392
45946
63339
36827
58539
17799
6172
41289
34171
24928
13011
53055
17011
9740
35858
36647
38709
12716
55882
35890
19590
54490
36787
61674
40248
17523
4673
46044
14709
31015
19112
20374
11915
22350
31305
11671
23380
65316
3101
9528
18545
9911
42209
34625
14054
57387
2805
33451
21537
30400
59827
52519
22656
58419
13725
63766
10284
16084
47545
63152
46173
13367
7146
21030
13842
65407
53919
13317
10597
43293
390
24011
30594
28768
30738
44664
54899
30642
16902
30498
43568
63444
12767
10974
4722
22955
37878
47231
8280
44536
49916
45632
29723
5554
46921
22747
8505
63781
20854
9024
13094
10329
31426
30106
38174
24712
55883
60396
18389
4476
63265
49580
19319
51374
58573
38220
13842
12912
25210
40362
63799
47138
57979
39243
36204
42194
64159
34329
41348
37364
3126
39984
11304
61625
50493
59348
40120
1503
25246
332
2524
16327
45033
41069
4188
42096
37214
34115
13459
13353
25040
16234
29369
61035
55442
47624
24071
55114
56294
16629
62433
38686
15326
14406
46175
30515
36470
4953
9892
33712
2165
10237
13543
48362
4539
41501
59343
56579
33858
34659
48849
22106
15273
48253
54043
45400
8126
44931
52925
35151
8442
12917
11437
47757
26652
52930
13851
25909
57942
12052
45742
11897
3451
6577
42199
62260
26280
47137
15008
58936
56850
54340
6349
64573
62827
28736
30449
22940
1185
2888
9608
3874
30289
10197
55244
19340
21813
24098
44022
3576
56519
685
5709
30718
13241
57746
54411
8133
27326
53006
11164
12655
8945
38052
20624
58986
45783
15294
64477
56157
1860
14017
51613
30946
42355
14614
28663
11297
8710
51681
48028
27570
60173
60391
27689
8821
550
2807
50360
56309
16578
32267
28837
21180
22189
12611
30602
14426
40715
56248
18299
7379
39417
33541
18589
56147
42414
12281
50440
33135
1492
55242
4650
46726
38224
1994
41102
32963
3274
51858
29698
60566
22294
489
57566
3129
48872
61039
56499
24819
44508
3632
17532
21139
40698
3243
13305
6269
55251
5622
48481
57820
23842
10022
46630
23301
44276
58204
49212
5134
43095
1759
52813
26250
52095
60125
56579
55804
15632
29274
51745
28983
46100
8548
29575
17588
35288
25523
2648
1955
39899
64006
33918
55546
50015
60326
16413
10646
21311
18182
7830
31634
19574
60310
53724
34861
19345
13705
9190
26627
22666
33628
39084
50670
55633
61547
39536
55919
49854
47948
236
4930
51771
28913
45890
57448
31392
52639
16898
35718
59401
1350
41314
36467
45520
11827
12195
21126
55048
61852
17947
10381
10369
18370
44867
2857
61786
45250
9510
51489
23580
40152
18374
38253
21697
31196
60009
45796
4320
60925
52760
57962
5079
9811
34631
581
29854
36659
46622
14845
16587
48634
18906
5645
37452
27764
47214
42782
13346
35169
30015
11708
30723
25274
28217
31715
53194
18263
22778
16273
54522
45392
61387
52663
31000
45219
41530
48944
64815
60864
16120
26983
49023
8350
36033
7192
27073
5335
26390
33389
7172
56285
59559
54184
23399
35294
48430
9897
5739
27595
46703
13498
33587
21467
40053
20235
54301
26684
29172
18353
55990
5669
43446
60029
55720
47038
6107
1356
14679
43278
51509
57942
54825
9836
60725
5887
18405
48587
62029
64056
49356
63887
41132
61311
34143
45091
30731
50324
53803
26370
64990
15701
43168
58649
37208
25722
52637
59856
19444
58401
45601
29458
64666
7427
47865
3516
45472
25002
24991
25830
2295
13766
27011
36056
9422
15475
43840
31677
27751
18732
47218
3745
62350
57455
26761
19556
30587
62358
31565
24609
4813
46883
54919
50712
14270
53255
46651
5833
29065
60001
59955
1132
65149
5754
37016
61755
36549
4983
12325
37309
25030
44951
28651
15492
50704
9228
7311
42572
59787
59202
10727
22965
21874
60554
30968
27626
30646
57087
2117
56163
29134
61787
36179
43131
14383
40074
50827
35283
50742
39519
43398
20767
40020
6502
13656
46494
34792
27290
4485
35307
23621
28060
44889
29768
51982
20186
4641
34056
57263
41420
61121
18918
44275
57471
55592
10320
42551
44807
1396
23547
52306
32085
64543
1210
55451
35022
11412
1151
12133
54623
24014
57207
41961
65115
34694
64721
56454
46446
44535
38885
27960
60504
14187
3719
3800
13320
24491
46293
33920
6120
25768
40271
30269
37709
37085
44487
47129
27027
54356
25196
64553
7326
64726
44337
9343
37265
29689
58734
64986
57579
3986
35811
38653
36065
64273
42421
51920
3745
31447
402
26384
19350
14790
55534
11968
23849
21707
22440
45920
42190
19903
29629
39781
61157
10590
15212
18336
28747
62192
15411
38220
25626
46873
21827
53709
17279
39559
60314
44200
26920
52151
20349
33501
2828
53751
47721
62535
3977
47156
51281
58028
55447
32746
28693
24876
49606
37270
17637
44593
16551
29879
5511
43754
12551
38954
10516
2969
13124
41356
21228
27989
63343
1341
17645
12276
54130
53830
14959
43290
53994
52814
25767
52473
5884
4783
60515
42267
34694
5191
48722
40346
63543
33342
38276
48441
37522
48075
16013
14616
40998
50965
62813
18378
47722
40450
2248
57733
797
1433
51266
9030
48567
53301
62525
17236
55944
43619
21944
5370
22223
30199
22546
42755
58272
57371
15632
60537
41464
14656
40539
30584
53589
58617
40023
59097
3189
24265
6102
11515
29165
6635
7713
36179
59297
35009
41097
6332
51513
49202
4787
38007
64457
20538
62959
8026
24345
34196
41979
10823
57311
31921
49726
50603
65272
56275
11002
51471
13718
18403
12737
9078
20505
35975
4053
48534
39529
23321
32260
5546
23333
42006
25315
59172
53692
64708
1474
52970
24342
18709
36617
26679
23302
4681
13705
11881
62293
25870
3488
5353
61387
514
55846
8485
6049
24571
40101
54993
12278
50984
44986
45243
20432
8207
45682
39220
509
10049
42246
58078
39614
2778
10102
4678
12583
1413
5266
37323
34657
7291
32341
45102
60103
65372
5968
17368
24931
42032
35329
19352
55768
18100
10084
49010
55350
9900
14438
9103
56153
2430
12082
21852
39352
8530
27916
57929
27113
48229
63529
14805
30252
19557
13785
65526
61232
5318
47650
55508
41227
59370
50895
31743
63807
50176
17557
43875
11026
50083
43943
65034
34549
59715
46668
30127
49916
18774
21358
5594
57782
10526
39967
38456
64644
25214
10401
46008
4094
14357
50847
10443
46480
4480
22344
19750
1833
59097
17544
60313
18548
62492
5485
44250
65392
4945
32768
53995
21973
39570
55693
15967
2009
50921
61156
5418
7652
19663
14585
55024
36859
27024
9924
59815
29797
15681
42407
19728
45542
45991
30031
28698
54731
45073
23283
46151
30511
65189
64827
27280
60685
4260
57412
20360
27608
10057
60379
27476
52943
55411
29436
6100
19654
40730
43665
55836
58664
43368
23804
42743
21142
59469
52949
24880
62104
16159
33045
49748
26058
33628
15305
5395
45117
63388
38143
55464
15537
62722
12152
23280
28062
41659
50414
30137
61163
47121
47044
7842
47735
48869
34166
62750
29306
49244
61987
17905
29732
64895
60229
25405
28123
46571
26401
23988
22224
27331
1676
40412
801
46219
33202
5585
43141
3439
4144
24051
3672
20543
48518
19585
28050
39860
6734
26657
7736
65338
34472
8540
61453
44071
26472
59981
27303
28347
40748
48469
3926
55426
57791
17922
20903
10471
61669
57534
17663
49338
42406
3652
1644
37708
40684
41496
63230
53509
21883
21026
42295
4401
18878
20480
3921
41006
47084
41990
46642
18237
35254
38565
42458
31049
2433
2947
57245
38370
60672
14815
51876
510
60258
20914
47890
38935
64651
17068
17283
55885
63432
18729
51707
8160
12130
24840
108
56326
33747
44888
28786
51217
51673
55720
54201
3251
34994
10625
46974
25255
55508
26049
50791
20433
59149
35834
11075
26388
28037
12454
65272
31677
58059
51660
62092
8180
26828
21922
55527
23602
39173
22709
19419
20455
7075
61541
46992
63976
25287
37304
13029
61722
57701
20386
16439
16679
39984
7949
16454
12709
9854
65010
59133
51603
60758
65466
11814
45077
3584
22856
32593
36964
3725
4558
25560
57059
35738
47598
20291
62137
52392
43401
43639
45582
2880
31942
3245
41152
28130
52138
36487
57138
35956
25146
3614
14677
21735
59052
44889
51114
17045
47033
42217
65013
54611
776
50127
3462
63223
56042
45462
54392
38795
57648
7261
19124
52836
21826
35990
6868
63815
10465
9155
46900
41948
47383
39705
41475
32507
63467
3396
61344
37508
31430
64726
606
56119
60622
20304
56094
21185
34925
60879
33968
58383
964
63494
31563
13743
22023
9640
6480
17509
50511
25656
7605
24298
4732
62135
30855
5312
48113
50468
25597
62104
62295
40604
55790
37822
55677
5755
40289
22635
9143
30894
12394
1040
14339
60563
11261
16756
49535
21308
42942
23820
40747
28791
62218
21941
44364
64795
42421
59906
50829
64355
7673
11268
25771
28872
51766
58986
23733
18019
33318
57916
24515
16782
57508
4153
8427
25327
30208
45424
53741
27510
23654
36209
33657
53282
24411
27033
4044
15938
25818
44781
5784
56379
13431
26464
24707
46571
55501
29775
8656
9739
21583
18562
62852
31096
31096
22759
17652
8362
6378
31747
3749
64641
37847
33540
23072
12105
63534
499
50664
15765
50085
25271
64709
7747
6706
12826
19425
44555
12897
60450
37941
1166
62175
58423
59612
8472
5875
20222
17621
47825
30223
23856
32579
63606
39426
46264
58532
46112
13567
42133
52916
9203
3434
55602
56166
34939
18812
17927
9561
49023
40094
42810
23402
48360
63556
45575
54276
4058
20820
52231
56659
46274
4145
4645
59040
22755
6846
5762
2557
32100
64507
24342
40333
51829
6842
3826
44813
44606
18142
42675
5760
22034
10517
5382
57370
56635
1886
50011
24897
16591
60087
19707
43240
64512
58948
30743
11663
21587
27302
10643
4091
35931
24121
34062
8935
6374
21183
50392
60154
49045
32716
23500
32327
40396
25251
27074
10735
50052
13065
57153
10188
26609
9098
43130
62097
22854
22772
29813
3546
3262
16708
33678
16654
32518
37359
25168
35393
44100
52424
54783
32360
6081
57177
38086
51071
57351
46236
54919
18763
37706
53688
27426
14444
34205
28098
51630
54611
38862
16678
53057
32604
39350
15266
29164
14499
10599
62784
12035
33053
13687
51554
22558
61117
60659
4851
4642
57081
23752
35123
42410
8759
27363
17222
45480
60663
45275
59907
62730
29494
39417
35992
26982
39279
60147
24729
38159
15601
24549
62307
51132
57941
6095
44574
3457
35369
58269
45096
13099
38087
26151
61505
50977
26466
14997
44514
19774
30948
38931
12679
20025
38327
63769
30274
48968
51298
47969
14816
31020
17156
64851
62504
30898
16617
15333
9944
51902
48934
57729
13836
28787
54853
52647
6720
55350
17530
60577
52132
64151
19130
10154
47509
12223
55719
25547
53783
49655
33769
7640
24349
28759
7671
30461
52344
57986
5868
19622
54582
20109
32058
27614
43113
1072
48551
48325
53522
41290
64605
28350
45998
18602
41817
36963
4161
3309
34723
56093
51178
7243
53329
32832
5289
51835
57304
52298
56307
36414
33224
56509
64308
60723
26746
63892
47344
49110
23132
5238
29882
838
15416
44783
44287
57784
20841
8550
51573
5548
3893
35579
23175
57113
19491
46165
2829
55864
2398
58496
7277
42173
33955
63990
11702
19682
9402
18901
12536
53359
40768
46001
6374
47615
32580
50650
2095
51244
31119
57684
36951
18574
43969
62519
34253
50556
33862
26028
5338
12608
11700
12956
29281
25493
59510
14123
6624
36509
3363
6527
26772
1087
35161
26344
36109
55593
48126
57969
19166
52361
42859
6905
8025
18405
53394
7331
5253
40199
48650
59026
49515
49727
46964
27724
46889
10238
35716
17987
787
47097
64260
44589
10088
45975
25036
17442
34630
51047
38564
31775
3111
10174
10470
9769
263
4277
15595
48959
52342
14280
16869
21269
12530
33243
45227
65074
26789
24876
33621
50082
30983
4870
50833
28975
26322
44618
17960
61428
14139
55222
56392
60835
50720
17718
59999
33911
2637
3417
998
29491
57793
39271
42934
51907
29928
39559
27887
11291
13003
8642
36321
6748
1120
50601
18030
7758
5355
64376
30139
35976
102
62837
59330
13141
24532
47904
52852
33387
47247
9181
1257
25369
50558
14645
41926
55233
29402
3365
22588
37980
659
58092
16244
50144
16437
15619
32485
47616
34851
59769
26581
41788
64247
48083
64068
17437
21025
33283
1458
52539
40830
25702
48898
19090
48242
58830
18973
56957
61374
25487
57776
5162
34284
6989
44870
40927
6625
54098
2225
48056
27998
15139
7926
24233
24167
60739
48948
37546
61771
524
48770
51856
16435
33663
5736
19695
58448
26275
42339
32861
40634
28553
31232
47961
57812
26514
15143
38138
6575
50529
60588
23381
15052
37054
13893
45196
45906
65119
49712
60390
26962
1177
41846
14204
14612
19341
5511
60309
557
23712
41495
16648
20738
45668
42338
39718
43243
44250
386
38427
36193
32954
13039
60306
44076
21681
20128
46308
8999
24223
32188
34133
33753
50519
23236
37666
24480
14610
42440
60849
30118
59730
28163
16487
7236
44353
18379
61887
14128
13442
23684
38051
17092
30118
7015
50095
6575
44453
56028
974
29805
57860
2835
11997
14101
45766
9502
47625
60629
21451
14072
30503
55231
55310
24499
59299
62407
53328
39222
64112
43452
3503
50554
62122
58279
57348
59450
61518
9267
2030
19251
3682
38108
53107
64497
21340
12972
46506
31380
45946
17777
45217
51857
19736
31114
32481
44895
53912
37489
42650
49488
30377
22618
9052
43218
10914
1264
58539
54183
60394
353
19840
47774
30986
21421
45666
31088
9682
18217
55917
5404
39096
16117
63190
47626
39560
48719
31726
60840
35578
55312
64260
50493
1146
31142
7545
29988
57197
34870
6161
59798
60641
11584
42747
45897
59207
25896
50956
6674
9892
12159
33491
4567
4343
1161
21021
51170
14736
30608
12281
12243
15383
55261
8078
25910
18534
30464
28834
63920
6206
52593
306
36154
26925
48815
49609
29745
62452
57720
17357
29587
48206
19382
408
3418
51162
47361
20879
53333
16905
23169
21140
38441
34578
56040
36705
47340
37685
65508
19064
56883
19574
24070
64589
48751
9232
6158
1398
19921
63273
12423
961
37007
18594
6602
58907
2304
54146
57564
44087
47231
28397
19234
10448
44639
4260
8236
57748
53911
49684
57787
1238
17812
57104
15516
21586
33653
33524
36065
10610
4556
14874
22994
32482
19709
45283
8385
57511
3715
60773
31405
50718
430
43062
27472
33293
48505
57252
44009
7203
34720
6452
21995
21668
39399
53324
20066
57377
56966
47196
20089
29416
36188
50368
56406
7443
57232
14544
40840
27367
2031
40331
34879
36162
13668
31922
18720
10088
7735
18874
4819
31386
51872
34957
58058
60250
35609
25009
2566
53321
40817
46762
27638
11564
28380
35901
27532
24548
20039
23155
19933
22175
63985
8569
27631
32432
43019
28443
65437
1862
59514
10325
11589
21414
54559
46374
43655
43928
28643
21241
45099
22355
24585
49393
21086
11720
37653
2124
12371
28668
19782
21560
10319
25312
31170
35469
56510
60481
13724
28348
49514
17438
16099
58265
41092
41654
52385
63558
54117
48365
43660
29627
65354
38623
4454
49119
62997
45514
57378
64631
997
46619
27031
7739
12622
39457
59339
27759
33944
349
11342
17970
40761
41327
45285
6434
42201
28535
17259
46632
10313
21749
9870
42186
30403
29172
20052
47464
15115
4263
28434
48368
23851
60361
25902
31849
54659
24307
16094
57254
41060
52851
22905
27147
37196
34032
33340
29995
34215
4301
3261
54008
14387
19457
143
20186
5251
30657
17627
59080
39313
51726
19782
47449
52569
23109
16362
22756
8622
58144
53631
4236
48474
18616
60042
39685
65088
37536
13353
687
10048
43585
60556
38424
59115
27948
31012
63323
51217
31963
32858
61025
2397
44363
2433
14600
9159
38974
57809
20564
27032
38458
49973
23488
34694
24590
44191
4480
61940
62992
60727
36274
40350
33200
31589
3405
60052
46135
5051
39000
24140
21283
57444
56128
49132
21682
6266
15480
4379
26487
55157
32576
11310
61116
27531
62633
50748
52240
33666
58189
48183
39490
36887
37278
43944
11132
30489
27880
18431
20319
64164
4081
62198
20050
44217
24353
28670
3943
64494
24706
29358
39456
21785
29075
55706
16527
9885
45638
22785
47940
17539
65341
58658
49405
38166
31202
24353
23754
44924
46881
60070
21555
36318
1377
61464
24029
59618
29393
44491
30530
7335
13158
36015
25776
26275
44391
13644
29799
43480
49528
22492
22150
24078
54698
15530
37760
36971
42361
11716
51328
2472
55916
10828
6035
59985
26894
60571
37533
22557
37019
22763
62839
24833
23449
37450
15437
53072
8922
45110
3974
28519
51259
44772
35494
10252
43278
14593
14826
57685
50135
42980
23382
23600
29672
39621
57102
59609
23827
39309
55421
4762
2887
30871
18720
9640
64499
25350
29428
59816
43106
19949
54161
15192
46466
485
64119
50293
18673
49793
46791
19406
37605
2273
23762
50193
64818
47679
29605
25922
54916
58463
56496
59572
12831
