2784
579
12986
9993
3892
14260
5824
15544
8335
8442
3616
127
7743
2710
11724
5123
8447
12852
12522
400
14047
7370
14788
12265
15000
6377
14542
3566
5523
8249
10496
14755
8361
11377
16040
14086
3698
5148
14982
2194
2619
2289
13516
6787
11788
7275
5220
10056
10710
12977
11688
13022
10419
14124
9706
4287
8654
15278
14507
7547
5597
487
3069
1328
1474
3425
5519
14570
10636
5449
13180
4416
8007
713
15021
9390
9142
2608
3941
864
14923
549
16130
13964
11223
2080
16211
6513
10642
11570
1106
5550
6958
3553
9143
6401
11896
15658
14631
13114
54
9709
8218
8317
8933
1855
15062
384
6549
12814
11938
11990
4667
10702
12025
1712
7807
6569
11955
6955
7759
12583
9017
15611
424
4289
5229
14642
6058
3332
6535
13254
3713
5069
245
9588
16286
10663
5126
12279
555
4267
16059
5668
11622
14645
11882
1814
11741
3905
2195
6429
10524
1598
1970
6502
1360
13404
13688
2105
11645
5322
11682
12764
15899
15594
7773
1078
8873
14292
11449
4225
10320
6422
11593
14302
11179
12151
9247
16093
10954
8336
10670
1236
11056
9171
11307
13366
1330
11741
6346
7037
6956
3733
4056
1091
314
5902
1282
10344
6082
4559
5934
11241
14815
7842
8919
4622
15496
10615
7866
10795
11234
8821
12401
14451
14466
11786
11880
4334
9880
5881
6279
808
6399
10084
5958
7621
12673
12788
12673
12216
1434
13430
10900
6549
11151
1534
10261
14846
7043
4578
2787
3673
1823
14540
15782
13988
11489
6067
6253
11980
6466
6379
14694
16165
14501
5980
9519
14490
1243
11834
8136
2465
7340
1614
1980
8047
11361
12750
2149
10871
10954
2760
11785
2507
6001
3732
14145
936
11627
14957
12247
6704
3439
9876
6671
7839
2804
14961
10752
120
2680
12015
11620
7731
7175
1889
5430
2355
7700
6792
6177
1892
3008
475
5850
1395
7034
6618
15386
97
15349
4550
13155
6506
13260
3336
2792
12558
1464
2705
10012
1755
15732
7013
10150
6517
16060
5320
15515
9347
5467
7593
9934
14696
15124
1465
6492
11606
9286
11109
14017
13430
3448
4391
9269
6986
15271
14925
13492
3454
12493
13888
4194
8399
8844
8541
209
4424
5539
10757
15979
378
6977
3193
5451
4789
8047
11017
12733
14833
8364
15941
3671
7424
12308
9735
11532
10105
6573
12953
2206
13633
6587
10575
12027
15759
15208
14652
2582
14463
6859
8282
15339
12051
15780
7225
11839
5383
2432
6526
13556
14555
10442
13930
10204
7885
1177
13796
3168
5438
872
4064
9749
11737
10056
3544
8158
6745
7006
6917
8552
5850
8378
3978
12761
3683
1702
13891
16199
6531
5437
4185
13531
4232
15510
15877
9788
7246
10548
8344
2118
3999
1413
1878
6440
9265
7446
3765
5317
11510
11288
15155
1446
10653
10410
7716
9431
7794
8319
5912
7952
6296
1638
721
5680
5374
584
2097
904
14956
15909
4487
1787
3814
11519
13637
12914
1936
10035
6904
14862
11117
10127
9686
859
5603
12527
7101
6842
7336
7030
13482
7496
12269
12623
15529
14281
12988
10014
10927
6364
1240
5476
3117
15993
77
12611
6186
14235
7276
10613
9843
15514
7900
8006
5985
11211
10089
7862
11565
4143
13920
2568
4787
1829
7482
561
9522
613
8615
1556
8076
5647
2416
6488
8618
7192
12713
4394
16373
5560
15259
1969
16019
4328
4620
9386
12223
9390
12887
1257
1131
1637
16375
1815
2142
13163
9921
13632
3969
11878
413
4278
15269
13899
5103
12886
1598
7045
10681
5551
5611
5741
9721
14612
9123
5698
11410
5148
15801
12716
5429
4820
10038
4156
11714
3306
12615
3544
15919
4615
14259
5439
4437
10071
9685
11227
10374
14052
8152
11284
2938
8661
3167
2327
7068
13303
10514
2708
12094
10613
10048
3272
2964
7615
15153
12340
7897
12442
1615
2196
13427
8242
1537
10752
11023
7781
9305
10627
16001
11610
3301
14638
13510
12718
1498
10898
12248
1253
15019
5663
6589
5470
9624
8613
3325
8050
6853
8801
4791
6173
703
5736
8781
13381
7212
14972
15474
10494
10483
569
15441
1587
2312
14581
12799
12121
243
9563
3667
7038
13018
11366
10607
1187
5250
15275
4092
15429
2053
12493
9917
2647
12439
11332
5012
14498
4142
517
13288
3904
13851
12388
6950
548
925
4528
15098
15100
1559
13488
9856
2730
9131
6178
3408
7547
11470
8824
11889
16062
2376
8110
15431
2821
1449
14525
12598
14618
7871
3936
5729
2574
6937
1987
10107
9306
5512
14058
264
6246
7873
509
3535
6394
15825
14397
1324
2776
13044
14288
12982
13296
6751
2347
5530
7922
6329
14781
6932
1209
664
778
5992
14266
7877
8483
10866
13101
11719
4339
8136
9490
7103
14588
12301
6900
10110
14542
8324
6283
4124
2709
2180
12217
524
12246
4051
4226
12160
569
15720
6622
6067
3746
9250
2960
4741
4308
14161
13493
7125
12704
1681
13840
2522
6613
15941
667
14929
8853
11676
296
1505
14006
12257
8431
5961
7569
9060
5918
10346
16345
9059
10909
293
13844
12155
15639
7002
12319
12846
9383
16305
7119
11324
10087
13650
15227
12011
4382
5986
13746
13326
14906
16121
3438
914
15076
13747
7350
1616
4520
14279
11749
7391
14606
14838
13568
11384
7579
430
8811
517
7517
6259
4852
6555
12304
7146
7965
8632
237
3109
4042
2777
1707
11261
8171
8768
7931
10006
14404
1736
8965
13397
5857
4497
8261
6385
14276
15369
6964
5307
13921
10580
11934
14988
16288
12983
1968
10002
1976
4898
4338
15660
13422
12824
11069
8400
1371
13998
10704
4439
7361
10159
8193
10034
6188
12228
13240
14091
10028
11134
11337
15936
432
10046
15073
1927
13873
7728
11810
3063
4298
8532
8780
9751
7571
7152
11790
5882
15818
9055
8645
5820
2055
13484
8393
5018
11642
1652
11041
6846
13955
3490
13465
11652
11094
1578
8103
2114
14189
5606
5636
9447
14900
6798
9880
283
7585
13566
6080
4802
13329
1122
7773
5192
12632
8183
9234
6293
3977
15058
16089
14359
4900
6486
10173
5535
13088
16314
4106
7341
6376
15557
15404
3991
4433
13475
10835
14564
12801
6321
9495
632
6703
1337
11165
11999
8256
14358
177
7243
14125
15427
11728
12610
9061
16224
13413
3476
3892
11201
15540
12417
10917
10756
12610
8976
10498
811
13749
556
7442
5276
14906
3705
2120
426
1747
4066
3660
12342
8123
8606
1517
12222
7844
6231
3309
7922
12393
14007
14782
9035
1020
1583
1015
4329
516
1200
3927
3744
6626
12967
5458
10161
4031
3257
7532
16374
13944
9043
2218
11037
14201
10041
356
3810
6792
6321
11355
2004
15209
4758
5639
10963
1022
3178
1713
7198
318
8979
739
1820
16340
5429
14048
9518
9524
14369
15014
5388
1232
5107
14819
9429
13840
14531
13148
4392
741
2884
1198
15079
15980
4110
5404
9591
6129
14836
7400
11280
14416
6573
7449
11026
165
11771
7824
279
2047
7596
15540
5400
8446
6307
2949
15174
1718
13970
7175
1905
9139
2906
12596
7735
1204
6299
515
9187
7998
6745
14162
14590
13873
9117
13535
13099
13560
8989
10712
2567
68
14549
4648
12676
15773
6549
4211
13294
16306
15640
5880
6765
7805
9225
12176
28
2960
9161
8210
5741
8406
670
5771
3989
13464
3790
8351
6240
10042
9658
3888
14186
6552
3324
6631
3585
10817
5129
4751
12640
10598
2754
12413
9202
5960
6361
11163
5637
14083
9284
11103
12599
12644
593
7528
4606
15218
5897
7164
5700
7674
10259
9831
14576
4831
7534
5965
7537
2735
1464
3688
13107
4659
11257
7337
12257
1677
3152
14006
3196
1815
6649
1265
570
5451
13499
4798
8825
5634
11663
2927
15968
9083
1699
4689
6918
15751
2196
4778
977
6097
6103
15455
4072
7341
7122
10600
6659
14468
5504
11080
2062
7764
6816
6889
3577
5131
2677
4914
5812
8966
13988
12783
10919
13040
1471
12620
12380
11111
2628
7831
11444
3179
12354
2296
2259
6946
7383
14777
1988
8697
4470
14416
4727
13718
11295
11243
4369
14577
5537
7806
7938
7538
10910
1683
8687
12826
9591
5380
9888
2537
13586
6323
7236
13364
13549
7350
4699
9094
10784
8547
6187
14741
8164
2994
7903
7696
8931
10788
9898
13639
14563
8779
10852
7963
8537
6239
2443
5827
14220
1445
8405
9753
4888
6195
3363
15077
7609
2008
5796
536
9179
13491
7108
15299
8046
8922
2368
9322
3745
7430
6818
1935
1768
3840
16279
15617
9621
15695
14329
9846
15596
14045
15570
12721
389
1617
9421
8524
3509
465
13873
14121
1288
8274
1937
12593
6836
4907
10072
15589
8496
11261
7481
12241
13597
5220
13802
14288
5320
9164
9450
1859
3658
13506
11379
7046
8096
5293
4274
7153
2794
11502
10813
1124
3273
13453
12124
2634
10366
13929
3576
355
2101
11045
11976
12066
13430
8394
3116
15250
12460
3937
1781
14122
8811
9853
7369
2400
1618
15100
9444
7341
970
5109
11808
15596
208
10994
3977
5516
16232
9977
11173
15278
2325
278
14153
13041
3038
12784
5873
1205
6859
11097
11731
13863
4537
98
8010
15222
5377
11445
7532
8147
13729
12079
94
6827
9301
9513
2666
15009
9697
13844
16144
8998
10315
12190
5731
2344
11275
1914
2674
12845
6068
8922
15722
9124
3525
8665
12373
12985
8636
8060
4371
6417
1528
2794
3265
15401
13752
16380
6712
14584
14687
8713
10957
15028
383
7210
1593
9097
2494
11450
3788
12050
5749
11501
159
3862
15882
8634
491
10315
2359
15056
10034
6822
15786
14282
5452
4921
10507
3455
11028
13668
10865
15195
15384
1662
3906
13267
10634
13701
303
1294
10300
16265
7293
5864
10311
12859
7653
3250
12166
6388
11769
15974
1161
178
2754
6338
14157
10775
10070
9773
10394
16330
7245
8458
1823
7010
13566
313
12503
10724
3644
3122
13383
7623
6402
12862
8277
4389
10035
737
10554
6696
3873
1436
11725
13201
6267
12880
12420
14225
15789
13404
8379
3893
5484
4649
13975
14382
6922
7412
7764
15870
10309
15063
1333
11495
638
4612
3551
15085
8367
16184
3084
5194
5061
