1872
1488
1027
203
529
529
1750
1185
1075
1887
1936
439
373
961
1565
1383
1525
948
1256
1812
1131
1906
1900
1459
1950
1090
1719
1913
791
205
1308
1459
381
1105
1114
1863
1267
672
108
1432
1263
1432
859
1916
1737
1655
1807
119
202
1563
1804
930
268
608
1401
1523
1612
1623
1257
291
55
1277
1062
1184
988
580
1801
993
939
560
1386
1018
1611
1385
1368
1043
220
1979
420
929
210
1779
695
1457
23
227
1360
794
150
457
1168
81
712
1816
432
51
1780
925
656
1723
305
320
30
1148
321
248
1604
710
1396
1715
382
635
1613
817
1693
827
306
222
544
1413
1848
809
302
682
1825
1344
550
430
953
375
182
351
108
245
119
1697
595
255
958
1911
441
678
1415
143
280
880
1937
648
843
1163
1993
654
469
1663
96
1653
1546
186
803
584
747
1140
875
1329
1414
1736
1011
173
1528
757
1409
1155
129
1740
1457
1924
950
1532
1683
1318
1177
1680
1887
1572
297
687
219
1192
1203
461
1434
712
875
339
1375
1562
1850
1835
1495
1330
