1021
1665
2307
49
1981
1529
3767
3998
3236
2686
3473
2342
757
1654
2249
2421
1868
2558
3313
2710
2066
2033
977
2498
831
2528
3690
2008
1845
801
1782
1060
3894
3306
2268
2023
1404
468
3574
969
953
3459
2373
3730
623
873
687
2781
1691
201
2647
2513
2487
375
3855
1820
991
928
1534
2353
3534
1372
1438
2016
3343
951
3952
3808
2870
57
2403
201
3375
1616
2651
2816
3616
912
1118
690
3433
3645
2341
936
2439
1514
2517
2520
1446
2677
2253
3663
2819
3675
1860
1074
706
2647
642
1732
817
203
3867
2151
549
3387
2557
4083
2398
2877
3331
1168
332
218
1254
506
253
2543
156
3988
3506
2124
2130
2561
2212
684
1706
2243
993
1665
1008
3912
700
2519
895
3842
797
1672
1706
3163
178
518
1207
1703
2466
2327
1712
3245
806
1801
1650
1222
261
4076
662
2305
3232
3441
2757
3348
591
3092
3082
2122
709
1740
724
3294
974
1673
3247
1712
671
1012
2611
115
1257
688
2882
2782
1182
3672
3030
3639
2125
1228
294
227
312
1045
2027
3037
2403
2543
2952
3950
1440
1403
1225
1040
3151
3532
512
3329
918
741
1660
3743
3253
3974
1201
1586
3989
651
444
1349
1191
1927
56
3467
3538
612
3879
2346
2733
1973
240
1898
2944
3224
289
3052
726
2008
971
4004
3270
358
3972
3841
788
2203
2899
2862
2589
1404
3198
2706
728
2860
1992
2080
3858
1246
2405
2275
1777
738
2996
1404
3184
2767
1737
788
560
3779
1116
3687
1954
822
3294
2788
3379
1579
1053
2985
3812
1766
3305
1029
3285
1289
3470
1987
98
3664
2420
512
2915
288
2714
981
3215
3674
3687
2291
62
419
644
927
492
2889
2110
3398
822
1550
624
2453
1424
163
1623
78
2500
1065
1841
544
1310
628
3149
3359
3197
2924
1473
795
226
3248
202
881
116
797
3892
2355
2580
2692
652
3580
1784
2609
3406
628
639
2832
1100
3789
2729
3556
2328
1950
1447
3435
1625
4028
2016
1928
3000
158
579
3352
1902
1516
924
1240
1567
401
817
2541
4016
269
2188
3105
337
3928
3344
398
1060
2552
436
3307
1385
341
3160
3062
91
3872
2181
3668
1063
3132
2689
3550
3613
2099
998
3889
1542
1320
1947
2197
2127
91
2771
3687
1804
2439
2059
3526
1334
2443
407
