1471
913
1271
195
1822
1191
31
1244
456
822
440
560
13
1162
1234
217
1865
168
301
1581
780
59
1712
407
49
1815
1064
913
1426
2045
1481
821
275
669
1043
576
1192
547
1321
669
24
1479
943
491
1962
958
1475
347
1300
386
1206
1993
292
1838
719
1707
241
1454
432
795
788
1810
8
259
188
1819
982
1346
1443
1841
1799
198
1625
271
522
1955
461
332
790
178
1599
240
844
382
1685
739
2004
1837
1592
1624
1664
1965
183
475
1891
809
391
1387
1685
1501
1843
1578
119
678
1884
370
2027
1873
1989
666
1592
569
449
1427
1111
1886
355
1050
386
1219
723
306
393
388
1688
1236
1435
183
142
1358
673
1545
1339
1084
1002
808
1893
101
480
1892
1219
1856
1626
1572
1972
355
1496
1276
554
290
1683
1210
505
650
675
805
1699
366
1564
1500
1232
1754
1659
1722
1078
421
1575
1057
355
1635
1439
1016
987
218
514
1326
1312
1410
1579
1962
1452
1605
1712
1741
1091
726
517
1995
1563
456
842
1996
1500
207
1679
1638
26
1899
1219
376
1327
1851
31
1256
