17788
26934
21536
7336
9083
19121
18043
11669
3607
16179
26543
16249
11345
3863
30525
28746
20044
12776
13229
10264
473
28704
24907
21282
32504
6273
11922
5075
29292
10908
23421
9696
31750
21394
31296
6679
4481
32344
13145
28414
32479
14962
4577
16731
5773
2367
10182
2208
16282
32651
21995
7507
29914
2253
19551
2238
20941
17309
18132
30382
16548
6470
23821
12256
10641
19393
10069
24427
19728
22190
25929
16490
10642
6459
27979
27071
13653
25124
26507
12592
13877
23923
16925
13016
24275
13839
2503
11513
2558
10713
4573
5451
2360
30556
12194
30261
17457
12843
32656
24001
31396
17300
26606
23361
12772
20275
17318
2634
27600
3089
23950
5070
15517
9183
383
14335
11837
11335
27291
27912
14268
26660
9616
4341
12317
9164
28595
1834
31665
1818
781
27021
21127
30757
9522
19378
15820
4121
1857
16256
31362
6722
11378
16592
5082
1947
26363
14453
26716
23584
13098
28627
25152
9103
28270
20560
16265
27853
1959
27711
7691
15724
27124
21120
217
25813
541
12706
26824
30698
15354
22155
21844
5282
13585
4713
19089
6232
2363
13559
18413
5035
31951
21998
26465
22545
23566
30085
9551
5905
7774
8716
22531
22874
4212
23008
29663
4303
9270
124
3248
26683
4422
17862
5975
4123
4218
7207
14468
6539
29248
6090
11135
16753
1908
15616
25254
3977
12801
11295
26404
19470
4278
23929
32264
3243
28743
29463
7845
17550
6678
12557
21673
32470
26128
6051
308
23396
20033
2946
16344
2987
23727
19102
8962
222
194
2758
28147
31994
298
9867
29499
24029
14628
2777
24357
28910
31076
3051
12230
12100
19867
14851
29595
15155
5137
23969
2214
6927
18995
7773
23787
31527
14051
285
23246
1558
7861
6482
16676
30037
2600
17699
30366
12853
11512
3199
6516
14444
10469
4237
30638
16285
28223
22156
13830
21522
14890
13592
13033
19902
23846
2980
10490
11079
6154
4532
26174
8216
26271
5692
6952
29832
2570
15724
17136
27713
2547
7916
27763
21180
675
31496
10904
30932
9043
15650
25435
28225
2889
17166
2140
32473
12594
10296
11651
29804
20658
32479
7031
21605
1925
13883
20159
10394
5673
16607
6651
11639
18192
16791
30169
12488
21048
14379
32077
23538
7789
9860
20232
30341
12434
14371
3540
15296
18742
11991
20976
7082
16847
32105
3211
16991
3216
7106
10512
23572
30095
26950
20245
13198
26973
26365
28464
23453
17636
2779
24402
16772
17953
11993
12379
3823
454
31984
25906
9552
20496
4443
16781
22899
24460
14164
4563
27322
31259
30756
18633
8569
26381
7143
24277
3389
17950
26670
1233
16318
5742
21231
8787
20245
20212
9079
14911
19133
19053
25320
10687
16892
3739
26674
19354
6686
7273
18545
31289
8265
25982
4649
6901
4393
997
19722
483
4511
16206
23039
2098
3267
28429
12076
3166
18333
4665
17294
24977
27536
5679
17918
3288
29823
7082
2158
19335
2126
608
18005
31205
30013
28250
1110
995
30071
31693
18387
22622
9535
31288
22056
4521
5596
27789
4157
5084
12804
21857
3760
11773
19119
15937
3791
23930
21327
18484
7422
1435
31218
9146
27455
569
6860
27231
32615
4313
374
18801
24170
16906
21676
6918
11319
9599
17453
16480
12954
15476
14239
14179
25568
21714
15292
7974
22583
22678
19801
11060
7575
5621
3052
24722
20326
253
21912
6592
29204
21496
15930
25486
23924
27962
12953
15037
12722
19750
25726
26370
5051
27784
31567
972
23396
12467
20623
30965
28273
29416
24772
16158
26271
12108
18804
2125
18380
17690
22464
29774
8219
22591
29102
4937
12192
25191
28163
5867
24146
1040
29536
4358
12079
25906
26197
13214
15656
23370
32246
32509
24618
270
14413
29628
31231
20537
9413
8682
516
8254
26906
327
14028
32606
7606
8040
28465
32641
8733
29912
7050
830
6037
6365
21390
10220
29091
28420
28024
16482
8877
23977
8562
13536
5568
6699
28701
10276
25429
25331
28591
2150
4214
29277
19395
23155
8260
31146
12615
26450
26116
18475
1504
10588
26463
12435
29169
21047
24265
10805
29917
25690
17452
26641
13290
25218
12987
14976
28266
23943
21148
19765
8825
9434
29478
21300
27488
7178
3084
1438
9624
3931
25276
32049
11534
23396
6229
22652
13829
26012
26619
16874
22037
18686
9715
1916
4753
10541
20211
2758
23692
31887
10974
23778
1032
5887
12618
26946
24700
30456
29190
26094
30387
21286
15275
29522
3326
1213
22612
18252
9150
29105
11823
79
15463
16388
21367
15186
2100
4470
2313
16471
29173
19662
3661
31413
22885
24544
22464
11557
26236
19211
24787
22431
30704
2711
2199
1894
30932
385
22933
14411
12158
1555
23627
11242
18536
28375
5218
18212
3680
13186
27706
27764
23676
13147
14662
21660
20658
32219
22829
18167
13023
1850
2522
24608
19837
29825
17077
6494
18738
15154
25901
14042
28924
29841
7664
17715
19940
901
30283
11294
13134
6030
13974
3692
8749
24017
3962
19182
25543
28345
16741
3427
14625
6106
5473
14689
12067
11257
30720
21683
25737
15968
11085
28910
5487
7100
27018
6406
10252
15563
2403
27078
15717
14118
8106
19516
401
19753
28318
3051
32736
3153
4435
24055
13464
22924
6127
19237
32527
6002
22157
32462
7162
11441
3226
9254
6661
21517
10787
16178
13246
29833
7662
30106
7128
19366
26647
21096
24305
10122
23291
30326
5252
14690
9848
24637
24377
22002
21162
2652
26274
18018
26243
28801
26531
20315
32171
16080
4501
12337
4128
13853
8464
10999
6418
20931
21673
11852
14098
27931
13990
7245
20164
7344
32375
21315
4785
19387
30644
21916
6656
14068
12736
16727
4507
10311
27966
29008
12808
5045
22763
1105
6826
31244
11041
6384
21255
4907
7947
11539
25869
24632
2083
11537
15713
25033
27199
16205
4008
14481
2647
30091
9572
20408
16002
2535
21219
12361
12065
28201
32303
31311
7579
19500
20697
27893
5644
2846
18810
27838
20785
1364
26795
24963
18380
2871
8073
17079
24838
25206
20644
20738
12085
12232
31189
27214
3092
5183
9604
9525
8214
19418
6924
21276
28844
11547
20775
19478
25586
8102
3990
10763
7178
16947
7367
2571
20717
5912
32176
7928
11058
8179
8384
19221
13811
28081
20071
28981
24197
16018
3220
10541
11518
29140
18581
12865
60
29497
7097
27900
16130
312
1683
21625
21505
10511
8300
9196
31808
8622
23474
32562
20914
18853
24422
29391
20152
30685
30835
20670
21034
25721
12135
32070
20797
23930
1614
2489
9396
13057
6075
28182
31757
15327
3086
17662
12537
6850
30543
26381
13352
6969
11486
17040
24336
11609
7685
20091
28399
18914
617
20621
32393
28682
30819
9325
3297
24822
28426
27857
24692
17166
6019
19004
22607
10985
4109
18314
22815
2542
2778
5791
24412
1188
7454
19249
6410
6865
17361
29638
14410
2302
5655
3431
19289
30223
17237
28606
16702
2371
18504
27992
2881
11941
9342
30870
12640
21343
8168
4907
8759
9234
3840
9471
731
13727
531
15413
7207
19106
19460
28949
32128
19979
21054
27128
12042
21556
20555
16578
23344
6262
15721
22606
15292
12186
20498
31469
12082
23286
2054
32648
28787
26822
12262
22518
17644
5166
26275
25161
10972
639
21633
18292
22838
21758
20010
4266
22623
7376
23393
15335
31957
31699
13458
25498
31897
27797
12879
23671
22071
8625
11450
28674
6274
4345
11501
24878
22620
13495
31169
31845
10551
14966
8210
22332
24909
14068
17817
18021
29792
8665
1943
25292
1874
19807
25106
1631
18944
12874
32007
19225
4940
24663
28247
15058
10833
12932
26702
29393
29275
16770
2009
18454
2729
14584
9001
7392
7823
31536
10671
5646
28421
32356
16786
28102
16413
8042
29768
8728
10802
2257
26431
22245
16427
930
32286
22554
32583
25340
28708
2609
18287
14657
25025
26163
30112
12231
13485
8387
1827
13378
17391
278
7626
2688
18293
30808
31518
11336
18452
5808
3708
2410
16173
14710
23647
16457
14617
12314
17115
10877
3688
12801
27531
22956
4286
11048
3067
8371
24199
2217
29150
9635
7605
10547
14270
29489
2512
31734
1075
28406
13620
10386
12037
13875
19537
23124
3718
10707
16288
4221
6160
27794
17909
19272
11874
2233
28139
14604
16079
19475
8414
24195
31085
17195
29300
20239
7184
32187
19127
23114
17490
15
14945
27563
24044
4323
8810
6769
18985
13000
19613
31921
19513
18979
29409
27145
29944
12013
32342
1632
30808
30479
25619
18045
28761
19127
26900
5932
91
20556
10918
22662
15940
15469
23326
8202
1651
4338
22843
11255
32609
22172
32566
29488
30598
22315
2766
17000
5803
21874
330
2703
10011
27364
26646
3552
5204
14526
8517
7591
29710
16675
15042
13257
28763
32182
32564
16956
29905
29516
29749
7731
23343
10251
20858
4155
6738
2283
18077
8295
18570
23073
8958
11939
32185
16415
12564
30256
3625
11025
19340
11442
25142
18501
23261
27809
5543
21130
17207
19626
31858
19824
17876
31209
11580
29946
1966
1638
18761
23738
9908
31407
13757
31723
25083
7216
2711
30412
11849
3421
13574
11258
10844
827
2003
9960
10269
7759
7242
1829
11322
117
17775
18922
12705
15723
7093
15003
21669
11995
7884
18910
2549
26332
20725
6116
23268
22165
26420
28752
19810
12461
1433
26537
31729
29540
21323
147
20334
23784
17614
20785
7995
10319
16277
27011
13678
654
30183
1252
23267
31495
5733
6748
28476
4564
20565
23603
31890
13484
31302
28077
25366
9845
7222
31028
3890
1233
29681
16371
12754
12701
7262
18835
20272
29456
7577
532
7337
19927
23911
21597
19070
330
15010
27338
24462
2164
3374
24071
23922
15040
16799
1219
3302
23718
2072
17819
16862
21894
6345
20932
31614
8785
14283
29765
17191
23601
32514
14966
22495
8761
15023
15483
1683
1593
3112
17056
2185
27115
19552
30124
17493
26765
10456
17095
17216
6459
19604
5815
10108
21013
25087
24473
28082
14282
2290
16782
15557
9350
10839
26223
27755
15418
17223
1233
24401
3852
6893
19754
8256
15008
7150
11352
3910
17664
22202
7670
28278
29409
10440
11123
6051
30775
26433
11570
14690
18968
28530
20529
24569
32502
27745
8285
29467
3276
21647
18140
11831
1893
10609
26392
11084
28280
30908
20566
24859
30863
10234
16794
19175
6457
2018
8628
26945
24694
12601
8898
20181
14055
9905
30548
31997
15268
5728
32758
24019
1204
3918
29865
12120
5717
4302
21092
12222
3211
31335
22796
16178
4985
22734
3018
22444
17140
29950
11785
26803
2685
713
1328
13917
25243
12339
4153
22627
13016
8848
6650
5462
27386
11154
27547
14355
20191
30109
1270
22452
2710
7286
24190
16873
8391
3293
12502
15241
12241
24437
18296
19487
28956
10362
13668
596
24684
569
13158
13189
23203
11456
12280
14940
6811
18109
13402
22545
12652
16878
17069
21156
7132
30130
2943
15811
1087
31796
19742
24920
2510
21398
25046
32518
890
13146
14961
11504
26445
9432
28669
20022
32211
10603
21668
30584
8204
17085
20765
27295
28865
18141
30983
3662
13251
25832
30535
24648
30940
28727
24603
16563
20871
17627
24104
24258
15703
5951
30936
15216
15163
9820
30883
1291
23908
2345
16821
19505
31849
12586
6625
17746
9559
20731
32462
6136
22453
9353
20921
18677
17394
30960
7195
26823
12640
12769
29385
2957
12169
15465
8037
11289
1818
11191
8737
15759
4232
26117
19060
7159
10053
30396
27320
7842
32550
1792
22289
9992
24043
2574
12603
29370
16821
10015
28062
6768
18999
31998
30681
14451
22128
29787
25720
807
20052
26651
5629
32377
15914
28352
27866
10374
6014
12159
16077
26311
14810
27620
32299
28042
6630
8537
9036
12736
14018
13029
13320
7057
24455
21398
25303
30427
5727
9592
16037
24796
20482
1692
14967
7504
32045
31776
11281
4108
7458
14768
22943
17682
32602
31575
3883
30561
14870
12286
11521
20571
13255
22029
14481
24062
26802
17038
24684
29455
807
25525
18027
8393
2972
21684
30380
26304
12597
14978
19611
6893
13101
9292
15563
13748
3590
28258
29259
10080
32459
14418
7434
4996
28843
27436
6972
1487
7418
26539
10393
10448
1960
15832
7123
27885
21357
5048
29565
19425
16900
17486
15322
31764
9389
13818
27327
9802
25318
10217
24747
27709
20464
13176
22572
24535
7498
3376
3966
10152
7501
23834
31335
20003
2109
29388
19026
18953
6025
16171
1042
27728
3025
6577
19384
2587
6584
8956
12424
4241
3300
25756
18907
3791
28572
7083
31025
12474
17044
29304
26897
24950
18245
8588
6906
27264
1457
30069
27310
31188
29756
14318
25141
8729
5133
29963
22473
12192
2810
31389
32147
11316
11246
32345
29971
29756
4083
28525
3141
4216
21771
8821
21856
29094
26756
9266
297
15459
28798
14455
1484
12558
16903
26031
9780
29769
16211
24441
21757
17382
9783
16689
20764
2394
9316
21575
2390
5565
13387
26487
2823
13619
7501
26466
30851
3707
19086
28652
26791
31157
686
24124
30643
27213
10543
25501
19553
4819
5740
3276
166
20943
29404
4503
14037
28074
12548
22524
31265
1344
13807
1715
32711
27715
876
21904
13456
3162
30782
27416
12797
20684
20596
3187
18855
13089
26384
6095
9308
28855
31863
20890
5548
11885
22950
573
11860
4724
26167
19985
30849
2124
26591
18637
11121
18645
4845
11339
17600
25435
7984
32235
4222
22039
25959
21303
10543
10609
25555
24956
20486
25464
2132
20920
7580
23089
11554
27150
3164
18624
17672
13174
17416
5087
21704
22865
26928
27131
14853
13578
6123
2099
22295
7452
26244
3351
30009
22396
15895
26890
2678
19746
17420
14059
31660
4347
25351
1489
2733
20017
13797
26077
27418
32754
15087
916
10518
23991
14459
19149
15741
23722
224
20247
7278
18370
15267
9646
1642
2869
15865
29898
5343
16378
11392
20673
20447
11521
928
30642
12221
891
13119
30590
6697
26684
6719
17370
30309
13673
32761
32368
6338
10299
6002
29908
13489
5893
4635
10015
22126
29967
26477
15204
32450
24381
32235
26529
9515
13224
4589
30315
17444
22154
12495
7091
8326
16170
24446
16772
3078
4647
26013
29940
30767
22535
3667
5007
17228
870
3329
31334
11876
23833
9088
5214
31441
6781
31536
19205
11579
8538
5753
17457
21137
18712
17997
17712
25249
10677
12665
16879
11093
31652
22522
26286
11990
1449
8733
9476
24992
6417
19070
6428
32138
25332
8777
7568
1920
24460
4058
6391
23774
5000
10746
5276
9286
19175
8515
8084
13067
28436
18816
4408
21327
7957
32019
2223
9045
42
1400
3016
25987
8373
7013
3301
10936
23621
25370
25015
23967
10242
454
26507
10699
5422
31491
28248
30721
30490
24346
16210
4442
6972
18218
22799
729
24442
2881
10875
6103
26034
6972
4926
2349
4008
28821
16208
20873
81
19220
23729
2156
26007
30633
19899
17688
11116
9435
1437
1665
8381
30356
32397
14919
31722
12364
24297
11164
25634
20480
3305
685
23689
19573
31832
29080
1004
6637
8714
12106
12314
6044
12243
30352
6245
14189
9660
1613
7223
3500
17669
18996
13867
972
30864
14909
30937
13231
26317
12237
24409
24527
13014
12199
6797
31981
14776
14286
200
30264
13821
32659
24305
4427
22450
24357
5408
5891
13529
31731
1929
28577
15001
30081
21320
14622
5414
19304
24199
5182
31328
23488
23749
22137
22661
18268
18011
19908
19455
19277
2798
3262
9852
23048
1369
16762
21975
29679
16932
7813
5126
19947
5478
19872
4330
22313
21502
27498
20090
19686
19755
3113
103
10163
23991
24385
2304
11322
19122
24933
31709
11404
9271
5018
3533
9565
26270
23249
26971
6514
32560
20308
28788
1739
20114
159
9880
27437
8032
5040
19589
30507
28656
24370
25590
28586
25517
20553
29682
25383
11860
5468
10018
2878
26924
12742
2481
13025
25854
22364
21276
1484
15016
6437
22301
32705
10324
18062
13483
32261
20857
17276
418
1932
9266
9995
6802
774
11426
28076
17393
13807
11049
12235
31542
20324
29542
13763
27402
5082
25203
11041
4256
7843
28539
1756
7351
18940
10434
16810
20483
20562
5346
6483
29544
4999
28123
18381
6777
8857
29786
16385
16009
12994
21307
11841
12545
30350
12877
27438
25796
27356
26513
27081
16644
16442
23399
5813
7557
16027
26773
10394
19034
15213
31505
28765
11941
23459
1188
30547
18594
6277
20224
19766
5504
11577
6892
2947
12863
17180
14443
28032
14422
30873
5966
26399
27685
10257
19442
15610
19281
5089
3787
9356
6704
27308
30880
24898
11902
20002
27050
4639
27819
6918
18802
16781
24183
3190
22250
30281
32525
20443
2440
9652
28748
19185
5486
28310
32748
17446
10587
20737
30423
4269
12827
22875
30213
30817
31327
9860
13738
21075
13478
14551
3478
24611
10043
3140
9498
19368
19397
6467
26690
12234
7470
25415
23344
17890
13203
1700
15708
5980
116
22137
8957
22722
9387
3707
4403
16956
1653
10403
23109
14340
16045
4240
21571
19611
13064
18606
22915
31985
27122
30532
892
7611
12176
18555
30042
11558
31468
19328
13764
30825
28256
6648
17110
20214
22469
27423
12106
8452
16309
19757
22173
15010
13730
14216
11639
31712
31021
22518
30528
12885
13293
11733
15898
32282
19312
15452
29926
1988
5713
24135
8370
1533
11142
27079
21098
9214
3689
23765
29922
4532
21510
21376
15771
32143
31320
9646
2716
24894
19220
12612
19286
30377
32737
28536
3118
5565
5574
5610
8310
27407
30122
22886
9749
28076
18685
5819
16286
4084
20342
17790
19385
29097
24727
5001
17764
28654
8723
1739
7406
11084
7934
14168
12083
3210
19559
21427
6902
23960
24637
17947
20803
2212
8174
31325
11776
9792
3819
28961
32310
10940
30046
11991
12139
12381
7143
7967
32166
12124
28996
5812
11649
31459
15834
23429
21468
8670
4849
10918
23623
8826
7610
32345
30866
12251
20702
254
7081
21438
13421
12936
8268
14385
10811
17160
305
12153
14810
31443
1323
30174
10113
7191
31356
1174
9167
23180
23015
9707
5374
15748
31716
2631
8207
6061
16393
25628
4272
27658
8314
7740
1701
22705
26955
8000
6029
19925
30810
27262
22462
9646
9015
2233
3528
9718
19439
7305
23638
5907
31279
8935
1567
30787
31846
16706
17316
15788
21355
29912
17007
19769
15607
8509
15290
30182
18923
25255
13324
27374
23885
26963
32103
29214
23352
28906
14780
10629
32592
6211
22327
28239
18632
9201
10813
12666
3564
20956
30495
1339
27139
4576
15046
7786
5534
13550
2489
4745
18347
13056
6422
5074
9403
26406
31660
23207
29361
14199
6745
7207
22934
30976
17440
231
29230
4212
5175
28281
29427
11083
21514
4717
18634
13306
30648
10811
6620
12751
24198
13177
18248
10342
6106
13745
11849
10909
16526
18501
10008
18658
4701
2422
23722
14440
4270
29770
12439
8967
15517
17885
10965
25428
104
26694
518
24488
2360
22985
3646
25975
19306
8171
31496
18083
30487
30055
10392
17971
7712
7406
26913
5392
24043
22289
5081
5366
29411
29986
12211
31160
29149
22521
28884
22892
10288
508
17738
14756
19907
20035
9783
7598
10879
14518
28615
16825
16917
1900
27420
7105
19451
17579
1380
27185
25491
224
22803
3480
4829
7659
5597
9468
12852
25487
223
26489
25796
8464
29110
24969
17427
18069
29748
7071
5431
17075
517
12295
9836
23577
3317
17187
10746
25002
7340
27033
6736
18153
11745
6235
24084
26987
25857
394
27087
11865
18781
7482
25253
13659
27581
22410
19429
28009
14113
8931
576
6006
14223
27177
18410
18647
25017
5156
8113
17272
9968
14158
10876
27423
31438
21744
17687
9069
22368
9085
8929
12177
29905
30578
7098
32170
4820
6267
32046
6346
12404
31311
28397
2544
30022
26534
20405
25529
10444
2648
9360
21511
5283
2047
22670
4515
20450
16757
20536
28420
8145
12050
12467
24444
9801
24586
8733
16847
1055
21713
24566
5739
5725
7341
23160
24330
1692
28224
32188
1341
28982
16287
15941
11604
6799
25983
25663
2302
18013
20939
11363
9890
15782
22071
22290
20946
19992
8651
17914
30190
21661
15515
24240
28584
12625
23454
14570
18262
18731
3675
9735
31108
17343
12485
16428
13392
6353
24292
11698
54
31572
27125
31120
27858
20805
899
20588
3211
20604
22716
6583
4099
485
32035
4147
3154
29523
19206
27174
12210
15085
28219
22816
6637
4890
20386
25180
9345
3185
1241
21502
15051
12456
14647
14267
8057
24766
29526
14627
2431
32138
17279
108
31871
30168
2480
12780
12366
12514
13104
25010
26784
5218
25104
5506
2845
23167
558
14257
14671
25310
6073
20274
17794
19108
12267
5599
32436
5838
16610
2723
32410
15581
23153
32445
2611
10794
8773
30945
621
19469
18609
3522
9814
22105
12120
22114
1463
13643
12718
21020
17883
22864
28814
26598
