19214
19532
13572
1660
19805
16080
12760
19212
8219
3794
12041
5623
20366
6633
9779
21980
1717
23401
5389
51
18838
4829
4519
4249
14095
14835
5788
15618
12418
24233
13123
7415
21156
230
20025
3499
435
4836
11888
2199
10221
5111
13268
16282
697
12739
4554
1141
10736
9356
1248
19105
10464
15096
17673
15329
20212
23012
22945
19458
19824
7008
8641
17828
10554
24531
14221
19585
10339
6214
10454
10931
14875
13891
10405
5267
23348
19491
15654
17050
14917
7634
18841
21048
4073
18693
23184
9938
17692
22180
5846
9476
21170
2003
2477
13966
9036
16032
17838
7805
2583
11200
9097
18527
7294
18882
5849
5992
23214
5436
15811
407
18864
20920
2103
11863
12498
13922
859
24522
13779
9970
8197
13238
17577
21398
23577
12296
11883
11095
1770
11958
15844
22369
6935
1936
13346
19901
21623
1653
10916
20030
6589
23713
12444
795
7681
24140
20548
8914
6933
747
1090
7072
4836
14080
5743
2010
18209
92
20920
3154
8646
1840
17377
13283
21704
6685
5200
23027
5369
5644
10155
10873
4043
12504
14925
12432
8316
17219
975
14544
23050
13065
9488
12620
5486
19664
10827
22448
8031
7054
20498
16726
15555
14144
23441
12092
19182
11136
10955
12643
13079
1792
212
13172
10559
1592
10600
21252
9039
19555
13854
13442
11018
23970
23898
1164
13089
4893
9581
19440
22173
2432
20856
1338
7723
4553
10461
23676
2936
22278
9865
10697
20888
14930
12473
12219
22809
4270
3673
18959
800
11685
22166
3774
11720
10812
2705
19510
7805
16763
13271
4038
3279
18575
16622
7571
4099
20203
15799
11955
3459
12893
16769
23151
4021
19860
4842
7534
10132
16607
13620
17441
24304
12881
7746
15625
11331
16448
23870
2921
10190
9455
20560
11843
10972
9641
3749
4638
18723
19138
6960
2612
14795
2740
11869
7427
19685
23823
3587
999
21405
6103
22257
15014
8531
21791
3422
13264
3950
13327
20459
8651
13280
18668
10013
10184
20446
10765
5012
8888
18262
6954
4737
22311
23992
4095
19718
16345
22167
23836
22762
3706
21634
1199
1786
17210
2239
14192
4924
11103
13428
1801
11480
14990
20104
23173
12763
17975
17622
2181
8125
18635
18191
20628
17590
4073
24014
3269
11813
2675
1403
10477
17
2398
9264
22815
16888
18390
14135
20224
15469
11285
18856
19958
2370
22885
1622
5876
12244
1545
14966
4091
6385
9818
21390
20609
18581
11152
21829
3075
21371
21280
8307
4349
3833
14118
12603
8940
11891
11637
22820
23844
4825
16863
12403
3274
17841
14355
17515
15593
2283
17168
18786
16215
20472
7529
10679
12942
3569
125
2768
17140
22297
8292
14596
6264
16988
15192
7005
9377
1003
23538
1833
22987
8534
13856
22805
10182
14246
957
4361
14674
25
16976
22826
16449
3396
23577
2207
1974
8253
8997
17913
21869
21391
2018
11597
3361
12417
22752
19725
1603
11541
11774
4456
11223
21361
18035
2386
17223
6964
12169
18510
3406
7193
7127
12585
24441
18100
13836
1430
21739
6541
11356
6097
17558
12382
17082
3250
7011
21533
11325
6080
15392
22332
8333
11764
18726
14996
9763
23628
11463
15622
4392
15088
13383
16455
8386
11622
11874
21101
8979
2380
13435
7515
16794
23724
16559
13487
22574
23868
10127
3388
13747
8413
666
20174
13478
7089
18116
17652
15071
19082
2649
8704
691
13483
18369
22656
8283
8886
16419
20405
6183
436
18180
5766
23631
7588
16893
2166
20370
20841
8613
18986
11930
11337
14961
18143
1659
16937
23086
10221
12282
10869
7132
3002
11751
9897
21481
12952
22355
266
16661
11960
19862
9021
7665
20589
20973
11235
21400
18229
8395
10724
18612
21486
4022
17032
15
1722
5489
21127
21336
15358
9445
7033
23668
23852
22892
12168
1628
4409
10385
22159
19522
13141
22336
14622
22850
18680
9538
19466
10386
18001
2033
21735
22763
9095
18151
18336
22104
19301
8609
18022
14641
13823
21100
5581
12175
20207
17795
19953
2981
7017
7905
218
11304
14193
2797
1440
6488
12109
18914
13823
11214
19688
16318
13474
5066
12145
20233
9549
12682
5816
12332
16451
19202
10840
23330
23487
3591
12967
2402
22693
19355
10907
20462
116
13347
15316
11574
23499
17088
6223
17874
20508
5279
12119
3681
23248
3586
13326
929
7846
2748
7093
699
4877
9410
5965
4545
1631
16110
14789
4649
20881
5551
3283
8700
23144
1222
19965
5531
15916
143
2094
4944
7804
3504
20207
3178
2111
8673
6894
20017
341
6159
20990
7545
4301
8504
17211
9267
13550
12193
18351
3062
13014
1721
4062
23651
6100
13126
8235
6238
17330
4990
20697
5333
19094
16998
18346
2117
23594
16707
7064
7150
7583
3125
6799
258
15821
9136
16112
10181
24157
9927
9248
16103
8685
20711
12576
89
101
16654
15775
6379
20718
8742
1704
20730
21497
4098
1817
13999
23941
2574
3503
20543
12767
12329
1521
16880
18469
680
22839
7384
9314
6519
6142
10726
19877
23844
13689
18491
6873
10058
15443
10016
17827
7276
19320
6003
19441
7998
1090
23690
17354
7325
10968
3611
18134
13525
13454
17940
23026
199
19327
624
16685
12030
11493
6017
16280
3489
9596
4446
22332
7594
7224
17285
17217
4402
915
9690
8997
9706
24078
17060
8267
18380
5148
2884
9496
9159
10236
16509
17181
13228
13792
11523
7606
20129
17682
5330
16769
16822
20330
22903
19372
5701
476
3325
21943
4610
23063
424
12789
18907
5276
6630
6706
21403
22126
15359
16917
23953
24317
23641
17055
11461
4573
15165
6705
1429
21290
9345
20476
5223
8160
49
13353
19025
5286
10360
11432
15586
23554
4997
22209
9802
16606
16883
15769
20464
12751
22339
23364
12439
13906
14933
7368
10834
10741
19476
9728
23016
10892
18296
21789
20729
21509
8000
4339
9142
6322
19938
21261
7263
7894
19712
22122
2556
10164
14977
635
20304
10976
18549
11186
8676
10447
4620
22880
12153
18485
11417
17448
19340
5877
23074
183
7616
9607
14100
24375
23280
22749
20803
20954
17185
7843
22458
23300
11500
8446
22275
4964
15508
19863
3726
3426
12821
17306
5876
19998
13644
12330
10840
12520
12976
21738
14686
5247
17065
22146
19673
21262
1970
19820
21
13437
18352
21874
15756
23217
9958
21491
2771
8252
17011
9716
3641
15627
732
9051
11670
9269
11071
6979
3689
7164
17610
3852
11647
1477
24454
15076
8391
17543
12380
17853
16042
964
13542
713
6353
15156
12743
12102
12061
18235
9661
12612
8114
9610
704
9772
13687
2260
18212
16569
23841
11016
23347
14065
8133
19091
568
4481
20203
16855
67
5885
19343
4120
16806
13647
10649
4546
1673
24217
22877
21649
23952
7138
21887
20289
1960
17975
11856
11003
24127
2136
21021
9117
18657
23189
1815
3004
6126
22495
9456
16822
1060
16929
24139
3826
6208
2358
7732
534
7998
3669
1711
9107
9162
10204
1326
8515
734
6942
18045
15695
2810
1872
11182
9350
15511
24532
23400
2461
11686
11818
2043
4986
13746
22148
13206
11785
13004
14443
21815
9561
24291
4535
12853
19757
24118
18457
1005
3559
976
19453
10452
1155
11085
847
5715
6766
9937
8767
277
22343
14615
17515
13013
12360
23598
1745
14920
7482
15476
16762
16590
15719
1869
11241
143
1630
10402
4223
13772
12735
12860
9259
15549
7098
20699
6876
3701
19847
16683
3828
3656
10280
4511
22099
3721
15265
14176
4567
13433
848
22304
22199
19309
4365
16841
8296
9929
1735
18188
8161
5830
15205
22018
13228
16392
588
7520
4164
21319
10904
8933
7999
17536
17600
1447
7451
8873
305
7927
20524
704
7568
7532
17772
6019
10488
23806
11828
14593
17758
20169
17735
18601
3841
5567
7695
9334
11494
20107
1452
17721
7061
6390
7519
376
865
2581
8450
6394
8161
23730
14422
22448
11697
13184
9584
4312
16017
14579
10429
75
13243
23886
24057
15222
24444
12453
21852
706
1757
1124
1450
19010
406
24449
11798
19368
2077
21539
15088
12413
16177
2496
17305
21239
12799
21191
17992
22904
15091
21828
22791
6474
4654
16023
1346
6790
12723
1221
1641
23024
24128
4237
15622
429
10083
646
9624
16657
17717
24229
3423
5253
20777
9731
23859
15251
19989
21429
6423
23330
18124
15376
8712
7469
20756
2911
23365
24180
21896
21196
16802
24022
22095
21809
10593
19972
23293
8136
14869
11895
15980
209
12170
4619
5897
17581
22419
8963
5409
19053
19809
23550
19919
6028
1462
7195
351
6474
18878
10201
9154
24488
17562
3311
10762
21988
20482
7710
2429
12289
21800
22789
3480
8959
12249
11235
9058
454
11957
24328
9062
15678
1475
862
19646
24150
1951
16789
2057
11949
4611
23558
65
9204
11167
13264
13788
23192
22177
1477
24513
20868
21234
4326
6028
16844
8103
4123
18832
18130
14008
1459
12424
19859
4302
9885
1178
17299
8551
9354
10066
10279
21881
14734
573
5010
22789
7035
17750
23630
24216
4645
6063
12291
15185
12363
19152
15840
1104
18532
14065
6346
1677
11309
24063
12926
23055
23007
23362
13410
6831
11932
6634
21028
11415
22056
21960
6290
693
3187
23170
12128
13337
7880
22978
11048
4111
17235
17881
12998
9831
2
5505
15759
2991
5848
20717
15776
7260
20353
20436
4973
23782
6742
19344
13560
2889
5519
1893
7193
24476
4761
2692
21538
18211
17246
17618
14153
9941
19455
20161
15562
2569
9919
6695
13396
3697
4306
11961
12351
20504
16978
13629
5965
16727
22827
13076
17813
6810
10625
6381
2733
9847
4873
18687
16413
16996
22886
12559
18511
26
6860
875
23970
1072
14116
23086
3940
6917
12997
5470
7744
1922
14553
18103
12879
23017
22326
15185
5910
22576
16745
1860
17680
19751
17295
6106
13958
8435
23346
4102
13353
16646
11845
21847
10470
8245
8661
11413
21729
9278
20069
8558
8886
21544
16736
14063
16057
20815
11960
16403
9841
10401
15859
20352
403
15383
21343
24254
7833
9098
4144
10257
22475
21655
19532
24167
1220
23235
16182
12555
19618
16156
24466
13036
11096
19603
19052
23874
5787
24333
16172
8125
7442
10412
12273
10777
4901
10833
4647
9921
22396
24441
21072
13276
3552
11929
1685
21146
7566
6105
6420
8493
7065
23176
22547
7600
6594
7520
5486
2422
1759
1175
19602
3389
8046
13174
3117
11279
15719
1776
11934
22382
20906
6503
4242
10052
8757
15356
4940
9171
5557
7122
19376
9287
19411
16773
13692
21765
16224
11686
24528
22590
3331
265
14952
23145
10390
23954
8924
14780
7508
20464
21092
9164
15770
23948
13990
1728
2979
12444
404
7407
22732
23173
11683
24038
13336
3062
16066
22407
5645
14206
13668
24385
483
17435
14027
22669
4740
13528
21230
22428
23747
18932
8912
11939
1846
10909
10839
15414
22021
18103
9740
23441
8105
16503
21055
7483
3010
723
24188
14108
7397
20808
15423
19331
150
14949
16692
19580
14920
22864
9083
14892
10296
3861
4425
7855
9565
9847
21338
10353
3924
17343
3260
5851
15511
18068
2137
12855
8748
9014
12343
2160
18579
21507
12261
17349
1770
15708
13538
21410
184
17180
11294
19070
2881
23173
7784
8535
14601
15304
1988
1999
22216
24343
768
22147
12770
3208
21686
15174
16827
6654
20921
18461
9020
1651
3811
19589
2185
9605
15440
21940
5254
3843
5311
17787
6970
11737
2530
13440
18079
23810
18295
18709
21650
5807
12132
830
14481
9182
20628
20502
7855
22534
6420
15421
15426
11192
17540
20658
4890
5295
18309
13184
22960
12327
4180
23731
15554
20522
15832
18295
23254
11064
9162
15602
544
4138
3751
4833
14367
10350
17865
20470
4905
13212
7190
576
855
19982
6913
7939
13862
15500
13406
16664
8672
21106
12484
15282
15243
18280
23799
22607
9328
5199
6093
13517
1099
102
7255
399
12734
18551
4212
22222
19716
3538
2304
7107
14673
8542
17225
1372
12147
23179
1048
5916
16622
18106
18513
2058
23686
17353
1738
13260
6082
14499
12358
19028
13585
20381
17310
8996
7278
8249
11108
10544
8143
6649
9980
13890
11520
5614
9690
19316
21057
21328
7945
13157
22715
20478
13936
9839
16697
21945
14370
7092
9478
6272
24190
11511
3639
4008
13367
9239
7614
17777
17711
19303
24442
9283
18751
15538
19270
12196
24440
11343
3802
24067
8841
14968
23484
17441
1154
17478
14821
13757
3190
4367
8600
16358
8034
5529
8612
21833
19281
12074
10102
15557
18536
14626
19494
14725
2946
5087
23809
20
3543
1935
19427
14396
18623
21056
9238
2767
16168
1309
4454
19907
23015
15175
14208
16193
14804
22151
24436
506
4437
10260
14770
7865
10254
23974
17688
11630
21894
13127
7530
17547
16009
15261
14548
4003
11631
22997
24011
3750
22201
4125
11088
413
10291
6910
6154
4349
4881
11868
21718
7930
24491
24449
15536
22439
14136
15822
4310
16613
3673
21528
10709
11539
338
4513
8135
11436
901
22828
5104
22689
19017
3182
10930
7104
3343
3567
19425
6570
8061
18796
21352
6818
23490
19148
5114
5007
13184
13637
14516
7638
310
18592
10716
17758
24113
18538
11932
18991
5757
15487
8385
5906
2921
22852
7592
21306
23360
11188
14557
19815
6928
12171
735
13294
15498
20459
8570
7378
10843
4852
6484
6312
12188
1958
21997
5763
22595
645
88
12956
9060
11336
14082
13630
3173
3307
18136
23776
12908
5318
7219
24323
13198
6942
10773
21180
6635
23238
3191
10778
24087
8909
6450
23827
2136
15611
16551
19485
22857
7290
3336
2273
11062
23748
8093
4608
1460
22710
2896
11774
8750
7908
22417
2343
15449
13075
11335
11597
9512
9779
3230
18321
10606
1644
17051
6782
11948
11597
18544
13991
24070
1224
17007
3142
4679
6812
11510
9957
18670
19066
8545
9018
16524
4601
6134
21267
11266
3752
1736
9876
14379
23512
6419
1202
5946
6680
9690
14982
18807
13715
2802
23374
6103
2967
15710
12124
1547
8005
620
1992
128
7843
11935
19394
6533
8978
19455
13010
18466
6247
14046
21710
13766
20902
22985
13405
22217
18226
15657
19300
8461
16573
10456
24094
13472
11112
393
11673
11099
4768
20706
19496
22002
9600
8032
23287
1471
2379
22751
274
12439
21966
11253
11835
16804
22285
14839
6414
2994
19004
20957
15943
16249
18400
23276
15095
14184
22669
5133
10636
5716
15136
2762
7644
17763
21353
22835
5767
18222
18330
6593
13024
8275
22227
1813
14961
18516
19540
11672
16443
10767
14607
9332
20104
15149
5715
12537
13390
11670
14887
2433
22055
21853
4423
14079
17532
22227
19414
9521
23156
3740
19555
20442
22580
8192
2245
7570
9928
13178
14668
22825
2723
8744
19521
8583
1842
1852
2110
8848
7819
5409
12486
9538
2523
10723
6113
9518
9838
2976
8453
23248
5840
23168
21973
6637
1874
8662
3272
22488
15149
20737
14183
14729
11402
17434
3940
1401
19816
4492
20058
16971
24029
4172
15885
17730
3636
13293
4567
17267
12277
5697
989
3260
22817
3162
24462
21039
1072
12469
17822
15786
19122
2288
14115
7056
23369
24377
14838
5140
7502
19717
18905
21620
11774
6629
8697
17396
14324
9100
20197
19665
13138
23588
20155
13028
9718
561
6233
17466
7851
16909
21466
10448
13386
16077
12274
10723
7270
6888
1068
21094
7517
24208
5146
10442
16885
2735
21147
21267
10514
13391
12968
10836
15629
15428
10709
12552
11590
866
9169
5957
18664
5586
19329
3201
9703
