2962
3422
792
7011
4658
5119
371
1225
6501
748
3901
7324
69
187
1188
7927
7781
5718
5589
2935
7660
1108
3162
1186
6501
4406
2082
7722
4851
3659
4913
310
2260
3203
7096
639
4490
7832
1677
1504
3852
514
2326
2659
3454
3088
7254
7187
1409
4919
702
7361
4558
5055
2744
4941
4329
3997
2009
2662
3521
829
4496
3903
2831
850
7905
4259
4457
896
3865
5479
3722
1341
3020
1706
7271
1627
4281
7333
4573
612
831
7294
4008
1196
1609
6631
1960
452
7434
2327
6756
4702
1198
7481
7957
3752
4251
6214
5098
605
3727
1495
4884
8021
6267
5017
915
1494
5374
7686
2111
2476
6289
5378
1200
6627
4773
6150
384
2828
3003
2767
4835
241
1877
2285
8191
7057
2556
6264
1391
2813
7654
4268
5862
5338
6263
1673
4240
1602
1823
1931
6756
4220
6516
948
2133
2370
1977
3860
7779
4765
3037
1321
5612
7499
6915
6013
5639
5476
5906
4159
6226
1464
3798
5992
5757
2471
3016
5883
2826
3284
2134
8107
599
1615
6340
991
1426
3347
3224
7250
607
6406
6374
7096
6256
4320
8043
856
3934
3403
5225
6588
1573
442
6304
6590
7510
7798
7876
1080
843
2226
7153
4950
6523
1481
277
5511
7734
1647
8065
1115
824
4840
5749
1422
7756
4242
4758
385
5758
4996
4257
3133
6353
7544
7813
5338
6537
438
6265
4308
628
3119
2469
6378
1118
6962
458
538
3078
4422
3169
211
5952
4264
4629
2352
2869
7798
3521
2952
3606
2860
5590
4420
3882
1637
479
5554
3469
3120
1984
7316
5708
4498
4900
4922
6429
5494
5737
2196
2054
2593
1587
7783
1088
5539
315
5300
51
4951
872
4525
2346
5991
7920
3440
5018
5208
5643
7252
2638
5215
3353
2948
4835
4164
4960
5440
4207
816
1376
2558
4687
474
6547
1590
3168
5297
3446
7937
496
2436
4417
3860
3468
4851
4820
1204
6251
924
5478
4962
7977
5353
15
712
1654
7515
1192
3780
2045
7453
7650
7130
3357
6893
41
3942
3973
6781
2607
685
1393
7688
5232
6601
3477
2560
1249
7904
5287
7260
1412
2582
334
6068
595
5576
2221
2966
2538
677
726
1761
5349
7765
5147
3324
7126
4501
5458
3635
6168
8122
3113
3829
1194
331
6839
4739
2631
7325
3066
1579
3048
1122
2921
4499
934
7981
3606
276
1801
6978
5328
4377
6677
1012
6264
6158
6904
7918
1820
721
1121
1094
7343
437
8112
7
2555
5102
6347
1142
6622
2326
713
1595
4352
3822
5821
3737
2458
3024
7718
5677
1711
5871
6164
1462
436
7645
5292
257
3940
4820
4826
2193
709
3033
186
5503
2222
4115
2311
5058
2793
5346
8185
7079
6549
4441
7383
2655
938
4821
982
3383
164
1839
2097
1842
1671
5165
2976
6887
6182
812
6223
7258
3803
1962
1172
3781
2909
4804
621
4493
1669
5764
1346
6192
1636
1613
3747
1406
698
673
6976
693
3452
7783
4277
4821
2858
4770
4974
2021
5985
5684
968
1234
7744
7345
5757
6438
4434
2428
7615
2365
5758
6484
5886
6949
6148
4231
4423
2461
2696
1151
4692
2529
6748
6705
7652
3651
4480
2443
8061
5618
1401
2796
61
2869
2714
6271
7294
1536
6716
2973
2665
1181
4706
5814
3961
2029
2950
6725
2133
6354
2274
3323
3945
3085
155
2080
1366
448
1663
4376
4616
3965
1002
6540
1731
4991
1757
7459
2104
4290
6678
3113
2259
936
4734
4953
1276
4545
5993
2305
1217
2711
5317
7344
2692
2296
994
6753
7922
7019
182
3312
6725
7063
3555
4432
3899
3780
4395
8084
3566
4191
8182
6083
3716
159
7125
2765
1247
3148
2781
2288
1995
2873
6835
133
6946
207
1993
2069
5659
1562
3662
3878
3458
3828
5569
5604
5105
8156
6263
270
6898
4514
6565
6278
3175
1852
5242
4301
7132
510
2161
3043
3366
2166
5990
4495
5818
5935
105
1345
1789
4668
308
260
5521
1
6458
755
2701
1452
6511
4311
414
5639
4766
6343
1693
6712
4694
6755
5325
3648
6393
3395
6812
3747
6640
51
2398
5365
8093
5073
2702
4156
2406
7069
4940
4974
7075
3130
5155
1140
1297
1072
5660
7419
6600
2473
4727
7798
7157
5031
8109
4028
7312
2772
5038
5344
2429
7654
2699
8116
8056
2968
469
5755
4355
5993
1320
6346
7632
2160
4129
4865
1494
7292
4704
5685
1742
874
4395
6707
3270
7525
6431
7654
3400
4775
4055
4404
6721
4041
788
1671
6209
553
4546
98
2842
3332
2098
6176
2739
90
908
7174
20
1304
1077
649
5687
3884
7033
1573
7460
4685
5368
4861
6346
2424
1425
6353
1430
7168
4625
1400
5746
5572
1062
1106
4414
2100
5655
6173
6378
651
6420
5076
924
1999
7201
5413
4697
2943
5920
1827
2824
6655
888
1322
1868
2847
3726
1891
580
7115
6802
72
7813
6578
7370
