7945
2097
6718
2637
8681
3439
4470
2283
10835
4662
8592
5058
5329
11822
6316
740
3619
12277
7148
6825
3257
936
10560
10253
6077
1251
10153
5064
7046
12135
5157
8287
1659
6266
4112
2415
11777
8944
6137
3881
5092
10656
10660
11364
4838
7288
7136
6582
1607
5786
4852
7909
2015
5366
9350
1399
11449
3548
10751
2290
7300
7037
5368
6366
3537
7384
7080
7775
3058
8208
684
10202
2300
878
2718
203
9597
5302
8842
10148
41
6819
5549
4966
10003
1178
5416
4010
6745
6193
6712
468
2012
1552
880
4215
3537
6699
12192
4870
715
11001
3845
11687
1518
3962
6625
4715
9534
7239
11049
7707
6976
9723
11785
11635
10832
1454
942
6901
1343
9329
272
4223
3791
5190
3769
6118
5240
2135
4154
6206
9074
10861
3791
3938
4569
10144
3053
10759
8206
1279
10994
51
12151
4585
2548
217
528
2372
7507
6636
9212
8668
2450
9047
1245
8427
9924
8270
8258
5784
3142
892
1937
10188
7789
1179
4073
2679
4876
4350
1979
5211
5891
8154
5269
11081
10908
5930
7787
10310
4995
1032
2613
4766
7004
11710
6494
10919
5252
5891
2288
475
3325
8532
9107
2382
5767
10324
12017
4741
12072
1770
5255
4003
5767
3284
8577
9360
7453
2992
11111
10072
11807
11600
7117
8849
146
11036
9626
9483
7790
8018
8264
363
1063
6024
11456
7896
11865
11852
8025
7234
12259
5124
2646
3323
11462
11233
11229
3163
1414
731
9781
3920
5826
6778
3159
10753
11344
12126
885
12100
2046
2359
323
4743
4299
3636
10698
5174
1291
4213
5753
2798
2666
10919
5205
7564
12137
6143
12272
4968
9630
12126
4178
8814
4198
8029
1158
5611
3483
6523
2586
300
11005
5081
4615
10845
2388
5891
9934
6984
8715
10021
1490
525
10680
3597
1607
9786
1274
10033
12105
10988
9163
7578
11665
4579
11980
7739
3202
158
320
8166
2875
4337
4228
1127
11289
1739
7401
12000
11522
2259
5905
545
8109
3142
5506
3966
631
5073
10080
10885
12091
3552
9619
9285
9963
6121
8100
4591
11474
7504
10640
5665
10159
1451
9516
11257
1908
3605
3368
10769
11056
2387
4749
12258
9544
6582
6646
1654
8640
8411
11129
10363
8883
4260
5562
9665
11122
2793
3211
6225
6124
2257
8239
369
4137
833
5710
2837
4285
6658
5188
7864
1621
6807
5407
11343
3859
8678
587
10373
2791
4635
8262
6310
7054
10188
4047
1203
89
10639
5430
10325
10439
3325
919
10666
11664
5905
81
5636
3190
6305
10991
9321
5067
3717
5678
5632
7179
785
672
10963
7278
8455
2433
7935
6041
3333
6292
123
3816
526
7753
5683
1201
10012
1994
3126
5761
1376
4753
11009
11888
5343
1945
10050
6488
11098
11888
10081
10490
6605
287
3829
6625
8011
8123
7992
5802
5575
6213
9196
2067
435
10233
7769
2604
45
5312
2889
4489
7419
1006
7287
9953
11116
9429
10577
5401
8497
1515
8488
6917
2061
1881
11714
10905
10076
3510
9417
5786
4634
8697
6457
10779
5085
2505
10096
11389
2451
8083
8574
9377
9084
8095
7012
9713
10317
4885
7115
3597
219
4544
11490
5965
5449
1225
11760
6017
432
7944
10342
5081
5404
11150
9864
11852
4220
4252
4410
4995
7170
6736
10866
4389
2891
1291
4543
8990
268
11484
8339
7554
6705
2042
8193
3630
10388
7561
7301
5235
11595
3533
5876
3844
1701
928
1410
7960
5204
11090
6746
9300
4581
1788
437
654
2448
1031
9488
10493
10431
2733
9248
7911
9239
5274
8988
6274
8257
8550
4353
4013
7628
9840
10999
6502
9512
9260
3824
5451
7018
300
8114
8395
11579
7320
978
3938
4078
5000
173
9905
5030
1435
11440
4509
9795
595
206
2805
7804
5405
11122
5744
1411
1417
185
7476
6275
3281
3044
9680
5311
1003
8894
9112
7501
7445
2397
749
4079
9506
266
9176
4437
6726
5324
1435
1152
5649
2028
4358
3584
9234
11024
3732
11344
7185
1761
8683
6756
4542
10444
6927
6728
9604
5639
6168
2490
3245
1401
3103
7463
516
9730
7835
1495
9511
11775
60
2242
11200
3679
1155
971
2902
5267
8468
4987
8625
7496
10047
3590
9344
5454
11454
6023
2559
11141
5195
11025
10356
1292
592
10199
7339
8842
8956
10976
2207
11906
310
4751
1257
9665
3084
6900
11416
6616
10995
9452
1035
8680
6484
6427
1288
1248
2608
1634
7627
9395
525
1539
8666
1901
10191
1744
12046
5477
3083
8656
2387
2675
9818
11407
2046
9294
11205
789
7065
9351
1138
2232
5437
5143
6961
3413
7003
862
4600
2777
3536
11696
10002
2578
2006
10060
6111
9190
3037
11654
3104
3431
5619
2791
1725
5269
3062
10783
5298
5909
390
11010
8251
9478
11869
9086
4196
10111
735
9324
2888
9367
2573
6203
3615
9292
7640
7105
208
8257
6571
11877
5682
10601
7964
9762
9754
10632
7908
7626
9500
823
3721
2147
9067
3405
9180
10633
11985
9308
10825
11648
8742
4296
21
8119
12074
12
6705
8868
9827
8044
6397
10346
6455
5593
1757
4110
440
3819
8562
6025
6659
5004
5035
2648
1835
9151
494
1124
12034
1714
3713
7758
114
4829
2354
10887
9923
361
9321
5826
6545
2511
10216
11526
3022
7701
9922
10960
1922
1841
4024
8153
569
1268
3722
7919
7993
2791
10053
6060
9517
7274
6491
7127
4750
11925
1467
9880
4814
4605
9481
10685
6472
5108
5708
6277
11449
7277
12122
7504
6103
5730
8379
522
6976
11838
9921
2979
8063
939
11543
5456
10620
11855
10675
129
1441
7301
1931
9097
11509
7839
713
8308
9811
5796
11296
11286
9487
2144
2420
8875
2597
10637
5644
11832
5681
2815
9398
8013
1461
11373
1645
6662
10584
41
2189
3884
2259
5014
1521
2565
11814
1784
9055
9531
10693
1207
4683
8857
2980
10975
5355
2577
485
878
10601
7817
6033
6579
6478
3089
2438
1647
5154
11033
11444
11576
3675
448
2948
5904
11599
4166
8656
6855
10021
800
6686
694
7183
9423
7778
9024
847
7693
9375
6847
7298
10268
8193
10604
2738
308
8630
4514
740
1788
8183
7382
3677
1909
4833
9023
10819
1304
6055
6694
4829
10564
222
3980
5840
9189
9995
11852
9696
10149
10849
1576
8988
10782
6522
2577
3795
9092
3807
8305
9224
2347
8520
2281
5254
1432
3856
0
5676
6888
843
5150
2162
10325
1452
4086
9385
7704
8306
11006
8769
10083
9588
6746
6100
10382
5133
10042
7934
1996
337
1471
3094
11133
862
4052
211
11958
4535
8438
7652
2473
10213
11654
4971
6663
798
6960
8051
7469
1247
7352
6480
3174
4090
2079
10562
8248
4866
4651
7214
8478
5353
7135
2233
2038
4673
9041
12116
5815
3575
6152
9781
6990
4279
11240
7451
11359
10121
5289
9111
8658
7696
11523
11051
11278
4246
1998
8389
7153
5263
10838
9387
4830
2754
6538
9343
3622
416
9093
9961
6209
11374
7366
3617
1277
1809
5455
9390
7909
5926
2420
2406
3778
1801
8358
8357
3163
2486
9970
9622
11989
290
2764
7181
5304
6087
2858
11233
11248
3486
6692
4827
8595
12000
1192
5025
536
12170
5238
7249
12189
10350
9188
11632
2153
4877
1715
504
11961
7165
11076
2956
7939
10920
11168
6516
5109
7079
9166
1131
5657
10327
10984
2733
7597
12194
4993
11442
3133
10109
2628
6163
11047
900
6384
2441
6147
7977
4702
8293
1959
10104
5104
8029
3919
11382
3222
11611
11291
