1374
3853
509
2933
104
2023
3327
3704
2530
268
1940
2425
3154
324
3162
2170
108
1455
21
2521
71
3029
2936
3776
1384
63
2358
900
2555
172
2649
1293
771
1194
1539
3946
1
167
2814
393
1834
587
1307
1063
2941
3247
3026
3027
1163
841
2318
1435
2455
984
3435
2540
1736
70
1837
2065
1110
2298
419
1180
1992
3523
3555
141
563
640
2729
1675
3269
2212
3917
2241
1794
1587
920
1920
3925
353
2129
2834
3898
3766
2780
1479
2581
929
3546
3188
1248
1419
822
3841
2244
3709
1763
1572
1710
1180
1066
3496
1587
2080
3428
1747
2159
988
1897
3997
624
2294
3923
3537
3614
1867
852
1657
498
2497
1138
381
441
1188
3049
2270
1331
249
2275
2269
3662
2844
2770
1387
1740
1787
3249
164
1107
3737
2687
155
1875
375
1845
1080
2056
3692
529
495
3166
1401
2877
3771
3277
2615
1318
940
1117
3001
9
658
2648
2835
2800
3552
540
3326
738
477
1652
3068
2573
564
3323
2026
1782
2009
3697
2029
1575
1214
359
2857
1836
2320
2425
1463
142
3016
1179
2383
988
699
2046
3460
3277
3867
1279
415
2524
590
1293
158
1020
2866
2928
156
1745
2052
2534
227
3125
2323
2148
2842
2761
2357
2468
1735
1443
1004
2893
1750
3258
1498
3343
1307
1590
1681
3817
3500
965
3175
2102
535
491
2402
3347
2135
280
734
3222
584
2994
2486
3371
2328
669
3541
1577
2797
1536
535
1554
329
2137
754
2511
1443
3927
929
2562
2725
296
2690
26
2536
60
935
203
1625
3976
62
16
2397
23
2301
1235
975
3078
2513
3726
3766
2680
2141
2561
3085
3659
1115
2496
2966
1380
3587
3692
3418
1198
2408
2405
765
902
1094
3899
3289
615
3730
667
625
3699
3174
3664
2214
3871
2280
2673
1447
2486
3189
254
2618
1823
419
98
213
3832
3459
2331
3294
2461
1207
1128
1569
14
390
3693
658
1186
1812
2729
808
3171
1818
1134
2195
104
512
2535
3106
3080
2831
1677
3987
2106
2883
1524
2145
2903
1122
3595
1635
3273
1755
149
2293
581
361
2722
2263
1898
1
1470
2335
3677
3651
705
2363
631
1128
474
3105
2001
675
3616
3217
3332
2853
499
977
3587
811
41
2487
1537
3728
3959
3509
3618
750
1871
2526
446
44
3716
629
2645
3502
389
873
3348
151
2787
3627
321
2791
3368
3776
3765
3824
886
3498
3817
1010
2651
2894
711
3835
355
2364
941
987
2914
1116
2898
1523
1126
3637
2499
1359
3396
3381
1616
2590
3274
1586
702
1252
773
1330
2224
3578
1199
1112
3917
3211
3121
139
2420
2355
27
2607
3633
1848
125
3297
148
665
3101
215
627
1626
308
931
3003
2032
831
2454
952
1451
3942
3907
2468
2520
3549
3848
2952
2022
775
2332
311
753
51
472
1888
2992
1865
3877
2699
3069
770
2247
2718
2563
2450
3865
1749
3954
1054
3802
2812
333
513
1130
2541
2863
2695
11
274
1967
815
3654
1538
2528
2592
3927
608
302
640
3563
554
3967
512
2162
295
861
3681
3779
653
463
2807
554
342
2799
3669
3850
2920
2150
133
1906
2391
3288
2243
901
3488
3915
2196
3008
2836
2113
726
517
501
3320
3352
3259
924
136
3915
1080
2557
2348
3053
3456
1183
873
2689
2191
1664
59
3212
145
330
3462
2016
3305
688
244
1000
3476
2613
15
1750
2957
1826
94
1667
2803
1736
640
240
1596
2552
3824
2157
1455
2338
396
3163
181
1783
3141
837
3460
2627
342
1105
2897
1527
1260
2973
1035
2893
1498
3510
3834
1162
1556
3791
3665
17
1945
2729
3475
1028
281
2751
2794
1111
3398
2154
1483
995
1717
2710
3099
688
3445
762
2170
3185
2030
2817
164
1604
3819
3081
386
2465
3944
2971
2011
2215
1540
3919
3741
3321
3103
932
2548
3425
3954
795
2307
1951
698
1471
1666
2792
3690
1139
517
788
2678
3369
363
2528
3491
1056
3120
2850
1422
2525
890
2195
3048
434
2794
3409
3372
507
56
3461
3704
1803
2941
2931
2832
304
624
1056
1106
3439
2108
3117
1987
2604
2933
2233
2722
3023
2185
3453
487
451
2446
2023
2083
3173
1157
1982
414
2774
3701
3257
742
126
410
2949
442
2444
1893
1156
1380
2559
416
2498
2391
2362
1840
1235
3412
3300
3307
481
1123
1237
297
2792
2355
2086
2780
1531
3174
1542
428
3247
2966
1097
3242
835
1123
541
562
1895
2650
2701
3640
509
1619
1623
503
3843
3692
2619
1506
2764
3819
556
890
1237
1535
701
1745
703
3946
1415
1154
3688
2120
515
230
2991
1190
781
3475
2403
1751
3175
2985
1795
1605
212
900
2857
2329
3891
2445
2763
2469
416
3498
1917
2054
407
2398
3291
698
1866
1019
2271
1222
2127
1749
6
2274
3245
1446
1305
2153
3393
1108
1503
1549
2498
3644
2289
728
2837
64
310
1438
3314
223
1393
1086
3439
1724
3365
3741
3405
3502
3312
1045
3613
2907
2628
3738
601
370
3413
735
2269
2802
1976
3768
2641
3866
2156
459
2845
341
2045
3574
2339
77
1360
652
2790
3941
2246
270
3488
3468
2630
2259
1536
379
1023
2095
62
3063
3380
1938
3161
3918
2405
467
1410
3381
1123
2230
2924
3198
3944
3476
1918
760
1046
2411
2559
2079
2685
1837
1651
2649
57
750
2865
2276
2533
705
310
92
857
678
212
3223
592
421
3324
2801
1321
1103
2643
2062
2653
631
730
2877
528
1446
3503
1582
2670
1793
3000
1780
1985
402
1365
1332
3471
2796
3669
1727
1459
1651
357
1923
2904
1392
1
2244
3173
1124
2420
1075
1181
2497
3573
1267
3491
3589
2941
3155
2768
3165
306
983
2293
3925
3051
3668
3071
1995
1783
3824
2381
547
704
2453
45
345
2826
3714
3131
1908
1212
3742
2360
546
544
2252
123
3079
3393
1404
968
2933
1905
2158
3549
3877
2978
347
2770
2463
1243
25
2575
3103
2607
3001
3433
988
1084
3509
257
3288
2190
1985
2206
2907
982
2941
3342
2398
1723
877
865
2148
3804
346
2996
3525
631
315
2313
3395
3883
317
106
1988
2018
3319
766
2795
392
1245
3242
3865
3788
3754
3025
3610
3677
3618
3666
2077
3375
2485
1239
1001
975
331
3228
252
481
1779
2447
2805
1821
3032
1720
3616
1889
2176
464
1854
2908
2137
3759
1261
2328
156
2835
3205
1343
1770
979
1385
1933
1428
20
820
1352
3715
3097
3608
1228
3958
454
369
2605
1453
3611
3467
344
1991
2585
586
326
2082
1445
59
2202
514
2975
2491
3631
1630
1617
3715
2595
1917
59
1434
2881
3792
3120
3052
2462
1573
391
3228
2193
1945
1098
2797
2276
108
1194
86
2458
976
3172
1714
824
2464
422
2035
3562
2744
876
1758
3887
2193
2912
2299
3900
428
482
3256
231
1509
779
2510
1508
1828
1294
720
14
2701
2929
3145
2391
2320
2154
1550
1884
1130
3730
1262
3285
1872
94
2594
2260
410
1102
3044
803
272
3842
3711
2935
2392
2097
3136
2583
2786
3465
2145
898
2862
2023
3771
2967
916
2844
960
1098
1081
1347
116
2893
796
1405
2287
1458
847
2359
2085
2240
3259
328
1941
7
2617
3938
1146
120
1752
82
165
2267
1983
358
91
1328
3173
1353
3509
1593
2694
444
1620
406
3870
2736
429
3646
596
1809
1989
1468
3576
3158
992
409
847
746
2882
1053
788
3277
1645
149
2193
3445
2710
1208
2432
3255
893
434
2017
1533
745
2542
2030
2959
1555
1762
2385
1387
2214
2105
2029
545
341
374
3633
403
3395
3046
3994
2834
885
876
1808
1335
2432
3147
1317
2775
1674
1348
2569
2192
1227
1662
166
3855
1337
525
3200
234
636
875
2100
125
951
3333
286
3483
2464
1548
580
714
989
3208
2241
13
2109
535
3690
2755
3667
2041
3688
3370
528
741
2558
1504
38
30
1962
2236
2011
1987
3603
3611
1741
3087
278
429
1245
2278
1507
3446
3924
3935
251
339
2079
722
1395
1167
2814
2251
3106
3057
521
2366
1233
2672
625
1849
2581
2566
606
13
2198
2202
1379
959
801
2615
2772
3384
2740
3881
3622
3216
2921
3204
1008
543
415
3042
171
3659
2151
2952
2864
3806
848
2621
1604
2392
1901
667
2206
2265
3095
1920
1302
297
2573
1328
3721
1976
2272
366
3873
546
396
2826
2031
3076
3750
1028
2205
3265
92
150
544
1337
198
3384
1186
3612
530
764
2604
458
2882
649
422
2251
3086
3086
2688
77
3342
1245
3696
1299
853
3040
806
2512
2251
1750
184
3074
3070
2895
3046
2690
513
774
800
553
1327
2705
347
1877
3838
1675
2682
3459
3482
2034
2722
923
3222
1341
2701
1109
875
528
1892
502
1563
3898
354
389
3730
201
1326
1376
1675
1927
3863
670
3426
2817
2525
533
3207
3743
3185
2197
1477
3186
1275
3146
1408
2568
1317
1003
2472
973
259
3691
96
1838
2725
308
897
3500
520
38
3694
3460
1939
1136
312
3350
3906
1385
196
1506
3344
759
486
1352
3284
1915
3535
1625
3211
98
2174
343
3372
3803
251
506
1894
1601
812
3014
91
290
1816
3867
2596
1033
3053
1350
1543
1994
753
2556
824
971
3511
1535
1840
1924
3559
3741
3731
1958
3706
1038
575
1292
3280
3200
208
3076
1893
3119
895
522
1952
2998
1168
1206
921
2460
1525
2675
1310
3848
2266
1187
3946
634
535
3889
1303
2982
2742
65
3706
3815
1978
3667
1054
156
1246
2985
2986
2098
3552
275
921
2652
1231
1826
1293
3445
2184
3568
1883
1469
2707
1469
1605
364
1960
2526
148
3523
260
84
2475
2921
3023
366
928
246
2357
463
2210
2349
963
1143
563
221
894
3218
3013
168
3291
3690
2285
1335
3821
827
1608
171
1980
3182
3159
1251
30
1259
3485
1822
1158
2701
3343
474
2442
1851
2851
1088
1356
2486
2387
1108
2177
2131
460
2146
424
3682
1461
3140
2029
426
579
2827
600
372
2617
2691
288
873
3327
1268
1847
1175
3026
2689
2973
216
3965
3926
2419
3120
3309
2019
517
1151
1281
3208
956
833
2111
805
2053
1301
3528
2423
501
1833
2790
143
1582
3729
3111
2103
1677
1045
2572
2590
972
781
1736
747
548
3026
847
3340
1876
2394
2565
932
1265
3508
1761
3234
694
541
497
3673
1362
3819
1461
938
2028
1603
777
3739
3478
111
1952
2901
2726
271
962
2469
1432
2137
1092
96
3074
2766
3880
2176
3725
2858
719
1004
3575
3574
228
109
2235
2259
3921
3798
3547
561
3052
2557
3720
1881
3094
2791
3712
297
2914
3962
449
2014
2478
1867
3507
298
398
2243
659
3810
1790
541
2203
1628
3529
2119
947
1196
934
3102
2311
530
991
1465
2956
2804
3199
1797
931
2938
1248
3736
57
1044
682
1794
778
3532
3789
2932
1562
693
491
3043
2102
193
333
22
3538
558
1638
3156
2147
3979
235
19
681
841
560
3163
604
1714
3003
3760
3769
2627
2513
2875
3742
1138
3418
3532
1026
2953
2156
2042
956
3786
1707
264
562
614
2078
1571
1597
1898
591
1237
183
3394
548
1729
2719
1194
3445
2549
664
3302
3820
2146
1494
3866
3752
3201
1521
460
3818
2604
1573
1145
3345
1687
2782
2161
331
207
2198
1018
1187
1806
2865
369
1197
2478
3145
192
3925
786
1029
3167
1283
614
2650
3905
2400
731
3038
157
2640
3072
2553
1628
249
2009
1171
2689
1353
852
3017
3005
2529
1299
3325
3468
425
1467
3442
2031
1443
3860
1734
1481
1743
2494
2391
999
2438
1925
3659
2374
3081
1911
1521
2667
2111
808
462
3851
144
2993
3462
1833
2152
3864
3352
1550
650
368
2933
2014
1788
1206
3968
3980
3248
2548
2263
3615
2400
1980
3423
2881
2311
3609
394
2255
800
3719
3294
3553
3675
2144
2972
1475
680
1399
2054
1112
422
3184
3781
3512
2911
2283
2827
991
1055
3217
3569
3478
2801
2587
13
3889
3556
1237
1328
2502
3142
755
3884
1075
201
2723
902
188
385
1856
3402
855
16
1736
2426
3952
3494
3747
1814
3354
1856
1017
1666
1048
1032
814
812
3050
1621
2389
2395
1881
3214
3788
2432
543
1720
1101
1231
2471
1653
265
1578
740
3006
901
2679
2043
3131
3498
2756
2935
3355
1867
1427
3010
3141
1913
3837
3930
1536
1049
404
1975
527
725
2999
2792
1368
3325
2675
3089
2228
1693
1972
1907
897
3555
655
3498
3839
3803
3892
1528
386
1473
3480
2872
2112
2625
481
3795
94
1148
2489
2516
1224
1220
1362
1610
205
1058
3651
2977
805
2567
2765
3310
477
118
1376
2246
747
723
991
1442
2534
338
2386
2149
2708
1876
1171
3386
2399
2871
2978
3290
3347
1043
2980
185
1137
3273
2335
1686
3826
65
1965
917
1051
496
2249
219
1775
1484
1811
2159
3356
211
2521
304
2848
500
455
2712
1666
3815
674
1997
1202
1228
3392
2734
166
2659
45
12
43
2216
2414
911
1022
3795
902
69
2763
3525
1429
1015
2433
1544
1538
2532
3653
3200
3065
1485
785
3620
1098
198
633
3419
658
3398
3105
2823
3888
2563
3484
2589
2274
3415
2693
3293
184
571
260
2013
3531
3757
900
842
404
2038
2763
3524
3021
2500
2452
1076
3099
520
2242
3565
1515
2257
128
1374
3590
3705
2243
3998
2238
3651
3975
1037
3411
1049
42
3984
2504
1465
3479
3058
2269
1183
440
2929
3953
2047
2281
946
1729
1908
39
1976
718
401
3578
2101
459
3185
2168
349
2466
3584
474
3950
228
3155
247
1093
1199
2226
3362
715
1852
3363
1998
2153
3450
168
1699
3866
506
970
2785
3710
3970
3797
344
2639
1630
2283
101
1367
1895
877
507
3174
1429
2638
273
2291
1561
2996
2274
2547
674
3946
939
350
851
995
3393
1850
1843
1664
1935
981
2640
1298
952
844
485
280
2705
540
1451
1082
1649
156
1755
1804
3920
721
546
3152
701
3289
2174
1661
427
3662
1982
2342
3938
268
2851
118
915
2002
1445
661
515
2403
1583
1222
2789
3922
2437
1029
609
3444
3001
299
2353
1472
1734
2729
1575
832
3925
610
3169
2855
1348
1966
1037
1594
2369
2707
3990
1329
3972
3670
3032
3043
2736
1169
2564
1859
2985
2727
3916
1367
846
2916
366
2972
1464
2261
1735
1983
1933
2909
2879
1416
294
1661
3926
3067
2294
604
3641
606
1425
2043
357
3518
2943
2770
1110
1420
411
642
2178
3715
3763
546
2149
2506
2523
2272
3080
224
2501
1802
360
3407
781
2896
1167
3051
1842
3786
2312
1004
3041
642
847
3555
2290
2020
3947
1216
1630
178
1726
1058
814
2369
3948
1931
2120
1191
1549
1166
2092
3157
3340
717
451
1141
2715
2140
309
2158
3350
1593
3319
2511
58
1679
3482
1722
1746
3528
3941
2593
1403
735
2435
1739
3552
271
455
1539
2240
2742
3364
3309
2401
2194
1231
2847
2030
1798
3660
2616
1882
1966
2444
2014
1119
89
3863
1147
3560
475
2162
1504
864
3200
1082
2455
2384
618
2118
1216
1646
3821
3715
1587
798
386
2222
2683
378
2781
401
3075
1703
3474
2234
2198
518
3050
334
958
2876
3301
32
3406
388
257
2620
2590
3167
13
3616
571
744
2928
3192
782
247
875
3449
2624
1068
2810
201
224
2351
483
1641
304
2266
1611
975
29
1447
3204
3123
163
672
3134
1879
1502
1549
943
586
2583
2441
515
1961
2754
3217
751
1299
3839
1324
1276
3935
2888
1642
1095
2177
2113
2013
1237
828
3779
3272
3093
1675
1084
895
3994
2442
2842
3556
2176
3243
709
2701
3088
338
3077
3479
790
1278
2192
2864
1357
3575
3800
3020
3727
832
2102
75
3901
2557
2326
2894
3013
2137
3861
2425
2895
2403
327
838
1882
199
225
1430
3104
676
2774
1257
2131
3513
2963
1294
3936
145
2477
2882
1791
1390
889
2102
3343
3495
2684
2655
2647
1782
2849
1130
1886
63
2176
2542
1387
3982
2581
220
2917
1391
3163
1434
1924
32
1524
35
3296
3029
3805
1552
377
2414
1093
3074
223
2918
1068
642
412
3590
1165
1175
230
730
236
3863
2923
1377
3079
3124
3574
1678
192
1545
1126
2826
1157
5
192
2108
1977
30
328
1145
1022
2023
2508
3361
2148
2576
2973
3247
2529
3572
1380
3953
3124
773
2820
3905
2249
1247
1518
3940
102
3195
338
3230
679
3862
1784
1140
704
1815
2446
2025
405
3542
274
228
3987
1210
2612
2910
2800
1351
3960
849
108
896
3921
490
3131
1887
1602
1386
847
1702
3794
315
1416
2825
2364
698
2592
541
1227
111
311
2368
989
240
2562
1287
256
3303
1201
510
1422
446
798
2594
3705
574
1060
929
265
2554
2379
161
2570
845
541
1377
605
3456
905
3941
1630
2009
2112
3175
3473
1715
2488
1653
2950
2376
647
927
407
962
2809
1516
2265
1989
2065
2492
274
2189
2059
3525
3468
1383
2539
1487
1363
346
2073
1483
2607
2134
1334
3070
742
744
849
1816
1312
3267
3085
1641
3133
1716
3358
3751
1599
3094
3752
340
3639
750
3404
1831
287
2763
65
1130
1488
1828
1702
2028
3209
1783
1976
3905
1588
439
77
3860
3743
902
2980
1130
1468
2545
1754
445
2194
273
3662
1764
850
1695
3982
454
2138
130
1290
1411
2345
3384
3680
2310
436
1222
2823
1359
1807
952
3038
179
305
1695
348
3247
2407
3751
336
3858
3299
341
1141
2458
3068
2884
1164
45
508
2021
3458
411
3242
274
1652
1200
339
1649
1756
2995
2918
2825
2543
3852
3819
1634
2072
3004
1269
1860
2058
261
986
1928
3149
2427
2232
971
2914
2162
521
2616
1803
3791
541
1444
3567
384
1089
2627
3988
2574
1152
1826
1696
1360
3967
3222
232
519
3417
3402
3011
1233
1269
1530
943
1688
3632
1931
3658
105
887
3788
1247
1385
1894
3413
1470
2571
873
511
2991
3195
2417
1856
3547
1379
1344
2768
2514
529
2907
1574
229
3905
955
1849
1048
3808
3131
2354
1559
1912
1362
3929
668
3662
1369
1229
136
273
2099
3028
3896
2796
561
3397
1817
1237
2377
2387
335
465
586
945
3294
35
2798
3329
1404
1217
3136
2074
3927
3932
3073
702
3699
2391
1704
801
3966
3134
2300
3597
3186
3796
3794
994
36
746
1894
959
2638
3237
1895
743
1513
1974
3839
2317
671
920
2613
3515
2443
771
1487
2949
600
1026
634
1750
692
3092
1119
3889
921
2130
897
956
309
2930
3955
117
815
2898
1808
418
1277
1223
714
1288
1206
3092
2125
41
1040
3842
2907
2652
1599
772
1928
1493
3675
1831
1051
1915
2377
171
3915
46
38
3739
1570
1363
2494
1859
3647
1639
3198
3603
3007
924
1240
2541
3548
1432
2462
3848
1096
1994
631
3939
2308
854
498
570
490
2642
3965
1785
3250
3241
1387
1463
2081
2433
1846
3315
2586
2634
312
973
2689
3184
3217
2145
3832
2284
697
3203
543
1086
3890
3748
2882
2984
1005
3593
3965
1644
3463
3272
3330
2519
443
2404
2931
432
3137
3454
3697
866
265
3998
3544
138
3710
3313
3190
209
3506
2340
724
3264
3051
3665
3994
3280
3501
1671
2018
2326
386
1308
3146
2883
3672
1577
1743
3289
1415
745
3537
1247
35
1681
473
1882
2297
3043
2688
1740
2373
3096
2900
3048
2284
259
843
3967
3085
3068
2187
347
582
231
872
3597
277
230
1990
2773
3457
2937
3652
1374
3329
2081
842
974
1971
471
2605
1034
2246
3985
1753
575
286
299
3292
2976
830
3425
645
3500
339
3454
3997
3319
2029
34
1914
2188
3641
373
900
3839
2387
3559
3461
2621
666
2101
1583
1757
526
3031
74
2157
1783
2457
1454
1386
3432
1337
348
3140
844
1381
1464
3005
899
2893
1304
1703
3475
3692
72
3819
869
960
1117
1364
188
303
204
3789
3342
3847
2874
134
1013
1487
1502
1578
2181
3291
1878
3449
961
734
2335
2346
477
424
2716
1227
1280
2041
3455
2107
2378
993
2478
3976
2863
3745
1313
1085
424
3766
2315
2166
987
2311
2349
643
655
1898
3703
3985
3034
1608
2850
997
1931
3153
2272
2340
319
1863
1828
686
2524
275
170
1390
3432
1599
510
439
663
1152
877
3689
253
1833
3906
1773
3328
122
3982
286
882
1635
3289
134
1702
1659
413
1710
1788
114
69
3087
451
1348
2253
3066
1004
3381
2010
3029
1427
845
1240
2759
2767
1263
1990
3568
3364
3499
1341
877
1385
3905
3421
3544
3954
2357
1476
3463
2337
892
3745
3411
3804
2474
3799
462
1864
1649
2391
3036
3858
585
460
455
1715
384
2430
3439
1736
1414
1861
1043
869
3676
1132
1978
1359
3815
725
2608
979
114
3074
1561
2118
2753
3965
2638
3558
3885
1177
3549
3447
142
861
949
3140
850
1952
1204
1996
51
2090
949
2058
3871
724
1111
1220
699
3453
2493
628
1333
3122
1431
572
320
1160
563
467
768
1948
1106
2029
858
280
2611
2533
3367
1240
498
605
1302
957
2237
968
0
3353
49
2903
1446
688
3192
3902
635
3906
1216
2452
3616
3193
1314
249
1597
1722
3218
603
1870
1272
1415
1187
956
2143
1716
3664
3371
2820
3867
466
1447
735
3083
2560
412
327
3361
2213
1622
3983
292
148
104
2390
2691
318
2696
3254
3355
3558
3679
2003
632
2527
2598
2364
2947
957
1166
1198
2891
2910
2360
118
276
3149
510
2770
2273
3916
460
2735
2832
927
3597
3963
1256
1160
3829
1994
1065
1914
3459
3410
3507
628
179
3220
1902
1037
1778
3663
3540
1238
1921
3821
2997
1989
322
3792
566
3200
3648
1631
2220
1186
2556
2242
3053
2403
1140
3917
815
1591
3390
3755
1958
3572
360
1398
612
895
3425
1306
1308
1343
3356
3371
277
18
1064
2407
1577
2561
2716
3708
3529
69
2390
2180
2564
1685
3087
308
1933
1799
2231
2953
3411
1257
853
3112
559
1887
2679
1462
516
778
2667
1330
3411
3212
1228
345
3350
3206
1851
2274
854
67
1813
3038
435
272
1400
176
1709
3724
2678
720
1952
3416
2503
713
2767
1111
2741
1703
1819
2457
2010
1982
699
3702
905
3713
986
1916
3228
467
486
3820
3862
3150
147
2912
896
3318
2484
3911
620
3414
1586
3794
7
1191
2652
102
1114
2692
1339
60
2669
2920
1374
807
2155
566
511
620
2524
3530
1758
1951
2100
2533
2767
1377
3373
317
2511
3889
1412
3321
65
1008
2482
3345
1520
1950
3634
1378
323
3196
2515
3757
643
2356
3901
2472
1556
2332
3519
2772
1043
3120
1007
544
2748
3288
2607
1078
1210
1554
3925
1856
1952
2298
2385
3738
285
242
911
1586
2912
2009
683
2621
3845
1013
2127
3070
1631
1096
354
1456
351
1875
578
1804
259
2285
748
903
3478
1030
2632
1442
1476
937
975
2085
745
1195
3785
93
2456
3281
3561
3225
1526
3636
3112
2512
1850
2750
179
2134
318
3926
1243
1168
2766
2095
1499
2454
871
3926
3747
305
3755
1464
2434
2973
1566
