62
57
240
208
19
231
295
291
63
286
152
62
2
230
224
222
116
51
105
165
30
217
131
227
136
205
217
2
0
122
119
269
70
129
15
239
99
102
108
267
150
192
108
76
45
275
28
236
260
68
219
170
263
132
284
254
75
39
280
265
234
175
121
81
246
239
68
241
35
171
148
105
240
54
179
106
61
160
52
89
18
259
177
167
248
116
47
1
223
12
18
238
153
68
124
141
293
287
47
149
27
85
272
87
24
150
198
69
188
80
299
44
166
3
64
226
246
135
72
210
82
45
97
291
271
67
55
277
67
270
6
181
112
221
191
105
279
216
61
170
139
118
264
69
39
48
261
278
252
283
140
28
259
103
118
149
118
80
46
0
68
52
32
170
72
295
133
129
181
99
133
126
238
50
231
180
152
294
90
233
259
35
189
35
80
183
86
14
293
285
199
204
72
152
200
12
212
132
281
58
283
137
173
258
98
252
239
34
93
248
296
92
296
240
160
210
46
23
202
148
51
26
117
151
89
89
139
131
144
79
168
242
95
77
181
61
141
18
173
2
251
38
45
215
184
233
177
51
59
241
214
5
13
191
0
100
187
156
106
297
228
241
218
165
100
280
57
27
127
253
3
113
245
175
228
120
198
125
59
290
263
14
163
185
194
110
19
197
125
245
33
19
93
116
63
203
171
114
134
169
