951
2424
2203
2098
1264
1420
2735
741
2759
848
2341
2446
1881
1105
990
1597
3844
545
266
2101
3458
1152
2413
3607
2967
3489
727
2132
1547
4060
2249
576
2516
1177
2687
2872
429
2847
418
3544
3445
2294
395
1917
591
2331
1331
95
2362
1371
410
3413
1849
929
3642
3251
2316
185
490
1816
2951
1912
2977
1754
1577
3848
3478
3
449
1194
2334
1006
1715
246
2838
3907
3505
1977
3031
1303
2126
1913
2189
1523
2758
2259
758
2134
212
3578
1318
455
2446
1645
1947
2580
2880
2876
1464
2667
320
3648
187
2638
1242
726
3683
3512
885
725
208
1961
2939
3837
148
1338
4087
3166
3488
2074
552
541
665
3402
315
691
3792
1895
3576
3000
3687
2835
252
2270
2512
1287
3137
69
3799
399
3114
2272
3245
4057
158
3485
3823
1040
3885
1288
773
821
2294
692
1007
2908
139
578
304
2686
2208
1493
2604
3870
2396
1416
404
4064
1064
1719
2225
1146
1022
3159
3370
1676
1385
3178
3641
1538
1970
1130
3437
3009
1007
3585
731
2512
3397
4014
3285
2399
554
1616
1945
222
3036
149
3805
3003
1232
1770
914
2143
1260
3887
3419
1722
1800
2974
3586
1373
2115
670
3520
1494
3618
1651
2294
476
2800
3209
2485
1742
3916
2411
3208
28
2723
1088
2295
1546
1518
3248
3567
393
1145
464
3490
338
436
2574
1602
47
253
1752
2392
1181
3169
1068
2803
2597
2690
3194
1072
1075
2300
2554
1270
411
715
2868
2551
1305
3693
1858
3675
1271
3696
1699
1507
3623
1669
1112
1054
2599
2357
3638
666
1354
1727
785
1735
2639
2085
817
3537
1431
2553
1335
3791
2275
1539
2061
3767
2307
1539
3649
3342
2172
2945
156
2050
1696
978
3895
696
2397
4002
2388
3354
3307
1405
3904
3646
2905
3842
836
89
347
35
1068
1284
3851
389
2112
2778
3820
675
1914
2104
2632
3678
2073
3416
2776
526
2656
1874
3216
3129
648
58
3807
3839
1679
2215
1172
3587
163
1911
1227
748
846
1049
3570
613
1748
1447
4049
2666
2414
637
2637
2920
3988
2190
854
578
1539
2943
507
2487
2598
962
2126
211
3823
1198
4095
696
3553
1745
31
415
1705
1665
2344
2420
2997
2540
211
3260
3246
2046
2412
682
2416
1207
1208
3400
2870
2143
2785
3580
2224
353
2456
2195
1366
3198
3081
551
2746
1154
2174
3989
608
241
510
1248
2239
537
3187
2599
772
876
1590
80
2941
3947
1882
2141
2985
1269
2176
3480
443
2837
3756
1539
1424
2241
1404
3940
3333
3574
470
2249
1579
3525
1161
3671
1055
4081
1581
1202
97
4092
1111
3872
1148
1751
642
4061
3014
2129
481
3696
2071
208
88
1605
2327
748
3789
3245
146
1985
2947
809
2886
966
1436
2008
506
730
2069
1522
3102
1162
57
845
3916
2695
3837
2988
4042
3606
3755
2457
2700
2624
2785
4065
3521
947
3145
1340
2253
3371
1375
933
111
3225
1144
1818
2496
2589
1092
3482
2669
3019
2566
1991
3650
2696
3345
1914
734
999
1566
876
3658
1299
3947
1584
15
3911
3356
2107
580
3477
716
2449
993
1258
2664
3559
3896
818
1610
3047
1602
304
1165
820
3246
53
1632
178
1348
3554
2957
3159
448
1811
2550
4023
2845
3772
1940
3192
2229
1245
2007
3393
4007
2550
2381
2990
3458
1978
607
3634
2875
1734
2102
3474
2488
535
3085
590
2455
1283
3280
2467
2893
1584
1200
3012
650
1727
3236
2448
1333
1653
1319
2851
815
3322
2006
3482
461
1433
1931
2442
2411
2677
3438
2835
1793
2073
2996
1769
1616
1317
905
1306
796
179
2528
761
43
4074
101
1969
3015
3509
886
3305
4044
575
2078
2359
3196
536
624
808
2307
468
1510
3217
4065
3933
1901
2462
1660
2128
1242
2228
3128
3789
955
2332
3378
1213
17
3787
2069
3634
2569
956
664
3059
377
393
2715
1251
2125
543
488
1463
3007
2504
2569
1336
607
1512
459
2240
1397
3425
66
3162
2970
2453
213
3536
3849
2284
2385
1631
2120
2879
2706
1184
3560
3057
1336
464
953
3336
3362
2512
171
2547
1967
3244
2659
3285
2665
1336
669
1690
2274
4026
245
2978
1163
670
2294
995
3556
848
2470
3908
916
2086
3575
644
1746
277
2582
399
3176
3540
3552
649
2629
1312
2859
3755
1865
347
4014
256
3920
1514
3399
3698
2803
305
3283
3035
877
1181
3228
519
70
513
53
424
1108
2111
1441
483
845
3972
3451
1252
3869
2286
43
3360
3274
3930
3216
2825
3673
727
3029
2582
2576
643
3188
1384
1478
2507
149
3533
804
1256
827
1951
3247
2917
2190
117
518
1643
3435
3209
3839
1035
3123
1200
1941
28
2229
2169
1703
3036
3766
901
193
3035
1769
3401
2913
2272
4094
1592
724
2696
1570
3102
766
2831
3570
749
3976
1821
2100
194
809
3197
3859
1797
101
2573
2210
4046
1892
2824
3434
1959
2356
414
1414
3757
3764
4001
3573
2895
3811
3216
1235
1797
1853
2107
3834
4042
2974
3875
3892
199
3724
2486
3246
2940
2003
3679
2925
1791
667
469
1845
396
2228
142
1076
3067
2580
3853
2360
3469
308
1072
807
3617
3175
1970
1977
2627
3170
2593
3134
3640
2947
1246
1858
488
3875
1456
1279
3723
865
3498
2717
986
1824
1422
4014
1913
110
864
3172
904
2516
84
187
574
1405
3394
2355
1329
4060
3166
3601
1882
997
3113
1606
775
1913
293
772
3481
3587
2257
2773
3151
963
54
3232
3938
2839
3355
2099
2228
2409
1922
1122
2305
878
1882
4071
2315
3749
1876
1554
2798
999
621
1736
3870
3220
2939
1015
1071
1523
1111
1421
3508
3648
120
3061
1480
146
2784
1981
3250
3504
4087
3144
326
3697
1923
1916
2445
638
1539
1956
411
2390
1319
3289
2389
2845
1375
1782
3201
1532
3621
2963
3806
1474
3836
217
518
877
103
3473
2292
2308
2279
1107
1166
516
3134
1247
4082
629
18
1113
921
3859
511
2840
3316
260
1907
475
3250
409
2662
1092
2029
2979
3242
3133
2382
2629
3935
352
2107
2555
602
2470
2317
4015
100
446
978
754
1107
3662
3344
1844
72
1587
2739
2024
1168
471
3081
3901
341
146
2346
721
2303
1989
669
4054
404
251
2631
2565
4030
54
1608
1914
2489
963
1742
4023
391
1455
1841
2696
3525
289
1692
3940
51
1034
2746
1749
2105
3096
1509
1921
2422
1181
1227
2430
1030
844
1970
467
2901
3178
1221
854
2106
2788
3676
3056
954
2543
1622
3710
3810
2603
1504
1422
3950
783
1630
172
3066
1055
208
3411
1832
1543
2018
2665
2647
3064
1671
1364
3904
1275
3610
3407
2499
1092
1013
882
3769
56
136
1672
855
536
1068
3486
3927
2237
2434
1416
90
2020
849
2107
3477
481
2539
2071
2334
2508
1572
472
2827
3503
2315
3441
1666
1234
3039
3148
1644
2473
715
602
4043
1806
3041
89
216
1398
3543
3890
2880
165
1319
1687
1962
2396
1913
1428
2115
1839
2089
2644
2027
2699
3404
1261
196
1354
2405
1749
3444
2572
742
482
3456
2334
2481
2592
332
3747
1847
1457
1617
587
1914
2982
26
3519
4076
3675
3051
3165
2771
2272
2223
1278
3387
2480
235
2662
3918
935
2745
1853
2449
1912
1124
2669
1540
1504
2797
1111
2480
2988
3373
3913
4047
960
2324
1708
1515
1773
3222
2583
3177
344
462
1705
2181
2894
2794
2461
765
1116
3016
3133
954
1019
2162
343
2271
2023
2228
3460
1389
113
1428
3736
495
789
3587
3390
1786
1385
2477
3675
553
764
4015
1496
46
496
3230
650
1809
1843
457
2359
3825
2174
3321
361
3130
2413
2169
404
391
2022
4039
4047
835
3821
3745
2552
3802
2508
3870
2964
2383
3114
2708
2608
162
2503
3933
2262
635
504
1833
2962
1837
964
2340
2273
650
299
2023
821
866
3026
4028
831
560
3208
2521
1139
3575
694
2388
2600
2097
4047
451
3516
1441
1059
2027
2847
3171
441
1902
1409
3463
1050
691
3173
268
519
1172
3822
591
2057
1097
2762
1823
1296
1416
3876
2946
4028
73
2734
3446
4
2780
2561
3957
3942
3013
1457
1575
3309
2076
819
3662
2771
3938
1840
1573
1547
3767
1785
658
3512
1045
506
2387
3989
3543
1786
3953
348
3297
2592
319
3373
141
3841
583
3361
4078
2515
2561
2876
1960
914
492
3687
3625
3588
1080
1201
1184
2652
2433
3870
2197
1624
1916
3753
2722
3568
2251
2896
395
1661
3827
1745
617
78
111
1081
237
438
2504
3408
1247
3022
1328
327
3416
861
215
781
3194
126
779
2070
606
694
1480
3488
1032
1926
741
514
2162
2401
438
536
3347
3735
3032
3061
876
207
127
517
2757
1291
873
1704
660
426
924
940
1975
3395
2774
1980
3888
245
1409
2201
3040
1037
3529
363
3339
2393
3989
1037
360
3136
3285
1517
2784
1387
774
191
1464
1837
403
3825
63
2326
1447
3251
1702
2761
3667
3796
532
1723
2242
2368
3736
972
1381
2495
2809
2739
2421
805
2465
983
649
1094
3267
1725
2467
435
2245
657
1152
2146
263
15
1310
1839
2907
2487
533
233
2449
1585
2155
3718
2184
3814
3238
961
3597
3755
1452
163
2543
2102
1702
2225
1158
3227
3801
3788
843
2924
1596
3195
1187
535
656
263
1652
2313
2916
3326
2152
3801
1176
1882
2512
2956
2906
3044
312
2592
3656
2811
267
3553
474
360
1487
2666
2917
2369
2835
1635
76
2418
2000
336
2701
108
1930
3403
1636
941
3219
3266
163
2626
2787
2772
1624
3122
1790
2095
142
4062
3045
3808
2246
335
3307
1080
1885
2389
1505
655
3174
2640
2428
1274
2872
4016
1862
11
3907
2899
2043
2461
1326
3578
2638
912
58
3432
2451
1070
10
596
1845
3813
3024
1956
109
46
2842
2188
3768
151
2933
3110
633
3799
3221
3456
3287
2527
1768
2078
2995
3093
2918
1950
3489
770
1518
877
555
793
621
3807
439
1560
2788
2560
1681
3334
1068
1826
1135
1538
2487
1462
3672
3610
3249
2772
1966
692
2383
2888
1666
1497
2034
358
2538
294
2573
1501
1026
84
3176
688
2303
1680
1575
989
1250
1659
1388
3806
3401
3993
3081
2425
1846
3966
2418
1240
462
2867
2630
3046
3499
126
1187
398
3394
1249
2803
829
583
2425
3487
518
288
1518
3823
3429
19
3847
2179
1577
3758
3126
163
2523
3056
3081
3553
3948
3362
2791
2486
1388
262
1347
1510
3304
2958
2096
2232
2670
355
1627
2621
2932
1157
454
2702
966
3268
79
3594
2707
1508
3196
3873
1808
2121
3497
1832
1039
890
122
2952
3505
562
3061
3345
2946
1258
3185
62
623
1591
2423
3313
3312
1558
956
1075
405
4055
375
566
209
2789
1817
879
3266
2399
2785
1935
3880
3012
421
1078
1085
170
2011
3111
3693
1799
814
3848
1750
1386
3467
121
3532
3399
3662
2049
5
473
1435
2545
404
3390
3926
2158
665
4037
1262
3497
413
2256
2338
379
2715
1627
6
3894
557
3347
811
3942
2075
4057
2556
3007
2790
3805
1736
2530
1437
2598
3940
198
1940
2878
2630
2790
545
855
738
2720
2239
1476
3011
934
2748
726
3585
1111
614
3961
320
3566
126
3795
1378
1480
2738
1621
2379
1351
2208
3949
839
3743
2082
1711
3420
1202
1403
3434
81
2272
2711
2089
2999
1959
195
3875
2043
926
2503
2538
2318
380
3930
2963
3600
705
1055
2842
830
1054
897
1325
997
2632
3695
1170
3840
2128
641
1467
3359
2175
3844
3304
3800
2528
2247
3974
1401
2779
3043
3211
1190
3942
3454
223
2454
2756
1679
2456
2281
2538
3296
3805
3445
2075
3165
679
1971
1739
1473
1284
2319
1851
2558
1374
3648
1405
3111
1911
907
1436
2161
2509
3809
2617
688
3997
3788
1609
1840
1322
2241
3743
4055
1547
3173
1583
3356
2522
1927
1665
1750
1362
1713
512
3563
496
1193
100
2629
2148
1410
3872
2311
3009
384
2744
43
2586
3663
821
1154
1252
3462
522
2394
519
3051
1592
557
207
1206
3712
865
3376
1798
1182
208
2264
3554
3137
2220
168
1715
496
2280
687
1523
1549
117
402
2351
2991
3946
3395
2745
1988
2875
860
1780
1966
1303
3251
1279
2553
354
3792
694
2888
2007
4085
175
1999
3225
3407
1606
2277
2480
1486
1357
1544
2601
2037
873
3495
2491
3630
1809
3917
1445
787
3483
1449
2078
1659
1308
679
810
954
1949
3416
2067
3783
2674
3666
2169
2537
2792
3591
1577
2118
2733
1185
3367
3600
1087
2897
1627
54
1318
1019
2437
1033
3213
2577
1905
275
430
2628
312
648
3310
2477
3564
833
1746
743
1662
2574
3396
3664
696
958
1246
39
168
1942
3236
2267
105
4065
385
3260
3805
107
4052
1424
2238
1342
1099
991
676
1020
1884
1265
706
937
1797
704
2157
3975
502
2973
2909
1371
2560
2827
3668
2131
3616
3721
2540
485
1316
2216
2480
3677
1003
3221
3817
3343
2847
2806
3081
1599
457
2353
3315
1748
1888
479
2828
453
3799
1610
935
1706
1740
3246
1313
1634
2656
2542
1319
1742
2701
2347
4077
2921
963
2313
683
2379
1170
2620
3100
77
1759
57
58
325
2148
3509
3451
3451
746
681
1196
2960
2464
1717
1648
2526
315
2917
749
2302
893
806
2859
817
3301
436
2182
561
3612
1678
3042
3219
88
3670
146
1148
2445
3436
1107
278
2337
3374
2905
1148
3712
3081
3881
1013
3881
467
3498
1959
1988
1658
690
3054
214
1216
95
3657
2159
857
1988
97
184
1838
2961
310
1986
863
359
3675
399
3060
1691
1461
3824
3307
3055
17
37
2285
3947
1191
1161
691
78
580
1911
2826
159
4041
2042
951
102
2867
3775
1910
1720
2894
3047
3966
2643
2833
3862
375
2749
1684
3181
478
1863
2833
1347
2344
301
1284
77
1069
3197
2669
3928
975
859
3236
1848
1053
2133
3877
1352
1091
2772
1748
1495
1069
2194
1081
2135
3149
3661
2067
1581
1901
2847
1692
2899
3377
1135
179
3065
3417
2226
2349
2401
504
783
2237
3739
3592
3987
774
275
2884
1959
342
1787
3917
1693
3967
2917
607
337
2356
127
934
1065
844
459
1144
3366
700
1691
1190
2622
2552
735
2880
2996
2389
229
965
3727
2928
3365
2480
603
60
3300
3873
2164
1597
2637
298
765
2699
1739
3362
569
3328
2470
3084
986
166
779
2636
2982
176
859
1279
2078
2085
1783
3623
534
3657
3192
2111
2007
1301
2346
3566
565
1295
33
3138
178
38
3518
1796
3213
2355
2598
3592
924
1562
182
272
366
4002
3843
3481
1368
2002
2754
598
1099
4025
2140
2988
1264
26
3786
1386
2469
1348
3029
2560
3517
1234
716
2225
3576
180
3809
2873
1855
170
3557
2633
542
700
2704
1706
591
1501
3706
134
3937
3315
866
3273
525
309
1
2432
3398
2428
1174
3264
399
265
782
2407
4071
1534
3157
1310
2181
1914
2863
79
1399
1256
601
435
3711
2681
1471
1726
3954
2576
772
3093
770
1421
2695
530
3146
3592
3010
3565
1727
3909
3599
1056
2261
212
241
666
1487
4051
3244
3247
3953
1468
2319
280
1449
1901
1455
3570
3843
3334
2808
2110
385
790
1630
882
134
3177
645
1025
1333
4081
1961
2415
3231
3474
1303
3217
2421
3719
1508
3589
455
1346
1588
1742
3354
888
1528
2746
174
3821
3796
1899
3651
320
1536
2023
2876
445
1093
254
3672
2510
1746
1792
3566
4035
3291
2248
1866
271
995
1591
934
2930
983
2692
3273
526
1569
766
1971
3430
3310
1351
242
3506
2643
812
2216
3386
3217
3986
1457
2718
1040
2021
3368
2084
128
3281
3906
3512
3733
2681
3934
2895
385
91
2254
79
463
1103
2451
1691
1448
1090
2554
934
1864
3284
2649
2762
2621
3100
824
2258
715
2497
718
1865
1401
1762
547
712
2433
716
1661
20
314
83
2159
3229
282
831
2574
997
655
413
3205
2571
3690
1221
285
2916
3843
1520
526
46
800
361
3049
2842
3685
784
1988
2176
2593
279
473
3136
2351
2935
3606
2559
3797
553
1587
3157
3751
3622
987
546
1889
2591
3545
2120
3690
1198
1640
1971
3151
2187
4000
3853
1199
1677
1918
426
2247
2233
2225
1321
3893
3390
1851
1714
2958
4076
97
2593
2593
3607
2035
94
955
2283
2451
1697
3342
2394
335
1176
382
1582
64
405
3894
29
3463
1505
2916
2297
1793
1882
2257
595
3183
485
2022
3154
2702
1104
2418
3262
2031
1983
3600
3460
3796
1691
1193
2858
3546
2009
638
3891
365
1411
2526
574
2175
3256
613
3189
3506
1828
4093
2066
1337
722
2337
3406
3841
1767
2944
2284
2513
3775
1975
1793
2373
788
3991
319
2784
1170
20
2269
300
2821
910
58
2521
299
1719
49
407
868
3087
2663
4017
3260
575
3729
3391
3206
111
1902
803
2780
2033
96
2803
969
2038
3272
1812
3695
2833
884
1673
2993
523
3378
2003
115
1721
583
869
3284
908
3277
1311
3120
3020
1461
2484
42
1600
1872
88
3644
397
3791
1775
1819
2558
3492
781
276
3760
3412
2830
1972
3179
2259
3619
1421
353
2567
591
989
2994
758
3565
2976
3567
3086
3592
522
3635
2777
2233
1546
3219
3255
1719
179
2486
3077
1947
2402
1522
3557
2637
1158
2014
437
493
1339
4029
2611
4028
752
2279
3568
332
2785
3435
1211
802
738
327
3515
1122
1513
3528
1802
3762
1328
3169
3047
3295
879
1554
3061
606
4032
2268
2903
901
513
3050
1298
2349
3027
2715
1459
1050
1943
2678
1073
3952
275
1510
98
592
1297
3727
32
2784
2475
3730
1063
352
1850
3406
2799
2304
2736
2897
3776
3368
3312
2366
536
3197
2507
2184
443
916
2743
905
19
1955
3305
3573
215
3947
152
2649
1456
367
600
1558
2823
806
2705
3503
2447
3608
2823
1284
1454
2766
3292
1103
641
3819
3802
1041
3197
1250
2283
2009
3558
873
601
1150
1569
695
2109
3865
2000
2338
2724
1327
464
3112
650
1513
2484
152
1767
2743
2628
39
2207
1956
3501
2538
1893
109
211
3193
2251
1011
302
1572
822
565
867
1544
1443
3276
2197
2886
2298
1408
2314
316
2521
3612
1670
1876
3714
3856
2845
718
2199
1102
1488
980
1724
2112
1436
1885
1718
2966
2225
942
2477
2667
1460
27
3224
1298
247
2617
1363
1000
3613
2662
3884
1966
3980
2744
3436
3614
2698
3213
1526
851
4054
1951
3736
2392
3860
1641
1985
2829
147
216
1493
1554
951
2262
1120
4058
2993
481
3930
401
47
2384
976
2783
2604
1249
2328
2845
2423
727
2750
2119
1538
3942
2748
2614
331
2240
1819
3637
2516
2499
2725
1898
2156
767
974
3791
2564
3030
1569
411
3675
3019
2472
2810
2194
650
2136
198
3990
3004
932
3192
826
130
3844
1612
3333
4064
4045
3285
3864
228
3083
1917
1355
926
624
4056
3511
680
1940
3866
3344
2358
934
801
2382
1522
3945
3079
3749
3263
1075
490
2279
1007
567
242
3593
1145
2638
440
2375
1989
974
3248
145
2131
93
1149
2627
2408
3004
1587
1058
1535
1940
2370
902
128
3936
1506
366
272
1180
3518
3782
1355
706
3622
3251
2331
553
1523
1785
3173
3258
1514
1865
2892
896
2690
2346
2770
3457
2544
3207
2235
3533
2214
2711
2260
3327
3754
2582
2867
2461
1593
727
780
3550
643
659
1865
1169
975
975
3151
2888
3951
3167
26
2701
1473
2204
789
25
2122
1817
2831
1546
2600
1249
172
1364
489
3693
3116
3269
1172
291
3132
1629
2063
30
3279
2256
2910
3979
2678
1929
1239
2083
1143
2584
3893
963
1692
4014
3956
1903
2797
778
3196
887
3631
2654
3358
58
2054
2303
389
2383
1706
3061
2063
2830
2393
3456
3733
8
2599
276
1458
3290
1956
2528
3768
198
3502
3610
3298
3365
3000
3331
3854
367
742
752
346
770
1978
1511
2319
908
3748
3317
1256
2190
611
476
813
2501
1313
2107
2498
3091
3896
1748
3092
3293
1431
3085
3059
4090
3643
2719
3541
638
2840
3346
1263
316
3817
1115
1740
1948
4051
4074
3705
3605
289
607
3445
3805
3754
2895
237
637
2405
996
2712
445
148
1856
3988
4084
1437
2319
3399
891
1462
59
1771
3809
3341
619
693
222
3482
1131
1626
3626
2911
2401
5
538
574
248
296
1126
3122
1590
980
1051
3532
2857
2620
2827
3947
851
2394
1203
3316
2536
4021
1234
352
1218
1384
914
1101
2639
3476
3622
1544
1355
162
2592
3861
193
3612
1103
3768
1591
3637
972
2152
1163
1717
1144
599
678
1245
3042
2091
3933
2978
2466
1539
3455
2253
2773
3396
1810
2454
3748
1351
2695
341
2833
608
493
1372
3672
1807
2160
939
3894
3649
2718
1294
3478
1771
3541
1219
289
1475
1884
1380
1414
3422
2966
1124
447
2390
2721
2577
2763
3200
3668
2549
1794
21
2797
2466
2020
41
3489
998
1406
888
4045
1415
2188
567
3031
2713
2217
2147
1
3215
643
949
278
965
3589
1572
3381
3779
2699
152
3488
850
3358
1359
3633
179
372
3119
3836
3955
2988
356
1169
3500
429
1169
1408
3689
1829
2238
3182
483
4051
76
3774
3225
3798
3431
2343
2338
4027
3164
3146
1248
1749
3442
2994
3767
2692
1461
2600
1484
3046
77
3431
472
1728
2279
2855
3554
2168
2386
3251
3381
8
3763
3527
2534
1587
2295
1822
2998
3614
3920
1056
3802
3786
2472
326
2887
1688
3195
2354
1495
80
1554
2741
4074
825
2715
1218
1560
2033
2576
559
2221
3100
4004
109
1080
3307
2327
2281
751
604
1943
2279
2154
2795
435
875
1044
3778
2723
66
1843
422
2796
854
3051
3940
2886
2792
2136
3120
2477
2197
2967
2078
357
1979
929
2628
3840
1678
2854
1330
49
72
1184
377
3429
124
254
3578
3688
3388
2008
1200
2195
276
3181
1920
512
75
2753
1676
710
1340
3390
2803
1970
3158
2489
809
2164
1641
813
1741
2935
2650
1775
1610
3885
3451
3935
3663
1226
542
469
1305
2094
3951
879
2194
44
3320
3793
3261
3870
2983
3978
4080
93
4084
1511
3012
681
726
2738
440
666
204
1170
3497
2387
890
2138
3681
3897
2507
2348
2063
2489
363
3015
1084
686
3242
1735
3994
1238
2871
2874
2804
2389
2572
869
3383
3704
582
2940
660
2538
2740
511
1325
591
3367
1826
3866
2181
3866
189
1469
1695
1607
1205
2252
1485
3083
2271
3366
190
1706
863
749
2776
1003
814
2053
1736
1564
829
3942
2772
3862
533
680
2690
453
2962
2863
3911
3386
572
1527
3183
1878
1074
2008
3036
246
3405
2230
601
3076
2345
992
2677
2453
2517
2109
3123
2007
2353
2912
805
1509
946
4094
4072
3078
383
918
1406
1948
1135
1562
2098
3239
683
647
4040
1298
2632
704
1259
2694
598
3764
242
1288
2576
2185
4023
1164
2019
944
2013
815
454
2859
2761
2514
98
953
1876
3894
3557
4065
717
3572
2021
277
3302
1631
77
4005
541
1784
2295
1377
3143
915
2616
2149
3770
1570
3421
1889
1985
1594
1809
3706
3674
4001
3714
3674
689
2709
70
3127
3231
4026
1324
2415
2362
4069
2925
2532
2018
2891
1823
122
669
2131
3360
1012
1654
2536
1724
3010
1594
866
2148
3868
3376
3224
1965
3695
431
3568
2870
1464
3413
3271
2313
4091
3432
301
1657
3184
3685
1332
693
3129
2898
3303
1105
1605
816
2597
3009
725
2875
3194
1792
1165
3253
736
85
2806
1682
1165
4060
321
1395
3471
3071
1448
3120
799
3751
1375
1730
3228
2494
