13303
4843
12920
229
12754
9677
5702
10334
4824
16054
15313
2778
10988
3271
2043
8902
219
12004
13129
11551
10854
13300
10193
6283
1133
9238
13360
8641
15914
8058
5309
4456
6332
13061
5081
8179
13465
15041
12681
3100
1352
14735
8897
16353
7821
10107
12066
2883
9790
6265
4920
300
160
2534
7648
2834
3093
5451
15802
11408
3010
15356
648
10358
78
8739
11732
5480
9100
4820
122
15618
1413
12507
5729
2331
11786
13729
373
8819
12438
15531
6262
817
13965
1246
2657
15240
11187
2404
11165
249
11693
3661
3127
11377
5566
6735
15562
3353
10853
3844
9450
15191
5793
8733
11897
1697
15271
7085
7704
7558
2052
15185
10138
9500
14653
15390
15740
13911
6313
14808
7381
503
13680
1588
10151
1771
12582
15579
7340
15008
7526
8729
623
945
7267
587
13983
2890
5014
8931
16348
5326
227
3692
12038
15773
1610
8264
7178
9770
9267
10102
620
3172
6432
9434
13604
3608
4857
5208
3442
4134
10983
13097
3281
1423
11549
10048
8530
10526
6930
15231
1249
2747
14530
9714
4875
3683
7592
12063
9705
10144
2706
4378
11172
10031
10028
3253
4990
14475
3854
2467
13703
15909
9437
2603
4248
13664
15158
8715
15597
9946
10600
2042
317
14003
14021
1457
6858
1981
6132
12835
15150
15823
1259
4690
14663
15560
6664
2211
3087
14069
4396
3858
11724
6373
8413
1511
1582
7765
11339
15482
14500
7180
6610
9969
15047
4858
4176
6271
4759
16283
3583
9076
199
14967
2107
10768
9159
16086
11627
15498
1485
11192
5929
6692
3986
9106
3797
11004
3948
2707
3094
1049
16040
10367
13684
12595
12559
16281
11135
10737
3566
6828
12059
13068
5791
2337
3629
11617
4998
6998
13731
7748
4370
3412
4640
5566
8439
10024
5423
14503
10887
2344
1930
6275
12442
3367
13633
6391
10721
86
4706
8381
5802
2412
13067
12687
15886
7590
6614
4590
8099
10525
623
15026
14927
12445
4104
11388
5561
6737
10408
5598
10614
15203
11895
9405
15617
2232
1834
4605
1128
9766
12945
14772
11884
10951
2208
14134
6774
4275
2758
6271
9593
7797
8855
15791
55
7235
8625
11280
12491
15098
3570
3932
9463
3000
11881
7562
16114
3877
6563
14252
4959
7342
812
9094
2489
16126
11689
9281
1656
797
10949
8762
3358
12446
3833
10427
6406
5972
11131
9125
1256
12198
2330
10814
14582
7987
6630
8924
3222
15770
3663
7399
618
11200
14364
8220
8352
13135
1874
3489
4916
576
5569
7976
10177
6666
2771
8078
1737
3358
5449
4561
10678
7200
10205
6699
9170
8812
5216
9223
15099
7106
7221
13344
4443
11899
4453
15040
4279
5387
3786
8286
1804
4423
5514
5745
14307
9038
6294
5167
8808
6291
16277
3090
1212
13979
6069
9741
3554
376
1895
8688
5461
2063
4269
6171
953
14410
13858
4226
11869
4796
11370
8334
15591
10829
6676
13011
7117
9890
2806
14866
9576
14533
13196
8171
10906
1722
7101
15850
14839
13183
14299
56
10781
9146
10892
8394
13643
10522
9276
3480
247
5267
3138
11349
12030
15972
6482
3068
3303
9608
6441
5792
3181
15504
6245
4351
3355
10280
6249
6796
2175
3860
8026
9381
5272
4595
9322
15335
7930
3742
5942
13491
11834
5555
3165
462
11792
1634
3594
14593
14300
14868
5136
1551
9398
2237
3732
3869
3545
10181
12949
9936
8346
9953
13513
5618
12890
2993
6823
8569
5485
12273
9515
15731
12664
7146
8961
9035
4189
14268
1521
5908
9499
10216
12405
5910
5285
10430
7168
4177
7128
4614
10637
12617
8647
5956
3553
14863
9986
3019
9356
2607
7992
12540
10054
15442
157
4882
4086
2726
4407
2434
9264
15625
8411
16330
4523
12296
3580
2822
13334
7064
15650
3828
5661
13251
632
8399
1283
13072
13911
9526
10153
12484
8053
2189
10789
97
291
4444
1491
10752
1721
14117
11528
4203
7110
1299
6816
11445
4765
1609
3946
8964
41
1613
1020
14504
12886
15036
11444
2337
16115
1351
7950
15903
14068
7667
12259
2620
9880
6956
9656
3856
15925
6742
5096
7299
8305
5175
5072
10419
4042
3780
6018
9215
1527
6443
12214
10748
3104
5867
1692
12946
14437
11779
7182
16321
3497
7338
3630
14714
12827
14835
14003
15075
3847
3969
61
6395
13677
16035
15531
2879
5745
13271
11164
9991
7715
1097
12848
8226
6179
13180
14820
5766
9841
14347
3412
8440
8303
2016
8198
9440
3902
9762
975
3728
439
12218
14777
2099
6487
4003
2981
3861
1328
11305
3906
1739
2275
12967
12972
2051
5556
4978
13036
15877
4532
11554
15948
815
9286
16153
13082
7629
13060
842
6603
74
6762
5316
14167
12876
11987
8966
606
5127
4003
2026
8798
13710
8504
223
7232
5368
12323
5336
4560
12088
11706
5008
9728
3245
2183
10357
11599
6496
14898
16066
8520
15049
3402
10161
329
14958
6418
2340
12519
5922
4624
15320
15615
2685
11941
5560
2347
4164
4386
4208
880
3585
5730
13743
395
10323
2617
5622
15830
2730
3173
163
1679
2932
1936
13490
2018
14314
5920
5371
4617
6193
9389
3582
8144
8639
15658
12542
1916
2530
9130
11514
1202
5853
9066
1729
4859
12868
15054
12638
3675
13374
11154
1574
994
10571
13446
5200
14633
6983
2184
6397
12865
12086
9549
4302
8534
1156
16131
15556
1810
12959
14142
9031
1911
14222
6284
7180
11306
13888
605
347
80
14225
14708
8502
4670
3259
7416
6573
857
14038
10089
12807
266
6379
9539
14002
12882
13846
5105
9968
12508
6127
4912
3900
2527
4018
14008
3876
14172
13860
4041
7907
5873
3914
293
1367
8390
5446
1373
10488
8917
2206
15612
9511
8324
6776
2822
12921
5624
16287
4348
2653
15809
2582
10569
9534
9392
2516
10150
3363
12314
11
10112
6602
2291
10696
15987
10046
458
11322
2483
10786
11295
15596
4660
13705
6144
10867
7223
14279
15047
4760
12863
1880
2351
15244
6081
12585
6223
10159
108
9273
11999
11616
6946
9482
4854
16265
6942
5401
11962
10946
7934
9146
235
14354
2304
12172
1375
5497
7646
7385
5563
9407
921
12397
9174
9213
10606
6977
13439
13066
3777
5585
2119
10609
13137
16238
12198
11479
8204
7645
9285
468
2159
13841
3280
8149
4183
6193
7233
5765
11757
2788
9152
12127
4922
7172
2718
5336
7071
9409
3883
6835
1643
4002
8003
290
7966
7761
6535
14851
5839
6940
11477
10029
11437
766
6956
15894
5832
6245
16170
5512
8090
2533
10345
1535
3453
2864
6566
9954
12060
12976
13257
6150
713
1610
11031
5969
2422
8942
14488
5455
4709
5757
3195
6741
5029
3445
347
2954
4004
12336
14390
14974
907
12825
1926
14752
6948
12876
9484
8477
3920
8929
3528
4329
5899
16295
14401
14894
15477
11692
14383
5059
13917
851
2559
3637
3783
15144
1614
7461
14186
1388
1109
2124
6855
16200
4094
12496
11898
3221
4720
13526
2565
10215
540
4926
6581
16171
1916
8978
2862
5678
1488
9060
1898
15411
3295
15846
10888
11286
12360
12568
8962
15367
15090
1681
13901
5127
12234
2002
7173
4683
11090
2421
13620
319
10630
1707
6648
9921
6668
739
4366
11924
7163
8463
2347
7202
7094
2021
15662
2444
810
10861
1128
12518
7725
14980
9568
1720
12493
9331
13317
277
13682
13120
8057
5427
1143
8588
1472
7504
5552
1714
7697
11594
2416
8525
2317
3310
14418
936
6155
15204
13874
10460
2210
6024
143
5605
14020
14884
13698
12469
5355
6388
5361
208
2150
1855
718
14088
3854
16361
13594
3036
471
6388
5959
128
15581
2367
53
3499
14349
13098
9584
1867
2383
10239
9542
4093
625
3249
5151
9453
11438
5369
2479
6720
8557
12418
1110
6159
16328
11270
7425
11179
16293
2094
14652
4646
8854
1600
4031
2919
5861
13622
12386
7670
224
5736
15259
4876
11537
230
4391
7391
12392
4257
13666
2408
1973
3431
9909
3789
15566
10774
7148
13156
13063
16055
3943
3993
7500
8279
12531
8309
8836
7997
4049
11438
2141
7723
11900
15981
12365
10474
2112
11105
10133
8330
479
12937
13323
1659
15553
863
13367
12793
538
977
15132
7956
567
2460
15330
7883
16193
4973
5769
12859
8498
928
3170
9397
3080
5979
11952
11811
14287
5157
10301
8475
13153
8908
4984
3198
15017
10892
14612
2455
5638
4715
9378
1650
11668
13430
6697
1378
2086
900
11308
5931
11273
11378
13423
13386
11070
7788
1938
4892
3454
4635
4130
12571
6322
15977
2855
9877
4733
11003
15631
12580
15346
15307
11904
14036
14346
11593
14588
7746
8426
13691
11769
13353
14864
10218
14304
13599
13112
9364
14317
11386
5510
8106
4349
458
11868
10450
7752
1637
12624
11070
3032
15156
866
4299
11913
10019
1809
2303
9869
4794
3970
1879
15817
14730
4986
10877
1671
7812
5651
7923
8907
10747
1862
13051
4685
8796
15843
10382
15117
11956
12953
8037
11034
15421
15731
514
14123
5683
14071
12638
5367
8657
12218
10732
2828
10992
613
15834
12505
9054
15517
5524
13038
5418
1383
12739
1175
13463
6579
14683
5787
9359
3089
10969
7243
6215
3522
9191
14830
520
3644
2093
12390
3577
16163
27
3936
4250
14345
14317
11956
8517
11360
10866
2851
4916
7849
7230
6442
15026
1476
5708
8438
6520
14911
6903
5286
7916
6542
1407
11828
6931
2920
3387
4980
1940
1279
13955
13270
863
2409
2366
1044
8254
3292
9587
1872
9400
9504
9060
8708
10885
14339
2096
648
6874
11042
12803
3364
13257
13991
2735
13421
6869
7415
15320
9726
10868
164
13710
9862
1209
14669
5519
11726
9806
5177
10560
5618
2766
5986
7228
13016
11979
12776
12975
7156
9209
15812
11950
10037
1475
14252
2905
10597
3322
15826
10146
3820
15089
2899
10244
7270
11491
15684
1780
13818
8034
2933
14431
5033
6465
14738
13823
15299
11202
10646
6665
12656
3646
918
7472
8126
3257
1003
13559
12167
4811
7774
11794
6991
5123
5405
768
10588
8204
5144
212
3425
3509
7169
13195
1359
809
4343
8212
6693
10639
1715
5290
3505
1899
598
6693
14982
16082
6134
11245
10992
3207
1308
8645
15037
11202
11778
6615
11567
7333
1107
12830
13364
990
1827
11935
799
235
15691
3913
1795
4357
7603
6783
12806
2779
11584
12678
10463
5880
457
2750
1824
12086
13999
13054
14157
2954
5677
14831
13407
5129
4705
8223
801
15034
15746
987
9644
12420
9873
743
1642
13265
7128
9114
15521
12678
13353
14273
1835
6409
613
7834
1845
11918
12510
7469
6085
8313
4284
11106
5451
4170
13911
15881
10779
11375
14362
6319
15153
14173
10021
4986
9117
5112
7868
9181
12346
6014
5057
7712
11718
8257
9840
14088
11494
12218
5580
1938
14924
14591
14127
8293
3748
1571
2608
5067
13865
14241
5399
1851
1048
12206
2802
5745
7998
8658
7113
10516
4486
2141
15451
2447
6064
13684
8445
7798
589
2378
10824
4354
10804
10324
16122
10481
5681
13007
3428
6534
14572
14739
3403
15000
2884
10906
6926
11313
7020
13020
11254
14784
3217
9527
12086
283
3180
15757
195
1459
3592
10349
15821
11324
124
6857
11341
16010
14579
13004
15140
10678
5258
4712
8053
3337
13527
4450
4147
11468
5018
14421
13851
1510
1063
2496
1608
13012
6965
14976
8841
7207
7770
1808
8612
6661
11781
2848
13658
13564
13786
2211
1017
124
14500
685
63
10951
76
7745
2201
3038
2242
8799
8093
13585
12135
1630
15140
13895
7083
4877
5296
7524
5221
15924
1229
9877
8785
15996
4789
10075
1640
15633
891
12052
12579
14251
7787
13533
1252
12838
12642
8511
3807
15172
9352
8066
12936
12860
317
4187
392
15474
9512
5340
14398
13634
5815
11988
7553
10232
6187
3293
3281
13596
1904
11034
434
3885
9051
15484
7518
10114
2195
9092
15793
15871
132
9785
13882
10740
10608
15351
12745
6149
10255
2966
2577
7646
856
10787
12598
4150
2265
701
7255
14915
5592
12468
2410
2555
12538
6816
6231
3672
4607
15315
2999
10929
4446
6632
3171
8012
8953
8149
3468
14746
7125
2894
9790
16266
3483
3215
8999
12737
7381
10049
3277
4021
5633
15508
16115
11176
9997
167
1913
3354
11982
8089
3286
15921
8129
1187
1120
870
11313
6182
1022
14402
3391
1522
6733
13362
9689
11142
1755
13958
10146
15697
4462
3093
15179
16136
13852
153
14600
10584
16302
11131
7943
15800
1931
8154
8763
8413
16196
5072
12954
835
1131
6030
395
6582
1021
1979
2009
8796
7596
2866
10599
7005
2901
14027
7333
13269
12761
6628
8871
12344
1973
5183
4019
3758
4329
458
1892
7702
15099
12713
6313
3461
8831
3359
3508
3324
6844
1904
12095
10645
5849
10669
9896
1404
14912
4719
541
2108
13762
9451
2170
2107
3596
13532
1046
11618
11933
12327
16069
3395
4712
5919
2736
2039
10055
14289
14250
4467
12986
7088
6011
7296
8251
7827
3433
8202
6736
8686
1695
582
10798
13569
8414
5864
15861
14172
3188
1860
13204
4333
11681
16117
2058
12981
9439
13161
7097
7916
15836
5634
7265
501
4146
496
12776
15803
12168
1681
1362
7727
15277
16035
11570
1000
3378
7685
2522
15704
14022
10974
9439
3750
536
3724
11457
13652
15392
10485
13511
13191
1439
3530
10174
14187
10989
3433
9527
15609
3896
465
6412
11112
6781
9087
15555
7279
1265
1159
4496
5551
2403
2996
2873
1096
3326
13084
4825
1972
9729
10116
5116
3672
7196
5225
8849
12604
7506
2734
3024
10687
1845
6185
12088
942
13282
7828
7397
2283
5907
12852
3895
3585
6914
6601
12946
12478
4441
8694
4518
11632
1156
15721
4720
9552
5453
962
4972
11573
3794
1013
12061
15704
11002
4457
11819
4657
1899
14777
6257
1033
10452
15055
688
9766
8848
3090
8086
7568
15733
9448
9597
9781
4017
6777
9622
154
13294
13840
8509
14269
16333
15161
15822
3353
10068
3201
15
9198
434
5214
15447
7427
2056
1530
4507
7861
3557
14565
1193
3684
746
9570
4942
606
6414
13812
5948
8455
11999
14754
9932
7223
12774
7628
8505
7978
1500
6808
1280
10468
13742
1192
3265
6568
1973
12125
10514
5801
7653
6456
9830
12730
14144
3309
8696
5511
10850
15222
4615
7457
13668
11323
6336
8147
12460
3328
6515
15996
11583
12192
14419
6005
8373
10765
1156
9443
10807
2733
3515
14111
12809
565
4892
857
3100
11397
11134
9624
12964
12680
15788
10968
281
7305
6558
2677
6986
8688
9009
1545
805
12003
1819
15337
524
4586
3366
13281
12680
12588
6257
12005
8215
7123
11377
7987
6566
11196
7086
12651
11570
13499
7618
12391
14483
10440
16266
605
15918
1036
10470
5458
2796
9701
4130
15405
14738
13951
4469
12858
15734
4410
13178
11378
15406
4094
14864
11362
16145
4315
2890
740
4066
5381
13087
15346
10149
1412
2451
3374
2237
15631
5263
7263
11175
9301
454
7865
10731
8640
9868
8865
4485
2877
2502
2805
2399
6633
8797
16266
3477
8555
14822
5868
3473
4102
1701
12985
1570
2149
3845
14335
11233
11736
2167
15590
11741
7444
7735
1821
4342
3339
5380
10203
5498
12107
9438
850
14228
12908
11267
2033
2462
4551
14594
12583
145
15097
5542
14836
2602
3814
2361
9288
12518
4352
5005
10866
2978
14140
7059
15300
4970
5098
4165
3761
3760
11402
10410
1450
15199
11285
351
4398
12183
16352
15542
15217
10615
1928
4679
6690
12178
8560
9550
14129
8850
13522
8124
10565
4617
13437
2484
14563
5614
7045
8013
8796
11504
7598
16134
7532
779
8076
16186
9447
3817
3240
2868
15369
9486
3037
7010
4315
1410
6378
8482
14071
1181
5620
8078
4436
13234
15159
549
15920
627
8263
12531
4276
668
2614
10465
1122
9294
15020
5885
7558
10885
3982
13223
728
365
9670
9735
15374
8818
622
2534
12194
13278
13554
3527
5360
11876
2468
13661
5977
13645
11307
691
5043
14653
668
12905
13467
3244
10209
1245
15122
4656
16147
4849
12724
16146
8746
15149
1557
2669
1662
6302
561
1472
7449
7720
8276
14823
10700
6964
5248
15321
7420
11737
8796
14048
7671
9790
285
11947
8095
4416
15057
6852
16135
10282
4511
4063
1133
7220
354
3805
15678
8691
14161
10991
9997
4716
118
16309
9946
6578
1275
15405
15313
8955
1569
8949
1330
7703
12037
9188
5637
1764
1471
11337
9041
10199
2599
4709
2776
5647
3500
6486
13807
14053
10705
2689
11971
14397
7158
2536
2391
13117
4415
1029
6468
16381
13906
975
11158
9546
9276
7674
9517
903
14996
16128
9671
13852
8857
12065
1607
8446
5789
16263
9175
13347
2588
1522
8115
3957
12319
16365
6813
10308
2349
5295
6396
14740
6647
3387
6827
12443
1902
216
11888
13056
11693
4279
10352
14525
4811
12283
13556
2205
7826
2347
6303
11299
5825
11446
4329
15838
4324
6479
7089
16355
3385
5994
9630
15011
1334
12322
867
7249
10375
2248
14412
8914
12970
11156
3626
10147
12109
12186
526
11090
12041
13523
1599
6755
4402
15873
12433
8487
14471
1939
6612
3483
11900
11076
88
13496
16186
12637
14558
864
15722
2500
15784
13964
4226
6079
7508
16380
2671
7658
7380
8132
13192
6024
4768
1991
3034
1986
10326
16200
6928
7830
16184
6440
5973
6147
11685
7078
13181
2212
6434
4533
3700
7930
8196
9849
9593
14398
4852
6324
2732
10736
6883
3638
8993
14253
4534
9201
12914
1700
7228
6773
1572
14941
15657
9376
11506
2354
15659
9438
3729
2814
392
6830
10311
16177
5706
6855
5619
8066
14874
5771
12177
9903
15214
13000
1323
8715
13472
5719
6519
9399
3521
3488
3448
10224
10101
2312
11479
3160
11721
8574
13233
3184
12204
10655
6374
16229
11416
2767
10947
7152
11749
2181
7332
11400
5046
4932
15512
974
3211
10524
9746
6099
7733
7073
6439
13670
8781
6525
15457
5342
4843
4118
14777
10214
8604
8901
2939
13095
9516
2105
4153
8487
10133
12425
4779
16095
588
1752
952
6805
15601
8855
14004
9529
9353
10006
7728
11572
590
15070
4461
3141
15593
3786
2577
2831
1005
15081
9818
8622
12818
15675
3678
2310
16267
690
10137
11250
13089
3343
3133
10401
12700
6312
7917
5139
13003
3054
5801
12546
16062
10021
9419
7108
8007
7176
7480
5421
10997
3110
10811
7586
11172
14659
3924
3804
1010
4455
13176
7382
325
4133
2885
2288
15082
1487
3017
1237
7772
2802
3107
14764
2610
11224
5022
1429
15763
13786
1317
16055
3358
346
13390
3532
10218
1941
16098
13364
206
1668
8775
469
4949
10447
10994
6469
8553
13274
6703
12470
1636
8052
1962
10913
4480
4836
3165
10504
1409
9759
9195
3767
3691
16063
4284
11271
9289
6556
3957
1864
10789
3719
640
7328
9112
15506
5698
13921
11457
263
6580
12241
13076
1710
2767
8682
8085
6541
11041
15431
15254
4964
10134
83
4613
1585
8057
4983
12073
12744
5524
2987
10646
9026
1657
15758
11706
16212
13040
12830
8762
10857
8501
7555
2499
4398
14451
9413
1413
11147
13412
7911
2297
10591
8716
11919
1613
15908
3753
2149
1812
8973
4390
9271
9167
6826
15789
16134
1232
13434
2514
12973
7024
4093
9053
12659
3815
3194
15998
16228
10202
14562
12290
2739
3837
13623
12792
9782
11195
4437
14350
8995
12459
2778
10018
13636
10321
14315
13571
11265
14612
9767
14021
11463
16292
15313
13180
4775
6272
3410
1171
2835
13579
14965
2082
11490
10513
2197
10402
4756
3597
0
6678
9864
14683
6585
436
11279
5295
1372
13271
9047
15761
9658
13275
11891
1478
14952
1043
15735
3141
10758
3158
5382
15569
11557
9298
12224
13687
13734
11330
206
14519
13652
11303
3265
1951
3418
9455
12633
15116
15226
10565
1728
3843
2570
15881
12332
957
11820
1466
1532
7536
1842
461
8809
13045
9778
8332
9739
13404
5040
8590
1877
5088
6639
4790
2196
13280
10592
15155
15875
14799
13752
6546
15282
713
9780
6863
3536
6577
8936
9096
4135
1250
14163
12245
8178
12882
14279
10598
3054
7555
7141
1127
2645
12456
8902
9169
11465
926
1117
1826
14046
9160
11736
4741
15318
13277
13884
524
7191
0
9305
13177
2084
9834
4403
3148
7125
3163
16173
13016
879
5325
2494
5512
4971
11937
14252
2896
2914
5337
13417
6957
5583
9210
2653
12958
15412
3689
6001
12333
15273
9625
11768
11628
12294
6407
10115
12509
5331
3993
1963
4227
7069
1184
7672
2668
15673
1217
3100
4362
7912
10956
4081
12415
5895
8428
7379
928
11796
14779
15745
4415
12745
15734
2202
2663
7330
9210
4567
15680
4596
16300
13267
9637
6519
11352
10731
505
2452
4085
7458
11191
13062
8536
8450
2505
7009
4778
4521
13485
8074
9222
3087
9794
803
8903
2399
15361
10590
4222
6931
13397
7321
12701
15402
2957
3733
14579
16175
7137
15695
4565
10679
12466
9101
3894
10357
8677
6137
8376
13721
9582
6229
13607
12967
13404
7698
15162
6061
3731
13069
8529
8169
4725
15311
10856
13324
2706
11516
6444
12710
12328
11886
11399
9060
2765
10695
12019
5479
3502
15190
7132
11110
1313
1250
12021
7053
7800
6688
4886
12298
8980
12798
9806
15647
2848
3657
805
14950
10233
10997
8657
4034
11286
5420
13999
2497
9191
11770
10203
173
8336
14120
4253
15321
8508
1725
10379
9227
7177
6109
8346
6580
7710
11883
648
7682
10411
10737
6401
15810
13791
8595
3044
5646
2358
15490
6787
7060
6723
10473
1595
45
9492
6648
8266
12219
15190
7472
11057
9738
11344
2301
9616
4898
9825
6132
14859
7213
6422
6654
7393
8213
15689
16344
9051
8366
3260
12273
7815
13781
9189
11133
4544
12715
3005
770
15576
11966
7180
13966
3764
14906
395
12450
13474
6051
3478
6214
13956
12567
8549
11953
15370
2277
8078
9075
15414
2908
2087
3315
1537
937
11867
2403
5620
7697
9006
10294
11433
14140
352
6515
9116
7939
15597
11951
8400
5671
7219
16383
2983
8854
3137
3798
14896
9141
5778
5955
3387
11543
4354
5833
3479
9396
8449
14760
6500
215
15198
6510
14624
14267
8494
11756
8563
6086
15445
14586
12809
6796
2263
2212
5796
1842
3412
12439
11921
7360
4667
13016
9264
12806
8271
3608
233
3860
10505
3961
9604
3719
10544
12872
10728
11211
16300
13446
12507
416
12296
11962
8461
10360
143
14850
5669
6444
12917
4539
2968
9759
11219
12465
4308
10556
4490
682
15080
14118
6324
10236
4169
7910
14278
4508
8111
6553
4887
10918
6348
12003
16238
10450
11407
11456
8976
2367
10358
7424
680
3381
3088
14561
511
15336
8478
15290
15826
5077
3702
8687
12828
10883
10388
6439
7609
6374
3481
13672
13764
10423
11459
5649
9345
15134
4977
14068
8778
13479
8590
525
3315
8598
8716
3066
16213
16230
14039
13344
14489
1945
11140
11336
494
9656
10805
4379
4207
1314
10895
1317
13668
10311
2930
16104
175
12542
15391
15324
2066
14948
16127
12611
1603
14850
7273
13244
13729
1107
1112
3871
8812
2842
7351
6490
13074
793
13371
11034
2835
6195
9642
2565
4469
14294
4905
3045
3780
15319
4000
3200
13461
5401
14904
6191
7719
13260
814
9605
15018
12355
11747
10204
11154
635
1069
5794
1319
5512
14230
1576
4950
1060
11200
5331
15921
4735
11990
6253
12382
10824
15000
5659
4668
10290
4480
7408
2847
13112
14980
7099
5944
12194
12746
5893
7641
13134
11250
12266
10685
3453
12075
11390
2986
2294
15761
8831
16224
2841
8112
6223
3017
1161
15320
14538
2506
2537
10414
1282
4452
15802
6060
15400
3993
5759
15938
7978
512
10235
342
3534
821
13892
369
3540
13254
10051
8766
9611
13496
7971
12071
395
14275
7931
6716
8080
6557
1795
4693
8159
5852
13513
7138
5843
2727
8559
6442
4360
5362
7956
9411
8521
11703
11038
11058
103
9906
8817
6017
11759
840
7176
5027
10825
3495
12287
9859
3848
4673
9230
15160
15318
3263
4481
8302
5529
4297
5993
4090
273
2494
7144
9674
7182
11980
1371
3006
9099
6600
9439
12979
9803
15096
13965
2579
11451
7809
3071
11763
14835
3094
4535
9033
10304
9129
13956
4570
1831
12742
10901
16017
11643
14398
10630
261
6509
11463
8550
2977
9438
10402
10288
1363
5256
15501
3014
2895
5394
12536
15258
10045
5829
15545
14062
3879
2051
8686
107
6648
6456
2447
10191
7662
14016
8556
10406
10937
16288
6104
5539
15492
10399
14058
9386
9311
15438
10005
9150
5446
14313
13140
8106
11083
14216
1926
159
10849
4510
16302
12297
15046
11663
4599
3626
15651
520
9479
1945
5378
6691
3159
11673
13290
10162
1496
4724
9323
2713
8639
8350
5765
2875
11934
8338
1255
8258
11830
738
15937
9895
14084
5653
324
5156
1883
8929
1705
6345
14019
12323
11147
26
10722
9420
6418
1553
11705
11740
4427
13745
1293
1738
852
9440
15522
16033
846
12284
156
4275
3426
1424
14855
8662
12230
5164
5145
12394
13983
9635
14947
6808
9237
8401
10890
15472
5655
8778
8614
10612
2023
6203
9539
2763
1482
5307
11846
3114
7552
9541
7919
9280
2899
10815
11698
13179
3804
7512
7072
5576
6888
430
13799
3853
12722
11111
12276
8700
4066
4851
14132
14128
11875
7435
14345
15272
4003
126
13406
8652
1824
12443
4455
15793
8463
14776
12568
8371
3285
1066
12671
13777
10444
3371
15164
15602
4956
13197
6081
7705
15664
11153
4775
15039
2089
7519
9452
13301
14084
10371
3798
10913
12755
13546
7503
337
8783
10969
8255
2235
1795
11467
15200
3054
11457
12608
14215
10475
1920
9113
606
7600
3500
9485
11563
11600
11169
6161
13497
802
4362
12039
12068
14052
10127
1383
358
1307
8466
6097
14394
3422
4829
260
5023
14774
11181
16112
16053
392
6021
2510
8390
6525
2742
10919
7229
13319
13863
11202
13758
7627
11020
14852
15208
10229
15034
812
13600
3650
8908
15804
16146
4844
3881
8576
13351
11155
14429
8881
8143
11275
10623
9651
492
9169
14075
270
986
15711
12333
11720
4384
8297
1435
4091
13584
12780
2140
12280
787
2719
4730
1976
13621
9709
4529
7379
1293
9927
12599
3725
13810
13061
14274
12523
3339
1576
6753
6014
3438
1660
4155
6104
1655
526
4411
9212
9377
6603
915
12180
3767
1178
917
8025
8106
6726
13732
9999
11994
10127
5447
16230
3996
11571
6352
301
8238
6016
15533
8934
16201
10241
1609
14335
608
10220
4600
9578
12021
984
16348
12920
6576
9874
11382
15887
16197
5223
6456
8825
667
13956
8014
8319
12369
9895
5946
1948
1414
7505
70
661
10515
11636
3496
4713
15006
9698
7612
14970
1896
9130
15933
2586
5093
8701
11557
3072
1442
3380
2519
2535
10868
6199
2275
12057
4563
5826
14755
6030
12424
169
1119
12841
15925
10321
14823
5754
831
1073
1103
14275
12897
1374
7618
13048
7234
16242
13975
12394
7528
3791
14356
10196
5116
4342
2843
7941
15588
8947
5675
13536
2868
8513
15451
16369
15825
7455
3352
7191
2636
6938
16269
12412
188
5023
1103
338
4603
11972
16044
14855
14391
11172
1759
9217
4348
4319
1675
315
3704
5590
10788
2548
12237
14857
15030
16309
124
14069
8105
2180
8126
16002
12124
14854
3444
4438
10959
3870
9835
12602
1506
10852
1495
14139
631
2698
5998
14497
8276
11563
6420
6795
15734
1848
9336
6018
692
14840
10388
6911
4948
7025
6071
12926
9674
8973
10265
14452
7863
15466
334
6997
5887
4844
12724
6640
3272
56
13622
5023
18
6927
3061
2012
1669
5069
9969
7042
3586
8756
6933
8113
10886
8177
5307
14455
10961
4764
13082
2407
6353
9300
9336
16041
5028
1365
7419
14994
11842
11100
16246
7575
15001
4844
13519
13958
7904
4016
1322
12580
10114
13728
10889
5611
7648
11859
1287
13497
10221
12193
14669
7745
3199
4330
6782
5313
12790
10181
6166
16160
12167
13931
578
4273
3907
13897
4858
15634
10938
15717
6459
191
3924
14794
16005
1678
2087
4686
12294
16112
11756
5843
5727
1859
11503
13099
5914
2711
16071
9503
1383
736
7435
7971
3247
1736
4539
6389
8406
15041
12941
11048
3115
12245
7436
10446
1934
5749
2706
10220
12811
1549
9860
3583
11029
6097
10829
14478
3918
5066
3266
7566
10487
6380
4176
9153
1509
11747
3050
14886
15042
6235
5339
1950
2621
12078
8478
8993
8985
9587
3322
10739
16310
11859
9157
3503
12685
2240
858
13448
14028
15780
5125
11678
786
10328
7755
3627
8892
15504
16190
2228
10766
13797
400
1555
12766
13447
15505
7612
4469
2956
13058
11492
4937
11328
617
12053
2428
13359
13726
11111
1725
4316
8323
4741
2769
2230
15890
6343
8222
12035
137
2284
551
2700
7017
14265
9549
13769
9919
10698
11924
4317
7804
14678
6404
16046
14419
4273
2674
8701
12819
16081
10072
5248
5148
3138
11895
8661
10376
11013
6910
11265
15889
8532
510
7286
2942
2478
3870
6833
340
9316
1429
10272
8524
8927
2522
10366
6996
3856
6903
1005
5093
15757
4358
3713
6638
10062
2886
3554
4777
11818
8731
2836
8894
10720
15999
13830
7026
13708
879
3359
9692
7125
6233
6130
4996
976
15536
14361
2279
11715
402
2326
6036
2339
14138
14615
8202
2451
2800
13230
7111
4201
13775
3049
11546
185
15162
15521
7190
12215
6987
6039
7067
598
530
10495
12378
11984
10853
8476
11218
10412
748
10497
11363
13710
525
13055
15431
9450
7430
6123
9209
9576
4748
14081
9009
11277
13625
15980
14779
15825
5506
1416
4811
1272
1725
14489
2746
1862
11030
13387
40
416
10565
4991
10608
13331
2538
15337
3407
12872
12940
862
4895
3433
9591
15468
12884
8702
3629
10573
1529
15363
3200
8633
12454
4376
16050
12743
16228
1331
12058
4178
10250
223
3787
9980
6984
3831
11727
3470
11341
2580
5237
15443
4542
15660
583
3322
7788
9586
8104
8753
14117
2221
13320
7552
15920
12308
6607
4092
14358
338
8327
13203
5799
16112
6989
9444
14528
6582
8636
16201
15835
6322
4506
4440
6825
13078
5553
9568
14379
6131
3178
13427
1241
4686
4147
13024
7269
13796
15934
10906
7124
10107
1728
3582
12260
7022
815
11623
4731
6731
991
16275
7858
6715
5625
4164
949
8613
9439
5079
15628
11128
8860
14722
1292
6011
12041
6586
11376
2748
8603
13678
11610
2631
3621
7579
9884
11156
1296
549
5978
11361
6540
8500
6115
4279
8157
6203
14462
6891
13417
12589
3683
6116
13980
12900
4561
11603
324
12030
15347
9674
14530
9138
4164
951
8922
9225
3193
10210
6620
732
14310
5743
5091
15048
7546
10777
10027
3497
4253
7568
11995
15746
7572
15665
12466
11767
10569
1577
8074
10860
6018
15207
2856
4253
5889
371
377
14553
16347
13656
1091
13427
13872
12862
3254
9210
11371
13003
13641
7217
13602
9759
15554
10557
5771
9623
466
4245
8283
4985
4420
6488
9687
6019
10718
1464
10033
9392
6266
6389
945
11001
16021
12652
2022
9660
253
11839
3017
14089
3991
11794
3918
8064
5903
11359
15895
13734
803
8108
7768
3835
3581
8044
4036
12268
13065
14259
3318
5765
5838
10722
15099
3891
8124
1167
4221
8760
9120
969
12224
5362
12807
15332
9177
3888
1893
2812
8552
4023
1517
7284
3349
11682
15233
5641
13924
12130
8733
10360
15654
12576
16300
8182
311
10643
15092
11923
12450
4353
10407
12520
6030
15115
15150
11840
11852
15050
3667
9341
10449
7870
330
6835
14973
3233
15429
15462
13305
1714
5017
950
2211
8309
15048
14215
12486
4228
7424
9310
13263
1323
11358
3491
6567
10356
16072
10512
12570
11915
3282
13803
13821
11901
829
11978
13837
10452
6022
3184
10433
5589
5233
8933
5818
919
2720
11777
15312
2037
7389
418
14630
15143
3692
14229
12922
10694
8972
15718
1558
11606
7774
13182
7477
8315
3393
13383
12063
5560
10665
9389
13538
7446
11297
9380
14082
4943
283
11531
1951
8055
14957
11467
1108
9278
16155
6704
256
10086
1002
4392
8835
16221
2566
15383
2086
6297
4983
9051
13015
5175
120
12354
1361
1719
1306
4106
13701
1899
14181
7021
2440
6852
8478
8362
12893
9831
2612
6188
13829
9647
13046
9697
13472
1165
7257
6127
7112
10167
14382
14682
8505
3022
15896
11608
15657
1760
12810
2589
11446
15410
8186
8034
13831
16050
7848
14298
1238
2809
10148
12524
7273
159
14871
13025
16229
6832
12428
3457
1197
9977
11387
6927
8720
10823
5398
106
7152
15051
11102
11829
2560
12284
5251
4446
6000
13318
8201
4649
93
11693
9652
3825
3566
11021
6706
12643
15168
3034
14187
0
670
3283
458
4856
4748
8380
16022
14343
16024
15823
14980
15142
15588
10873
8955
9507
10304
1777
14919
2666
1486
10792
5700
9351
11519
1614
8089
1471
16024
9994
7303
5791
13596
6055
5933
5777
197
5439
870
14461
3029
3546
12043
3110
11745
16251
9838
3940
10719
1989
9730
3281
7487
14763
395
1051
2143
3330
4466
14391
10854
2630
12713
4317
14415
3012
3968
4674
4623
2031
1040
14496
1743
10534
13323
849
5538
15282
15674
3724
13051
8780
3013
3640
9099
6740
6574
16284
5869
13262
9312
1865
12781
2016
9024
3352
3483
11568
5875
7917
9961
11891
12100
4919
453
547
13607
2068
2632
9070
11867
6038
8965
657
6252
12752
543
8114
5335
12953
696
233
12433
4705
13669
9239
7461
2427
4126
5457
11284
2772
5829
11088
12167
14453
8964
15294
12277
8470
10000
12322
3424
10088
6816
325
8642
11577
12346
5624
5919
2182
10749
2438
10594
8195
10071
4459
1328
6159
9893
8705
10106
3229
7478
2046
10046
11545
3397
6954
1163
7352
12215
2217
2710
10392
6885
1205
2091
3858
1155
13874
2714
2684
8814
14476
14782
3058
14552
6247
6608
6697
12258
6040
4951
5695
6875
2849
3444
11108
3618
11325
12368
4192
12577
14658
11703
7222
7391
2010
11230
2303
11687
6443
15203
16088
2665
10449
13527
14135
8427
986
15152
11893
7685
9350
2287
14229
10163
3047
9791
8789
9077
5420
6797
14402
11079
4541
6488
2755
5720
15193
7149
15436
2409
3992
5891
11990
8226
2408
9237
15227
13896
9421
14484
11985
8000
820
9716
3652
3939
12336
7019
4757
11815
11414
290
15920
1168
14604
2706
4044
6060
12224
2589
98
11267
6837
5375
7338
6960
13983
10635
4252
12182
15819
5062
14594
2270
15122
390
5018
16305
13940
15628
11978
4255
4744
13508
12220
3740
5438
3383
12581
8393
6192
9154
13960
9407
11664
6429
4844
9478
6287
9205
11925
4520
10453
2115
5330
11708
2772
9179
9930
10909
9967
2854
15892
9637
4542
11222
11777
4055
3119
14888
679
5100
942
8805
13286
14663
12097
14838
5571
7369
3727
1257
15153
3505
1659
9110
9114
11562
11243
12909
13256
2831
2865
2384
15599
11049
578
3703
8321
6295
4324
14865
7229
10803
3261
5556
8693
13986
9292
756
13748
15473
872
42
14921
960
4145
13947
4748
11367
2820
2740
4578
16016
13281
7160
13534
1684
12643
15171
634
14813
3832
5588
15721
6511
2064
1899
4844
12233
3111
14991
3944
13770
4517
3203
12566
13869
10335
6291
8451
7334
13228
976
15512
16130
14911
6198
9656
14433
697
1859
14777
11670
7335
12762
13622
12890
1808
569
9548
3454
12656
1734
4646
7853
8309
5212
638
5286
15044
5616
4285
1138
12491
12286
10196
11984
5453
8370
9018
15633
7892
5736
7919
10709
8379
6233
6955
10295
9783
5215
13542
8160
15586
5222
8617
10552
5597
4118
13793
14758
10296
4955
6252
12596
9026
10150
4492
11538
3820
15744
9539
11495
3534
3201
5765
3761
13792
10947
4595
4157
13468
6637
15035
3873
958
13352
12923
131
5910
12367
436
11480
9655
3367
6801
13490
5772
15109
2837
15044
8814
5118
13789
11738
7656
15276
6500
11119
5545
14394
10666
11720
4275
4334
9191
8864
6698
738
9351
11684
1486
9742
5478
1050
2360
1828
13631
12024
10537
2527
15401
15190
1499
2489
15145
13811
16268
10137
6388
15516
13594
15864
1504
5343
15502
14805
9916
13439
15396
14993
6392
9228
15224
9624
14115
3139
10485
7686
14069
1558
273
10204
13359
9959
4098
11623
5359
4615
13268
12638
8171
6311
11476
8683
11425
14498
130
7180
7647
3569
8603
6476
10484
7236
14785
6381
9455
15730
15162
3898
12761
12069
7438
12949
15945
10809
15859
1875
1811
12907
1936
10235
13140
14795
1620
6767
5006
8204
3201
14383
14288
2471
14737
8334
5099
7870
6963
12078
16288
13432
4364
16062
13408
7692
5488
1890
11691
12011
11571
15861
10737
3745
13531
1996
585
10586
15845
15398
3203
10454
10287
1074
12439
10559
8700
8026
4688
11004
1509
11494
8211
15431
13878
12753
13742
13916
11309
14969
716
10934
11266
16316
9019
8471
3613
15214
7849
12968
14592
1921
11984
669
7634
15194
12707
391
7785
676
2673
2660
13875
9893
6278
12118
10155
1011
870
11574
8401
14453
4128
8607
11519
15010
8575
275
2256
7378
1528
12718
206
16232
1085
538
6613
1947
14774
7627
16303
7049
8981
2532
14484
2023
13056
14499
15840
3359
11520
1938
6004
6820
1645
7979
12835
4543
3926
12877
3591
13985
11646
3972
2796
9081
491
10630
2570
10486
2084
99
6085
2518
12752
15811
11682
12739
1494
2219
9978
13957
6224
15584
5680
411
8753
10334
9131
10623
7336
9549
1661
3862
15081
14048
2973
12058
12977
12538
6127
8210
9760
10103
9408
5447
10013
15822
4514
11711
3885
10879
15398
1719
7769
13984
5323
2600
6683
7482
11744
10521
12337
1725
5561
15647
6513
826
1591
4661
16359
11311
12780
9324
5780
4306
9611
15797
1526
1538
81
3712
11995
2855
7647
185
4872
13448
5609
3110
7479
4860
12135
4044
6029
15443
2903
11955
3011
13884
16059
11195
208
6760
6955
2602
13032
12751
10393
7124
1544
6442
8705
7305
676
14573
12545
11363
7991
3065
11499
3346
9965
3834
16064
7821
8234
11345
6747
1925
9726
3736
10580
12598
8734
9962
1844
5326
6996
1181
14245
9611
11307
14318
10729
14162
12078
6177
4750
6041
6213
9402
5860
15493
7916
13699
923
5297
9789
13278
14144
3831
10676
11131
14727
2428
8725
12527
14182
275
15530
5137
15425
11241
15676
8487
336
10981
2589
10451
8585
13785
10453
9653
15086
10207
12737
5028
1994
1614
7816
4116
1233
14615
13107
9193
9213
12249
5526
10690
7871
1601
837
11294
3060
13902
8198
9245
7959
3738
2583
11628
11250
10274
3989
3873
1715
446
12178
15848
8768
12150
4332
15760
11538
10792
6556
5277
1935
4982
2529
8307
675
15908
2534
12857
14942
11799
1902
11241
5103
8995
9322
7568
13460
7203
9734
12357
459
28
2713
14490
10187
15631
109
4912
13107
2616
11562
10426
4365
1353
3562
3969
2507
13300
11666
15194
936
14994
4437
8672
476
1723
2189
7209
13295
2993
4661
3920
13754
2372
5120
15510
6099
4992
1558
14649
4421
10520
14657
11564
11320
973
12511
3579
11601
3566
2929
15851
1478
8751
1483
15030
11635
15971
2587
12584
13927
4008
8269
9234
8262
8767
4672
15715
12122
679
11265
1400
786
12604
2643
13415
4115
4705
7556
4657
16096
5722
11649
14671
14142
2195
14058
7572
1378
7254
5940
16205
11454
15124
6517
12246
355
5031
10310
8654
15414
7784
5071
8847
12525
9688
5767
3432
5017
6568
12650
8280
3334
11975
13629
1614
7421
7390
11465
4736
6406
14912
13386
5399
9617
7999
2234
11706
9417
977
3076
1945
13558
1153
3963
1543
14245
10318
8315
11135
10562
7259
9752
1234
4508
3777
8456
12024
922
9558
10371
6792
6704
7557
3591
5971
719
11909
15702
11848
12564
976
14365
6295
11617
10550
6198
2476
15714
7036
5617
3355
789
7794
12305
16034
11495
1358
16065
3416
788
2875
11383
14385
529
10436
11116
7350
11010
4857
2395
3757
4634
15402
15163
7600
11847
2043
11190
12760
1453
1613
16062
13713
8242
13406
4787
14404
12742
7209
1494
13294
14532
1862
16227
14944
9927
7871
9902
7510
13602
5273
11146
4447
11217
6542
13632
1654
11641
10339
12765
10533
10791
5828
2617
6529
6763
15026
2531
12635
121
14037
4039
13174
13180
13031
7115
2431
1431
15963
7799
6861
15858
9550
15237
735
510
3616
3394
2992
7380
12719
9626
8229
14004
7923
12387
8992
798
10129
15729
10878
13676
1597
11383
2733
5686
9445
2746
2247
8356
6139
8366
12053
3301
10431
5465
3910
1815
2153
15137
14833
1355
15144
12921
12316
10123
15401
1539
14990
8685
9832
7644
3825
2042
1174
2851
8406
10555
1862
3934
1512
3786
1218
4941
12010
11011
7681
6389
10467
14474
12052
11688
7259
10710
13418
14419
5157
3480
6416
6643
4486
10913
392
6145
6119
6948
6440
4550
6837
14634
1115
2185
11586
7791
76
3953
2476
5712
8737
534
3990
4075
12427
3648
15528
13049
240
11203
667
4320
424
7731
813
4481
14475
9852
9885
15329
14029
4915
16091
10129
6476
5535
4985
2538
5389
5139
7561
9087
5851
11967
5998
7271
7244
15198
10452
6352
250
4549
1141
7332
2309
6196
15738
6943
14961
11977
10336
12813
15363
12123
4799
5118
9518
14992
13283
14485
5648
11132
15362
2781
15175
9619
12402
5730
13322
14537
4863
10122
4047
3555
4652
1740
11840
7831
2225
15104
11260
1879
10159
9349
8696
8031
5518
1050
13808
1370
12788
1373
487
8061
3842
7091
12402
15153
3562
4611
10011
5261
11761
12864
13006
14882
4686
10458
1657
3894
14316
2755
14225
4677
15821
9994
4326
12995
12825
8685
2475
6264
13439
7838
6449
9791
6053
4765
15137
454
1294
4255
16193
15013
9708
2369
14661
15709
9056
9241
2774
14710
3752
8505
6527
9623
4646
7114
4338
12849
11937
14961
10838
5543
5321
10393
15691
6708
11341
13822
5741
15752
12641
4529
16377
11608
1930
11792
9440
5958
11848
7519
16070
14831
2585
1723
1990
4887
6923
4681
10202
1206
15067
14922
10346
14374
10777
10980
991
4913
3674
15754
13290
16127
2469
6854
12875
12909
5178
15161
5793
2884
10883
13803
14955
9912
2879
11895
16284
11811
7584
9946
12187
8218
11829
7585
6835
5093
15404
13056
7553
206
3037
6800
6365
16158
8526
14821
14203
10254
13809
3129
14148
9438
12530
6350
13273
13125
13040
838
11943
8765
7324
13920
9667
2981
3629
11959
982
15003
9817
12252
15900
10017
12567
9531
4765
11008
12622
2142
7096
7351
15118
2212
14664
7653
11399
10855
2018
9767
15043
3734
4536
5848
10661
16144
5525
14771
4251
2782
6116
6868
15563
10522
10060
14892
2643
5762
15036
12522
355
6142
13814
4268
3427
8851
7844
13920
1652
304
9996
2357
6256
584
13300
9972
14420
5331
14475
6794
3615
11877
10024
15973
10940
10476
13720
14507
11992
14239
15600
11133
2414
13291
15271
15029
4274
13908
15709
10645
14285
1496
13483
8842
6751
2064
16372
14733
2147
11486
13355
8815
13276
12892
2738
13817
4056
5796
12532
4352
15761
8592
13467
305
527
8922
9273
16310
14716
1369
11435
16051
2817
4814
7571
12468
1529
2793
6121
1122
8299
14070
3703
8833
2913
8351
7102
1971
10200
8696
2592
6866
13134
4896
401
11214
808
14961
15056
581
5101
13141
12896
5842
1931
5167
9956
10285
13051
12857
15754
1469
5289
15134
1628
12730
11685
12440
1566
14083
12372
12525
7205
12463
5241
3872
8207
1971
10418
4870
7368
10897
6506
2489
395
9684
12021
14182
3005
12152
3290
451
5651
856
9593
354
12040
11231
357
14340
12308
7162
3432
12121
11705
14743
5600
8575
16329
10413
10424
14565
15046
13723
9035
9556
12912
14942
4276
9451
11047
1723
8395
7641
8213
287
11666
9388
9592
15419
10474
10621
11433
9527
859
6332
4293
16030
11722
6572
15361
4682
14676
13480
371
1642
7874
5289
390
8843
16203
12073
459
12271
238
2469
4322
12562
1863
6589
2539
3832
4948
8531
14318
15953
11543
8282
1498
3408
10329
12172
9899
15937
4331
1725
14581
7120
14008
2851
8545
9000
8613
11808
15621
5642
11693
13854
532
16077
16208
11815
257
1089
2674
8261
11472
10160
4856
12653
7104
15701
3069
2758
7569
2611
15702
11567
1465
13839
9244
15324
3613
5328
5394
12311
8640
5539
15537
3612
14162
3188
11066
5558
2589
9197
5657
6144
2641
2081
2813
13761
8998
14900
15400
656
14568
1851
7394
3447
6162
13208
8176
15051
6868
11915
4257
5486
14887
14337
7959
11631
2822
12704
2977
3083
197
7403
11462
10765
14278
5570
9785
1475
10702
719
558
1600
13137
7557
6122
5073
3511
3432
6584
11053
11217
13226
15036
3245
6100
610
13735
16353
10156
8865
14431
6042
6303
16009
457
7935
13813
1011
8988
16028
12736
1173
3172
15819
12568
5477
11624
16033
2731
3076
6366
5120
15306
15049
7691
5097
486
6518
15749
1908
4085
1570
6578
6877
13681
5777
8622
2100
9634
2325
12168
5662
15556
1375
359
7617
15155
2215
8004
6825
11618
9050
7688
9798
5950
8881
12796
11731
12829
5942
15338
5351
8663
2909
6205
236
12164
1906
10685
2017
1680
12378
6394
11703
16279
15272
3999
7705
7665
1781
4423
9051
3629
15672
13912
14006
14583
8386
6699
12994
14523
6517
672
5348
14105
13524
8405
15467
11886
2724
15745
4885
9015
12455
6576
2215
13050
5693
13898
13046
5538
11049
6574
12346
4186
15112
1871
12268
11126
1986
801
4411
8731
1879
9894
721
10779
14549
3868
2454
6397
5381
96
15018
3514
4250
1297
8620
734
15206
12536
10280
6415
13305
3816
5860
2621
4722
10559
14826
9172
11724
9449
7959
4691
15313
6778
13658
7043
1258
11494
15443
286
11317
8093
2217
16339
9066
2200
3880
12760
15532
4980
8449
451
7685
4467
6268
9736
1038
13859
9122
8380
12405
12396
10575
6968
4160
8416
7394
12968
10366
6445
8843
10492
13192
8000
6009
5833
11146
9834
14521
94
14244
1130
11436
15078
8004
16037
10959
13029
13190
5416
4617
15155
3209
6642
12166
2807
14693
15162
12052
10272
12602
1792
16345
10115
7990
13329
2085
2907
5898
3379
15732
12984
11412
4376
10841
11649
3199
3216
10698
14707
8744
8690
4771
5837
13481
10172
398
447
742
11500
13466
3523
10601
6823
13262
1707
12485
15108
6453
11591
10294
3222
16209
10004
15110
10007
387
2285
15432
8156
6612
15898
10973
9325
13417
2054
6212
4782
11228
3960
1084
3606
2483
3170
199
9759
14062
2494
7823
11807
8064
2883
1084
6113
1245
7038
8630
263
5910
11250
15289
337
5389
3341
5556
14337
5833
11002
13402
13568
14754
1966
1008
11231
8899
9040
16171
10681
11038
9046
11016
6465
2453
28
2472
2776
15066
11931
16264
1156
7
14033
7096
7201
11721
8579
8369
3616
6725
9775
3226
2183
5977
4370
3839
8269
1866
7253
2884
5560
4109
7296
15969
11657
15043
7989
12804
9514
9149
4015
12003
11368
4215
6460
6696
14502
12010
5115
12760
10038
5732
6302
2023
15317
3855
12620
16365
10090
5831
1308
7715
10630
10847
6018
4245
7197
2236
6091
6255
10369
7268
8912
2202
14046
649
10938
15506
14933
5086
13235
7369
3766
11259
5186
1521
9957
1060
521
4400
13703
6615
13106
4500
1010
15381
8162
8766
5036
5406
5223
14816
8218
6730
5638
6806
9055
6
6802
990
12491
11779
12988
9269
469
12202
9610
15285
11210
1467
11877
13289
15795
13773
310
4412
2699
11956
1324
5517
10067
9803
10328
15712
7348
3785
13203
1715
14928
10494
11421
11773
1492
11553
6250
15389
5525
15171
13653
2045
4444
12453
2044
2783
10848
14749
12604
7893
15309
7518
15820
4459
8276
11134
11693
9585
2502
15705
2077
5913
4523
9448
8642
8381
11132
7870
312
2836
13890
719
8854
4019
424
12308
140
15872
16134
11654
15880
13375
7389
5252
4929
2987
9013
15837
6374
15198
10712
11109
5397
5150
15315
12710
1876
151
1221
1744
2614
7265
11940
12155
4773
15543
11793
9329
8742
8136
13509
2160
9415
6947
2790
10547
3647
11031
10726
15878
7773
9348
9055
4471
1509
2186
8005
3
11785
6673
15899
9551
10623
16328
9553
5072
1810
9882
13335
3337
1870
16253
4676
2165
3654
1345
8671
12497
488
14364
5951
3142
6712
760
8983
4898
9971
1681
12161
2397
4617
9214
11017
10737
841
6529
1118
1332
12492
14741
4562
10198
6833
11019
11200
12399
4530
11535
6232
12510
13449
2884
10050
7633
2214
3891
9918
9082
12280
7403
12640
2229
11244
8117
11565
7036
6448
12841
5732
11705
14005
10440
1997
11072
13076
13895
5268
10292
2006
8897
12170
1454
12807
10466
6527
2977
15553
10830
16096
5628
10027
7360
5175
1013
3507
1382
3749
7291
4433
529
7053
4557
11803
8144
2469
5531
1526
11476
3429
10553
13950
6337
2949
7730
243
15858
15360
3454
5021
9016
10621
3103
11455
11080
8479
6461
10097
11144
2636
549
2684
5433
3983
4760
4599
9300
8568
266
1328
9486
9947
7117
11804
10535
11043
2582
1502
12000
7697
5687
9746
9985
8768
7853
3045
2339
3791
14078
13624
4708
6394
8397
10688
459
985
7784
11044
12269
4801
6241
7566
15697
1488
9648
4899
2669
10745
15811
7424
1036
16237
2170
9435
16208
5068
3543
8812
9457
8016
13912
4062
13543
15948
14698
11205
12583
11278
12730
6076
3997
7513
6760
7380
1999
5766
11852
487
16050
11790
4011
13957
15031
5894
10869
7439
15631
7781
6381
5807
11010
9865
8043
2862
3613
252
13693
7984
4415
2712
10541
8857
8782
10248
12708
5212
5419
9133
4610
1656
4815
10422
9903
12521
8305
12388
14621
7870
6825
14681
9909
4187
15083
4616
9437
14038
14531
9952
6716
16379
1949
10171
3973
12159
16268
15962
15282
1833
2811
9533
14544
8556
4336
3314
4440
1803
2799
13913
8569
6043
15253
4408
9167
950
492
11673
9212
11925
13699
6567
10531
8378
5851
14046
8209
3994
2681
1656
16008
8602
4028
3651
12070
4450
5107
9122
6804
6040
5148
9976
4922
16082
6537
12906
13501
10706
2992
6095
1799
14128
15457
1107
5889
12404
12570
1305
357
13958
293
9098
2024
16006
12673
11554
2993
7434
11657
3348
10760
6508
4135
8859
10819
14277
2778
7413
9422
15080
14556
12101
6809
1776
11912
5736
7780
15615
15993
6858
3252
14344
7720
617
1086
8273
10161
2697
4163
5997
5632
5885
14269
13085
463
3483
12345
6062
16375
15501
1786
14145
11528
451
924
22
6947
8500
379
16236
12649
1565
10996
8111
1147
11167
6616
15396
12561
12047
10633
15105
10178
6073
15149
4988
7567
13443
8332
15910
5717
9528
6702
551
2647
16315
15070
15681
4214
16079
2082
4052
10315
14820
6255
3404
2814
15567
10234
10779
16256
15225
6569
16032
6351
11785
10598
9692
1973
13781
3830
11963
15551
7756
3278
9227
1304
1135
6470
8217
15855
5663
677
13895
2973
1802
5775
10209
3875
553
4807
9212
7021
130
9955
16356
10599
9530
13043
15136
15206
8545
10088
15809
12388
16214
15204
969
955
2172
14290
4674
5295
3063
1166
14632
8195
506
8970
1872
4878
14113
12506
7306
3306
13661
557
14907
15236
6912
15485
1168
13404
9256
6758
15120
9121
7806
15255
14811
2481
457
2446
1563
6030
8540
12521
8887
12338
16237
12772
7424
14828
1334
6313
6904
578
7681
13628
7472
16257
16074
14393
10081
13375
3084
3454
5147
1226
11004
11969
15607
5923
8971
12809
11550
8292
12129
10302
15040
1916
7043
8268
5684
10167
1592
923
16174
15522
12860
10514
8163
12159
6051
12797
3064
14096
7504
5807
5012
12040
13066
16294
9443
14653
14007
7778
1814
9985
13180
1569
9073
3562
2553
3053
8755
5323
2712
9311
4341
16252
1084
14845
5496
3016
9283
5164
2228
5800
14513
2256
4277
5292
8667
9994
6790
15363
12936
7516
8655
2413
728
9297
15486
15849
12025
2669
15781
12945
5483
14281
2293
3319
8522
12906
10024
9030
6073
619
11036
9901
16126
6908
2121
12872
234
14717
922
7358
3465
4913
14136
11262
851
6920
10784
15871
6342
13346
2843
4374
7102
10883
2942
6215
657
1445
4914
12178
7779
2992
7791
8664
8763
2254
8764
8379
15029
12191
6270
16358
9109
5569
2145
11122
8216
9211
14083
16006
10357
9893
4112
813
11674
9507
14683
1354
13602
4440
10419
13171
10311
5094
7522
7109
11257
8981
7821
9650
9336
16100
13548
15039
14951
4787
8706
15461
13958
4602
10818
1454
2657
13591
14547
2989
6692
8569
10874
4210
6426
7244
7118
2030
16023
16317
1768
11901
1914
687
13367
11180
10663
7606
6844
1014
1052
2482
148
192
11060
15945
11630
11411
13891
1188
445
3848
14577
13050
12886
1048
6695
2426
13464
6744
13941
11944
12361
1878
13760
14918
12663
1561
7955
15486
5162
6528
15696
15447
15090
12984
15488
12237
1029
13937
12417
256
8577
4535
5088
15409
6607
2783
5756
8916
10383
2623
1765
7255
2677
5048
673
2220
8054
936
9362
2721
13807
12655
800
10799
5946
16241
15411
12741
9001
7773
8930
8488
15991
2005
12975
1564
10583
3859
6441
8507
5292
1697
15769
12792
2255
5759
14556
7484
6215
11341
11740
462
4773
9408
13583
12629
14172
4059
4302
15909
93
14924
6173
10546
10011
15667
7667
10061
8137
4464
10035
13233
10199
7506
11681
1371
5837
8927
3079
8300
10516
7157
3931
1933
14917
3566
14642
13968
14318
6946
4471
15511
4755
12251
4076
10831
2819
4440
816
1627
12205
9218
2533
5636
11906
7967
15867
8158
14915
432
5808
15849
3804
7872
8009
7815
1897
10296
1635
13431
2585
13694
2545
1929
14901
14460
12604
4662
609
1633
4845
1108
3836
3981
7004
12265
15353
11792
9654
7368
3019
11379
10009
4645
3465
1807
1574
12643
14999
15437
9919
9886
8085
4320
9671
8138
14184
8755
12094
8519
11590
10055
13690
5821
2252
5564
6447
4222
3123
6213
1225
3990
12035
3515
7727
11257
10608
3212
16208
10344
6019
13959
1232
11498
3107
947
179
5202
5398
9960
6294
12784
12066
682
15470
14807
5774
11053
5453
15718
12440
12490
12575
11830
11458
3446
8025
7995
6963
5062
15168
7627
7972
7250
8473
11737
357
2779
6362
10263
1339
11552
2377
15077
9614
7157
13492
15665
5811
15003
10661
15934
2685
3822
8891
10553
8223
4229
5946
8166
121
3160
8344
2919
7950
4439
5384
12726
2103
5721
2330
5396
1868
13683
9612
6548
12527
3687
3214
1518
2796
15951
15041
2267
5658
1487
10605
10954
402
5642
15397
1269
8388
366
4462
7733
15911
10554
7494
10541
10582
14097
12407
12861
7617
14825
9446
7729
1634
13846
1616
5840
1029
264
404
15798
225
2022
15208
6458
10355
1585
10549
11948
5821
4195
6604
13422
13235
14253
3380
13765
10648
11898
6867
13873
12956
2688
14552
8273
4421
4257
2016
12863
1010
6076
6675
5297
8986
2266
5466
11468
432
13116
3079
12046
13272
14851
4153
15812
6089
2970
14350
6776
4245
4980
9746
9507
2769
14542
1080
10859
3018
4689
8727
1094
7209
1113
5707
9007
7202
1944
4022
9020
3685
458
5285
9650
9795
2124
7530
2538
6346
9172
5021
846
8649
8022
15870
5765
3723
13558
6030
4182
7698
12412
1639
4718
4275
888
13011
5275
10000
11675
2272
10915
738
3022
6642
9683
9171
14735
3370
7546
16032
11671
9229
6649
15437
12625
1441
13526
12791
5425
1078
14821
13647
2175
1675
7307
4993
14192
8877
10733
3860
5
3073
6317
10077
16105
13176
5359
11891
3388
6316
3564
7165
16199
5107
12908
2038
7550
11793
11553
9420
15936
11511
6321
11491
7851
10830
7783
11155
184
12947
7349
15028
11190
4809
2837
2602
1165
7768
13161
8613
5050
2708
12512
8387
4637
9932
7573
1999
8254
5532
5589
10004
12519
11908
4585
4612
14701
1551
15433
5747
12114
8216
11384
11777
2389
10878
7492
7285
8825
8631
12813
14539
4157
2908
916
8894
11178
15897
15862
252
1834
8215
843
11063
14488
15352
2850
3013
15389
7111
5286
1089
5746
59
2074
12877
13510
2038
484
2785
293
15761
8397
15452
2445
3557
13333
5496
7238
7857
9028
4145
5188
15177
14864
11422
7090
14811
12005
1301
6684
9382
9721
4028
15486
16253
13670
14699
2555
6761
11565
9102
14311
11362
6920
15374
8599
10105
5459
3818
9455
6318
10587
6916
14305
14776
1008
9876
2289
13120
96
14216
6142
9069
12257
9989
8374
2016
8774
14880
15746
7210
12729
9069
5745
10052
15913
15229
4525
5317
3364
8893
7579
10481
8460
15965
243
14701
15358
14470
13545
14238
2962
10142
6645
9232
5988
11427
6286
11505
7939
4874
6241
12114
10625
7215
5603
11355
10195
9954
11521
11648
4830
7453
1035
2698
5055
15630
1663
13596
15216
5534
2595
12345
2062
4864
13133
14161
7988
15574
3205
10596
2944
275
1781
980
5333
8101
15233
13284
7790
6340
16272
4358
7765
2018
11129
11109
7344
8663
15895
9908
13641
6527
15783
2073
7909
11486
4843
2365
3824
12596
2946
10078
13163
16316
10589
5879
559
8032
1377
16282
11232
4461
9538
8237
163
8903
11219
3272
14292
11260
15605
1652
11192
16273
8146
7748
10156
15539
14696
1389
546
5020
10641
14113
12842
2657
5662
3445
3416
8690
3722
5346
5349
7564
6282
8486
12132
8546
4525
11070
16322
7
1467
15366
8584
9330
2017
10181
15415
11609
11006
16312
6471
13922
7008
15750
4408
10494
5844
14109
3826
1454
85
13837
1199
3360
8575
246
834
10644
8702
11734
7736
6032
15038
5142
13879
5902
4468
2756
11728
763
7629
8811
14291
6711
1333
6254
2442
9905
6794
13066
9303
5910
8819
4135
2540
12488
12590
11975
11586
3889
3476
8396
13409
1050
13290
7755
1920
10348
3803
3813
14839
4265
15977
9917
3383
8760
3212
11497
14609
4642
13467
2105
9698
8209
14149
10946
2066
4633
5072
8726
1323
2586
11288
7180
10294
4697
9495
3787
15444
5110
4733
16161
3044
8609
12887
12742
15978
614
1091
14057
1147
4039
11390
3229
5929
4100
11822
10592
10938
5245
9914
8793
11842
3686
7369
244
3537
2638
335
2109
5109
3747
1835
7517
10606
1402
555
2338
284
4539
13848
1111
5972
11756
6093
10643
15972
13294
10669
766
11076
9567
3360
12042
16255
1851
6516
9733
15170
16133
14070
3126
15873
9468
3031
420
12859
4846
2884
3717
9370
10194
1777
2877
10900
13407
13109
12185
4503
13180
3093
9689
13925
15491
4423
8954
3203
11967
7279
13206
2502
7912
2833
13658
12193
7982
4386
6853
4717
896
10119
7276
8476
3664
2614
5782
6502
1506
14836
1834
4895
1729
1714
4279
12066
14170
15395
4948
726
11241
1792
12094
5968
12112
6784
15805
9616
15380
1473
10215
11244
11150
2476
1300
1296
8364
9564
10606
9960
8185
15104
10120
6336
15598
1132
5151
10563
326
11686
1877
13283
10340
2751
8353
12132
9426
15029
14768
12180
1926
8305
5541
3733
9330
418
11185
16293
2997
60
8121
8285
1787
13216
11003
3531
6410
10512
9652
5316
9294
10094
2969
5575
16230
4265
6988
8063
13215
12092
13974
6007
6117
12244
4700
4797
6401
10942
12071
1129
4824
15360
5752
5392
11299
10565
135
12500
5189
15423
12380
2332
9794
14526
5352
12736
1816
6717
7401
896
832
11761
4521
10506
5515
4189
1197
13813
11230
12608
5646
5741
15159
9497
8005
112
15706
9645
3139
7485
9773
10206
13441
13298
15346
8720
3802
4629
390
6178
9498
4759
1104
10172
5305
7668
5367
12409
1369
13619
4638
6578
12131
2467
9528
1140
13159
15516
4046
15166
4399
2748
11741
6809
15388
11333
9181
10119
13047
5960
45
9525
14435
5023
12541
7303
6252
7560
4520
3910
8851
2367
7570
12005
207
2109
16256
12265
9019
4076
8158
1649
12757
12509
13514
4678
5735
7781
11834
8404
13467
9700
12170
2841
5500
4772
6237
5525
14926
6830
15533
12994
7886
9931
375
8170
620
14460
12700
8711
7076
11409
1851
3309
1332
13226
3203
4805
4985
1705
10395
2218
7123
12761
3978
1276
11773
8617
7520
1156
14672
6342
14888
1957
6360
1666
3795
4219
5529
6204
15547
16
101
1527
11619
16352
11236
12854
2246
10770
4132
12774
5327
7081
15765
11837
13404
14223
12410
15077
6622
13213
360
10195
900
6336
7017
1989
10153
14118
8667
2162
1034
3008
4181
13762
15112
9252
8885
8053
15546
13706
726
1160
2728
12756
3863
2073
16084
3069
8781
11158
11673
10344
10496
11498
7605
4634
11725
4316
12673
10111
13749
4184
9551
12046
1055
6847
10878
1058
5805
14193
14591
6339
7503
317
5390
61
4615
8444
4702
11212
6517
7344
14323
1277
14992
12513
8756
258
9784
14974
7650
11250
8041
11064
6514
3819
315
3837
8524
15681
15788
466
8646
4895
5566
547
5843
8772
3037
1185
10978
5926
10248
6026
2325
10982
8147
10042
2856
11552
14839
6064
5991
16265
2776
11329
13885
5526
12747
14398
1272
3033
15324
15751
1729
5274
10533
10887
2462
1390
8120
14769
15974
4393
12896
15427
9636
5471
10026
6351
7943
14502
11563
3144
10579
10951
3696
15205
10452
5595
4031
12110
10367
11848
14129
8863
9695
10340
13646
7721
11047
6567
4743
2001
4186
3987
15312
6806
5891
15000
14102
3697
12543
14729
5
10273
5525
3293
847
5579
10078
13876
3309
3768
14390
15971
8264
16153
11024
9258
12902
14105
13274
79
14899
2899
14815
517
846
11255
14961
425
7549
15671
13178
811
12189
7042
2159
9983
12893
12181
163
11067
5166
5463
3218
4634
5488
14177
10328
6732
4728
8637
15208
9824
11230
13596
7218
2623
10018
4353
12753
1288
8243
16164
9960
10036
6777
14455
2253
10603
8833
14939
3265
12921
1738
793
756
5768
11256
6378
8816
213
7053
9214
10938
1143
3525
244
6866
14618
6568
8135
11409
9315
15655
6022
15423
14477
2463
2993
11276
11636
15332
2973
14425
1493
2752
1989
1884
263
1006
8004
11436
7971
1125
15827
3787
10396
13484
15972
1120
12967
2241
1831
10223
5366
15260
11216
7864
11758
9291
11213
213
2096
3176
1608
15747
6279
15913
474
4829
3255
6227
6561
16117
13531
2914
1192
9892
5957
6908
15202
7529
8364
6395
155
11681
165
4996
3664
4343
332
9907
4763
4272
7531
14890
11860
5447
4632
8252
6358
8293
12009
2157
9071
16314
12925
6669
5156
5695
10443
13748
9124
11316
5240
4714
3086
656
976
6951
52
7986
14592
643
444
5557
14414
346
8911
10932
6280
1845
15745
972
2749
5930
13565
12880
7400
9027
10610
13647
11973
5032
4112
11986
12679
7136
3009
8042
6379
3604
9646
839
9363
11329
15738
2332
15597
12538
13669
10483
6000
7478
7367
16348
14485
4611
9011
8428
15921
11917
13127
10769
11421
6826
6138
5590
9477
7917
4877
10906
5156
5224
5424
8732
2806
4756
12597
1414
7030
11540
5909
514
5536
8058
12284
5460
4654
14271
11510
14211
8979
14202
15251
8409
6681
7556
11266
4109
11340
13177
10425
5493
13808
16270
7175
2656
3552
12451
4517
1622
13017
7953
7120
4282
13132
536
10845
6449
2755
10389
7042
7729
12642
3932
3536
9578
11383
2234
3136
14989
10574
2265
346
2385
3760
125
1943
89
7968
9460
9320
7262
12967
13018
10901
12415
13686
11102
9552
11559
2102
12388
6337
14818
1606
10272
6060
8362
15293
5646
15597
4088
15693
120
3952
8998
6239
1157
11317
2425
13882
1711
8214
1779
8358
9782
6736
6737
1789
75
12449
6185
12357
6207
7806
8741
2513
13429
6053
4651
3557
6310
5585
7016
11568
16156
412
11425
5980
11838
8059
14288
5394
7938
14406
7513
10805
11185
370
7427
7344
16155
7101
11284
5746
10643
5778
9735
7722
306
9432
16366
3336
9989
16118
10335
2767
7862
13314
14889
5985
4907
16182
1511
10889
5001
8626
8584
5854
5224
8015
8912
2865
1212
3030
142
11569
2372
7020
10204
3842
2306
3627
11486
15038
6781
7663
6838
9334
4594
16050
16047
11213
11816
6130
12870
473
15023
1208
5634
12960
14932
3620
9703
7650
5165
7114
11338
11397
11992
792
7431
6404
5137
1624
12558
7901
10118
1844
1726
7158
2579
11386
3537
12182
3056
9956
4891
11625
1317
2221
7596
11624
9480
5163
13716
8089
14463
7416
9788
8695
9104
9157
6993
10400
12036
14051
10556
4207
10321
37
623
8830
10831
1448
1056
6015
4575
14861
7049
822
8500
13854
14669
7030
9225
1252
11789
14685
9158
15745
4256
8005
4848
840
4547
11634
14984
478
12973
7678
13694
7266
4180
5687
620
7752
15234
9556
5475
1499
8800
2303
750
3306
2484
13648
9569
309
12784
3465
8018
14959
11768
12743
513
16
9286
11787
79
13193
8243
10705
9325
11646
3499
9333
14299
8703
6570
12015
14361
3738
13776
12266
14436
12187
13687
5672
6523
7197
2330
3584
9164
11097
10920
4465
8051
4044
2541
1343
8410
4964
1121
14919
7830
5373
9626
11517
3639
16072
13560
12026
733
15881
4532
6267
3691
11370
12370
7850
13931
16249
5997
7007
9154
10411
2758
13256
20
7201
7174
2127
4816
11395
10067
6937
729
5257
15350
14132
6037
4631
8292
13363
9980
12116
10228
8149
709
14790
15045
15295
9220
11544
3483
9503
12173
5622
12464
7097
1481
6844
13616
6748
8212
2443
4707
6807
2059
14940
16247
11595
3101
514
4046
16119
6162
10870
14467
3498
15719
3836
13567
15320
12910
1484
2229
12569
13061
15547
15061
11215
546
6874
3338
690
4741
5190
3671
16118
7206
3070
5707
15086
12600
15361
6225
11273
14736
8338
6650
15338
9890
4335
6582
7495
9284
13989
10093
4283
11298
12461
12612
1398
3109
14099
15511
14860
14983
4324
5927
3773
14341
14721
14939
9474
2497
8107
11241
2174
12759
10264
16309
5345
121
12716
1908
1787
6376
15289
5721
2174
1807
9036
15329
6086
1986
11422
5334
556
14543
4297
15900
7231
8828
4228
5787
12602
9592
9275
2263
16142
11297
412
11556
14674
12332
12111
15370
9578
4693
15120
6266
9
5817
7726
2975
837
11064
743
12681
2636
5395
10960
4531
13699
13679
4970
11391
3331
12228
7927
15862
12553
4921
8935
14223
14570
5394
10346
1768
2444
539
12275
10523
12271
8369
7427
1927
15630
8295
8624
4691
16108
15869
8978
16151
4991
13324
8732
7227
8249
4118
4894
12811
15177
4154
1988
1383
5335
15706
8763
14702
6190
4514
5768
11397
15158
13888
15477
2360
6374
6416
15901
7791
9101
4546
2827
13613
3924
13141
11253
9529
7717
3971
11735
14061
13423
3208
2448
11010
3935
7928
10535
3134
5343
1045
2756
5858
12531
2256
4401
14226
14975
11500
11598
3514
10902
14529
79
14855
10569
7348
13107
2356
11359
15770
1873
2786
1585
15500
13690
10138
3587
3590
4359
5091
15022
9844
10820
8563
6220
8023
10992
4649
3359
3722
12989
9151
15790
15443
2721
3759
1831
13740
9750
6494
12775
15670
1637
2580
1993
12531
10020
11202
8714
11211
7829
5326
11662
8422
515
13167
13762
3186
14622
7883
2202
14425
11875
13893
15293
4069
13078
10485
2180
3806
6723
6680
11191
2093
10805
13040
9705
12605
9151
2331
12501
8019
15344
9532
3925
4257
11437
6606
4327
12378
6225
6153
10797
3273
14164
95
16268
11735
6771
15636
703
6194
13748
2197
4609
4841
13737
9212
12175
270
99
13616
6820
5948
13440
8110
2940
4073
4456
7815
11015
15729
15823
1995
3042
12214
333
11461
11960
474
15774
7695
2008
15391
4615
6757
9104
2709
11563
11523
14997
11589
1863
12936
10673
5708
12719
2840
7917
10489
11732
7488
10792
10816
14879
9749
4110
3818
11216
107
4105
4265
691
13002
15316
16260
15219
14119
14241
8342
12958
4617
12053
5711
4232
2896
8033
9777
11350
9015
9863
523
2584
4431
9918
10858
10849
16370
6578
1224
11404
1497
2885
13352
3229
4224
3117
11006
11324
7860
1012
7529
11674
12956
13261
14464
13245
2378
13949
5012
1818
9759
6878
11112
12550
12358
13324
13337
12902
9674
6215
12993
8996
6005
8444
7249
4758
541
15640
1233
9132
4338
12772
451
3078
14365
5236
13459
14532
4164
9777
5453
510
4473
11857
1273
13984
15431
9104
9681
5143
13042
16157
7603
15415
196
10110
10647
12057
4765
13212
15877
7027
6410
15527
14411
9625
2375
3211
1716
15729
2025
13876
5422
10443
11236
16198
3752
7657
5712
4619
14701
13611
14464
4052
12712
445
4993
1960
12641
12700
12963
4639
3793
7131
4731
7035
12297
6232
7038
2775
7131
10169
14610
9686
2835
8187
2348
11717
98
5106
8240
1548
9603
242
2508
3961
15860
5973
861
9837
10295
8068
15236
7380
11794
5382
7432
2605
6250
6527
14527
15509
6849
2730
12829
11543
9742
10065
4176
500
15427
9386
6347
15718
7611
7047
4908
1890
3464
1488
7957
873
13928
5686
303
7016
14087
598
1743
4227
7234
4792
6172
15080
1533
5084
4645
14201
12795
13701
405
16264
8498
5016
9004
13737
10879
1107
1172
7696
16071
9724
1396
2647
5617
11448
14952
6784
4159
813
3900
14270
9169
4065
4029
4756
5734
3534
12480
1255
13979
13149
14983
15945
10253
10390
12764
4901
11807
1873
1835
14294
9074
5463
3350
7762
13420
14099
13331
9489
7132
14038
456
4372
5375
10110
7141
6502
14334
6820
2626
12313
11515
171
2934
14755
6177
1779
11077
2696
5286
2615
612
11359
8940
15956
2585
460
3456
16038
5633
4838
10386
8846
16040
2822
10171
4856
4801
16199
10781
830
13442
11703
13816
1630
2186
11332
11931
3465
653
12039
2493
4754
1040
3894
8805
13128
11244
15597
503
14282
5404
15112
990
2799
11315
11130
5842
12944
4878
12095
16193
9238
9079
4074
16118
7820
2340
10381
6300
12469
5535
7607
13109
10274
8676
9880
9513
16375
14566
7633
10530
8311
8747
895
1770
7827
14992
12614
3003
3242
1400
5264
8280
8369
12075
11009
11478
8764
2596
7251
6007
12449
970
5530
13910
7661
4270
15339
8990
13731
271
13441
10153
9402
14253
14761
934
14453
223
15694
3456
10207
13262
15418
9442
10927
2705
14229
7773
5660
8937
11671
2295
13104
2934
10299
355
8260
4142
3467
9341
8710
16094
1157
924
4062
2795
593
4027
2742
6186
11242
13448
11870
7089
15749
4453
7067
15502
13149
11496
7258
1014
3798
11986
14528
6231
12757
11567
8825
3448
2074
8038
11006
2678
13950
12485
14658
4069
15059
5791
7355
10090
6555
964
12389
6178
6676
256
12357
11796
6851
3950
15499
2185
10470
1765
11899
5436
240
13123
2829
611
10446
4238
11018
1571
3026
1938
14059
4855
16026
8557
14989
7608
5987
10596
14353
8922
1451
3966
10991
14701
5767
5603
11530
5209
13327
11222
15662
676
6085
12194
6562
10231
9471
4947
10481
3510
12480
10674
15660
3037
10091
12339
5516
12512
8798
1636
3746
2856
4134
6138
13288
1736
8870
334
4608
7007
8896
1400
14368
339
930
3340
7165
7177
13533
2696
15583
7485
13751
125
4418
11977
4032
9485
3015
5353
1248
509
15803
12546
9620
16234
5257
1576
3279
6583
7175
8529
8330
856
3716
11372
8027
3285
475
15219
5951
13167
323
14420
4624
441
14695
728
11568
10835
10543
8481
1308
1416
2049
15939
12951
5021
4077
8670
15992
1446
15942
10772
11829
13877
23
3478
4758
8838
8718
15103
2416
5026
6187
4731
14540
16206
16330
12898
15744
6819
6075
10957
4914
13991
9058
5956
10303
12886
4605
5435
14008
1950
623
13319
9179
2470
8603
6009
13213
10586
15158
11643
838
12412
5297
1412
12862
15033
2240
3050
12396
8536
14885
3530
12618
6068
6817
14892
6745
3612
3128
5582
12434
16019
13563
13313
2408
235
8509
14426
8953
8824
8860
4708
15866
10648
15289
2659
1006
12516
5791
13624
16053
981
13911
1463
15024
8162
1982
8991
11895
996
6427
8131
7967
9817
4545
1674
4641
12665
9147
10796
4218
15277
6561
4344
10695
2508
13915
1550
3917
11062
7041
9053
15948
7146
1582
12999
2427
3948
8484
10255
2018
14572
2290
11416
8009
10447
995
9006
12263
1487
7418
7590
14847
11655
12166
7182
15548
10200
9800
7056
1986
16080
11683
6158
14268
9979
4271
10617
8944
3694
1293
5668
7210
4491
11548
5752
13824
7655
9330
15928
9404
6329
6902
5830
8584
761
9395
7958
10720
13912
6257
2858
15606
9153
5976
2723
6968
6980
3250
14524
7573
6773
14436
7667
2325
11286
2608
1316
124
10970
2409
14159
8261
3478
11015
12535
8119
15317
6481
4739
5870
1452
4102
1567
2157
11211
561
10968
10403
654
10993
12062
10530
13634
9143
4907
2723
4907
10811
9385
138
10835
760
8922
10282
11685
10935
3619
1705
15835
1382
8356
11208
15597
6818
3319
5134
3442
14723
12417
4340
15159
7268
13964
370
4331
3654
13474
11327
225
6841
15594
16077
4946
40
15444
5575
14358
2262
13988
7540
9296
15100
102
6488
2873
2653
4119
6123
14496
6368
7896
13593
12639
13054
469
12707
3157
4055
3
7848
110
6343
4889
9655
7796
15696
6821
6464
7010
14971
6836
12527
2422
10883
3244
15106
9841
5316
1074
5200
8578
279
12747
1059
7850
9416
1040
8738
15138
4441
5213
10210
7062
14754
4198
1949
8839
11737
12471
14416
1544
6612
10347
351
6158
2771
8704
2598
12984
5207
10588
5358
1287
16143
10815
13827
8617
15115
13146
12452
13218
13818
8710
5975
8839
3907
14052
898
10000
12218
5154
1325
7067
3922
1872
5589
4945
5752
349
13961
10052
2238
15125
13781
10576
13781
1442
9715
9026
2665
15836
7760
10912
7978
1833
9821
13104
4754
5440
16097
13967
9065
13566
11379
5992
1349
2900
2433
8765
1826
49
3628
13708
1399
1922
828
1249
12197
13207
15510
9691
5407
9738
15611
15383
3854
9720
812
8699
14690
4422
12288
3856
7163
13442
15263
1793
6968
7755
172
8503
995
7361
7392
1458
3600
12709
6304
14899
15343
12577
2045
12800
16231
14204
3424
13991
15946
4315
10254
781
13729
1183
7073
11531
10155
7629
11098
8840
11415
11365
1681
14498
10088
9548
12772
15916
1975
13030
12330
575
9834
12594
14595
4286
154
5638
15026
4926
2782
6090
4766
2650
6674
11953
3371
4571
16155
8058
977
12870
8054
14757
7449
10470
1551
13502
11542
4529
8678
6118
15404
11243
15234
4322
16107
5024
11569
13795
13330
7313
7318
1954
1520
9985
2507
808
2357
9858
3005
11897
6258
5818
4198
9522
8106
14161
13385
12883
5681
300
3847
10053
14011
11063
10138
9326
8258
4682
13301
11500
8018
1272
5869
11843
7699
5983
5595
8497
15810
11809
15826
16224
10617
10066
9820
11876
3617
2470
11654
14341
6453
10678
3858
1956
14783
13333
3930
4414
15281
9186
5329
12694
7679
15945
7374
11386
140
8557
14763
9208
1732
414
6269
3463
14263
11511
16316
7338
1021
7531
8323
13030
13168
3486
9798
8368
9039
11492
718
1649
5970
11125
14363
1168
14258
10094
5710
13298
11031
13667
13040
8324
7281
13191
6052
13818
1950
16211
5605
1965
13603
6434
7883
6234
8952
9492
9994
12798
9144
10247
2917
4554
6474
16338
7638
15013
383
14748
4692
7729
9029
14930
10547
9275
9575
4099
7180
9829
389
14205
11066
13165
10069
2958
10633
11438
16284
13449
1611
15629
3673
14485
4506
6485
15124
13268
13895
16340
7640
6965
12688
13236
7770
15360
9310
9045
7932
14354
5019
1591
12597
12792
15888
4289
1428
1590
10303
3975
1256
2195
4186
11323
1973
12040
15255
7534
1686
1115
13121
15573
5862
11391
365
11657
15602
9219
12281
16159
14696
8180
9349
2086
10206
860
4495
16215
2760
933
4810
6806
7088
350
15150
6812
12
14199
13696
14423
6609
7664
15225
2075
16025
8507
4958
557
12225
11268
12965
15841
8951
7118
2516
13411
12862
9120
8369
11028
12568
8941
5263
12176
2643
5431
8306
6974
10361
6886
1089
346
3124
6440
15902
8091
15678
5991
10849
5114
13778
9838
8994
3323
15205
2035
8761
8478
5901
7081
2326
16194
16184
2691
5053
16296
8932
9412
9359
154
3238
8029
8330
13149
16263
6195
15231
2249
11872
14655
4703
8437
6351
347
5280
1488
10339
6394
7423
14181
11557
11442
4734
10858
8696
4800
8413
15028
16018
7170
3039
14635
7774
14842
9229
4307
8910
9750
15655
6135
3551
6189
11062
129
5764
7184
2884
14398
12058
4875
2620
9534
331
5496
12257
10873
279
3826
13546
15366
13918
3376
2219
5477
631
11610
9694
6229
6491
8286
9933
6886
15895
9690
1552
2774
6190
5361
9457
572
12564
9851
11841
8228
16098
8421
3586
14413
9781
4099
933
6693
15383
12051
8448
2823
15392
2308
8295
15801
13490
2212
9822
8764
10642
11587
4927
3075
4893
11068
8575
1766
5238
4751
3206
16345
8910
6625
7582
12621
15265
15871
3380
7218
10230
5034
16334
2500
2438
10565
5594
5140
16075
8462
16189
10388
12193
15723
5840
13964
754
12826
8713
11852
2698
3000
1633
3129
6708
9273
1431
3985
4095
12552
8141
4951
482
5240
9788
900
2564
15808
11613
7848
4342
8589
12024
14716
12553
8600
882
9216
5291
4809
15504
5436
9905
3491
764
7948
9839
215
335
676
10215
7105
11047
14767
10546
8151
7113
2707
13965
6591
9345
6062
14990
3009
13329
5552
10694
3183
10139
15459
12463
12232
7263
7448
6903
10495
11137
13620
3548
14187
9155
9015
6643
3822
3734
4028
250
11510
14862
1588
6636
15793
5060
13490
9003
11053
8685
11294
9938
6383
11458
12702
13419
1890
2530
8908
9063
13473
7471
5805
8448
5895
3888
7743
4727
15292
12169
9480
10348
8178
4015
318
8389
1736
9814
9548
248
6389
9071
15780
4839
12209
9305
9518
10556
1574
7047
8053
9118
4065
1100
9837
248
3366
1636
6916
8835
1395
1497
9707
10000
3119
7423
3837
9016
13255
2859
11512
6013
10784
902
194
6176
14206
6908
3775
3064
4198
3384
2456
14717
3843
4050
468
8618
9448
836
2760
11780
363
16170
13402
5114
3722
8977
15265
2074
7691
7500
16256
7519
6574
9613
11568
10721
691
8785
7555
11575
2303
9463
5981
6423
14496
774
10859
15873
12204
11518
15230
3664
12360
6322
14570
13547
7972
8235
12396
558
11141
6971
8163
220
5989
1867
2950
16097
14802
3304
5418
6678
13791
3248
7347
15429
7369
5029
12158
6085
12164
7410
7416
6473
2168
4168
15934
9681
12880
104
941
7802
12412
5241
11397
12034
14792
6650
10
4959
15781
8661
1503
6896
12105
15175
10471
10682
4778
8727
8368
3324
10962
9182
1472
847
4241
3103
15093
310
6168
2004
12831
907
5481
796
7384
12988
13394
639
8226
10144
6324
15979
14815
1325
8927
9318
8281
13724
7264
6185
8114
10366
12934
3864
13668
6728
14077
1902
8229
12529
6441
7485
11700
10025
15022
14196
6862
710
4475
15624
3662
7200
7422
3827
15487
11446
10881
3933
5896
14672
7486
12746
11385
2181
8956
13474
12465
5130
1314
11084
10625
5607
569
8782
8245
14003
7139
7167
1282
11820
15442
9176
10755
10741
14737
13944
12021
1767
200
13140
2389
9457
5662
7568
1840
11212
6495
2083
2041
8683
6449
7758
9020
14768
11811
14037
2814
11649
8180
6331
13884
78
11886
8998
6717
1933
5670
7945
8089
1876
8871
15660
16146
11535
15319
10847
3819
1444
16368
6941
7522
8934
9553
6352
7793
14938
12365
9471
15915
15214
6420
12316
16304
2969
7062
13107
2744
9508
11834
10232
8892
8838
5746
14248
1902
11944
13887
1603
15427
12891
12352
2247
9666
14654
2072
12313
91
5836
14369
8834
14805
5930
16293
13722
14831
6950
15810
13609
5975
9277
4511
9579
11530
8735
11741
5764
11594
7118
4989
8946
2135
14246
9112
11346
5505
8396
14891
1171
15864
10975
6013
11791
5877
14632
7753
2994
106
2361
5738
23
5231
3403
3634
8600
8873
3545
15534
8785
3356
4907
4809
15463
12733
12652
57
3172
8894
13341
11436
13810
9322
6035
9906
4748
14719
14078
12225
3606
14088
1217
2780
15565
8999
15252
5238
14648
6393
5708
12127
5449
11755
12979
4257
12245
13337
16308
6734
2960
6378
3585
87
263
5383
9958
2910
6178
13168
6681
3316
5618
6489
856
5021
2665
12364
9216
2366
5181
15041
9230
11851
12613
15148
12394
14369
12073
12121
84
15237
11652
1531
11152
5832
199
9800
3449
10296
12926
11084
5367
3344
5303
445
14681
15273
6545
13081
7854
6823
8597
15178
7633
1981
2291
11752
15222
906
5094
7079
12286
526
8922
7646
5858
10473
11332
1617
8610
9687
13944
14585
11740
2738
9007
3494
8096
7157
1362
15933
13676
202
3714
2779
10597
11008
11973
10676
2805
210
6193
11214
828
12214
15024
10534
10983
10678
16246
8133
3344
11179
9753
11530
835
461
15920
4453
9036
13029
1268
3117
4671
4590
1744
2806
1877
5681
16268
2309
9698
8497
4246
3404
11914
14587
2045
10452
566
3500
10227
1203
11407
8527
7788
6663
9542
15751
15844
10765
4338
11189
11943
15703
198
13902
6676
873
1266
2260
2563
7843
2812
5046
13295
14264
1847
11574
7941
7943
11247
6529
4614
5643
15002
8497
8491
10533
13585
10249
8509
10699
6828
14212
6114
16074
14223
9561
11529
15212
7900
2395
9479
3861
12859
9482
660
2433
3776
11911
769
3418
16330
1744
2110
8592
15639
5436
1296
1040
13725
5293
196
13152
9401
2579
10135
1993
12856
2874
2220
14264
8094
4376
7079
119
11433
13316
941
15569
5720
1182
5589
7810
1698
15580
8361
666
1075
616
14918
10428
536
6053
12767
2240
12858
12803
5954
617
9879
4484
6087
6870
13758
2606
8978
8132
13294
9489
13895
2010
15402
8902
6544
7853
6332
5686
1208
8694
3286
11816
14037
9597
1104
5386
3802
6581
2355
11340
13103
13774
3671
7290
14695
10553
4758
12283
6162
15720
3160
13205
11556
13329
736
6473
15818
2501
9259
5792
8803
4702
1686
16008
10047
2105
10654
3995
9891
8365
8406
3210
7371
7878
4876
6838
12743
14175
10187
9297
9261
7729
5001
1356
1306
420
10762
1932
4773
12680
13145
5963
3802
3441
4709
10293
7039
280
4235
13606
2989
14644
11797
4270
5305
13619
4271
12969
12308
1354
9642
2678
15773
6194
4926
13323
9808
1443
8726
4735
16217
13996
15667
7201
10469
11351
5748
4449
9859
13783
14313
71
14339
5189
9539
4493
2567
9453
15076
9027
14021
15126
12552
3288
11708
10876
7304
12604
10881
9289
7395
3625
9670
15286
10734
15640
8726
15645
4939
1866
13081
12978
8753
13185
6178
14672
9440
9711
6541
4813
12466
10171
15358
9988
2531
3835
14206
10194
15125
1995
1062
11343
1936
7403
16194
5427
9523
8572
11351
15499
4057
14021
10230
16291
1262
1909
9701
10597
10010
11958
7523
4197
15983
13478
15485
4274
8433
4518
10307
16143
7484
4336
14234
174
12818
11639
11251
10313
8474
4309
7062
8526
250
5239
14246
4868
4434
8275
779
14951
3474
5734
10850
5685
3677
9723
11310
11673
624
7802
14971
8967
14326
2211
2655
2564
10216
8515
2491
7576
6626
8529
16356
10748
15014
240
16345
1263
16059
6894
5714
4828
3752
9816
81
14839
4857
5253
1118
14161
11639
667
2710
13054
6563
6804
7456
4418
14868
5613
16121
13330
246
16228
23
9656
10530
1807
15804
4332
7140
13497
11072
12462
2679
6708
14503
7371
5023
4091
14507
5682
3559
15948
5505
13932
14909
1657
7823
8383
2392
6935
2291
5240
1464
9677
13416
16382
10527
1643
13145
13096
6254
13637
7325
1223
12060
7147
8425
631
7452
12572
211
6203
5875
13987
9194
1096
1183
14710
9085
1315
12279
6562
10339
319
11070
10187
6332
16070
8017
5409
5011
8447
3973
3336
15931
11970
8077
15928
5937
9991
3534
14013
7882
5756
15798
14895
13439
206
15271
9768
9612
1676
3396
4361
4574
7348
123
1658
6688
12456
10257
1984
11680
7747
13758
8545
13363
9201
6373
9160
399
4346
254
285
8542
11431
439
8307
16199
9749
14587
6959
13486
4229
13631
1705
10824
14576
4280
10391
9235
1424
14403
14729
10227
10217
6282
2969
10341
419
9132
796
1805
10471
12841
8504
2211
11630
15935
7394
14327
6560
12065
6113
7323
14112
14244
13471
15806
6434
822
15368
10919
15602
4883
5897
13458
8843
10089
11078
11732
12812
13872
3865
9113
700
6617
9912
7693
15015
8245
14922
1678
9801
13032
11019
13992
8912
4090
12031
14315
5651
1359
10004
10101
13170
564
12282
15916
10915
11992
8537
7314
14766
9418
7393
860
835
3547
8368
628
1253
15322
4938
3380
14239
14626
15803
3331
10523
2380
10613
1409
15974
10891
12003
6240
944
7205
7237
2803
13741
2836
15095
5590
9277
5923
3646
6558
1973
12452
15344
16325
12529
7771
15022
12630
13452
6556
1548
9301
15371
1118
6341
6057
9553
10166
13508
4368
12934
11976
15268
3768
7518
12021
2502
16143
2367
12902
12513
2322
15150
5186
14289
15644
9070
10107
9679
8743
7802
78
11430
7365
1240
2623
13804
1141
13526
15772
12901
4156
7967
4062
12102
2905
4609
12678
16318
13148
3085
9267
5679
8905
13215
5634
11219
7874
6063
3584
10644
6274
13984
7440
6216
10757
6265
7604
4946
12610
3202
12610
2954
7914
10042
12745
1602
6695
12696
13117
60
11160
1309
503
13202
5135
749
12769
8872
12750
215
5508
9283
2233
1581
4877
1015
5113
5899
9560
2536
8888
5777
7554
2788
2466
782
16
4390
10307
13200
14599
15644
12096
741
10269
7257
1214
8503
9032
9935
11945
7141
706
9233
2400
10015
2691
13973
8617
1792
15064
12946
4960
1643
13195
11205
14697
8859
5912
7414
2519
10205
6051
10357
10047
15490
15254
1665
7614
8718
7079
8798
646
12959
8629
5088
14692
5981
14243
8253
5337
16073
735
16342
5340
3505
7318
2499
12507
13505
10198
15810
8721
15591
4969
15255
240
7680
15240
5834
9620
10614
12801
238
9863
7876
5267
7234
7686
5580
4423
4476
735
3740
6602
6513
430
3035
10310
5372
2848
4386
2512
13286
478
6071
5359
11801
14366
8302
6510
4984
12225
7192
9024
2439
710
7335
7146
10285
10286
2705
3588
15380
188
11653
7616
11975
9322
13922
1970
15876
8587
10805
9431
10707
11240
3217
10679
2989
13943
990
13387
4013
7401
16171
3891
15273
15571
1114
8422
10920
6998
8219
6539
14777
15305
12206
5626
13843
14887
7304
3468
12087
11850
14117
8962
9302
4750
2338
6322
2741
4954
13320
5247
9912
1206
4402
14589
15131
3330
4457
1471
12136
364
16214
11630
13617
2793
9176
14863
9968
8456
10808
3261
4174
9577
345
10104
15408
14752
8922
6073
1022
1935
5415
15050
326
3929
11543
1242
14057
1135
5851
1675
11859
4198
2178
201
3539
10711
10741
414
2572
8335
13127
16131
13045
4984
13994
2977
13911
12780
13007
5649
14451
5708
5848
14420
1251
2846
7218
713
125
8203
16071
2993
7631
7376
12050
7198
12855
4347
12805
9260
10550
5121
6001
14157
12338
14434
7544
2244
5210
4111
6238
2204
12209
14763
12812
2255
11967
1406
3351
7888
15227
6925
10703
9373
1861
13777
1302
3524
13575
5685
9276
7152
1195
5802
2345
7526
2666
4919
2675
10686
13493
7408
16258
2098
2031
5020
12954
6621
261
4883
14591
1435
14644
2735
6505
15912
7688
7005
4319
330
5861
12765
3424
2862
15474
3573
267
12146
9417
10026
2278
15833
2163
1721
2944
10806
6356
5989
7611
3711
1263
781
9883
11838
4955
3997
13233
4489
11339
1534
14471
11724
3495
11134
879
5265
13583
3029
8428
2474
4811
279
4563
11338
3675
5878
1670
13152
10629
3868
12959
2643
6272
11774
14762
14500
13905
15436
8128
4041
15091
4765
13690
13098
15695
16135
2702
4377
2090
11958
11055
6803
14723
14639
9981
10172
12367
1329
15014
952
438
13233
13735
12383
3083
7077
7825
15225
6394
10844
11242
1650
14728
8445
12446
3356
10863
1813
13824
10595
6077
15221
13209
5574
15854
15928
6126
12564
9616
16157
6692
12553
5102
3274
905
3958
4291
9266
14306
2142
12383
5317
1710
6474
4114
14719
8068
11640
10633
3759
12169
11591
14359
16305
13689
10268
7132
1563
9776
11769
13159
8826
4027
10182
4519
6348
2925
12126
12044
9768
13306
2563
12894
7293
898
13654
13400
1750
5763
9618
6651
2140
10180
15222
5215
6629
15311
12277
10998
8254
13043
1012
15172
11364
10446
10816
3415
8016
13589
1558
8306
15319
7361
10013
3479
4648
15324
2928
2062
1635
3852
2808
9147
348
611
15523
15399
10995
4998
6360
496
12354
9249
7417
10183
13999
2618
7650
9886
2864
2992
10448
11692
5028
2315
15287
12938
1465
4705
740
14412
11217
2566
13941
7932
5975
893
1253
15837
14728
7642
16050
10725
16069
6727
3154
15778
16060
12986
988
10767
825
8128
923
2225
5883
5595
1183
4062
5165
15951
143
11312
6618
2936
4116
3307
4039
13977
15159
9723
8542
14255
14928
14988
13651
2223
14816
806
10519
13402
5171
6494
174
14263
1325
15693
13838
5745
8980
10862
9995
7068
11796
13099
6359
1743
4688
10856
12258
7011
342
6063
12151
14838
2677
16227
4380
14287
5340
9151
5880
13760
15936
10631
6989
3569
8662
335
5682
12418
2028
15027
509
7211
13926
16371
10500
14496
14629
10129
1835
16243
7515
7277
12342
11564
726
11167
6900
2589
12925
15227
8929
6409
6849
11429
9387
11144
7159
9321
3537
13108
7150
14325
1975
10348
346
9052
10098
13836
2976
11189
789
12263
2977
8439
16333
3289
11455
6105
7692
11552
14637
9356
14070
15194
8041
10471
6378
13232
12218
562
10841
11162
9765
404
831
8692
4837
6056
1651
15853
9914
253
3029
13109
533
755
13976
484
14726
16236
13259
13683
1847
9481
126
14849
14112
11190
8875
8039
10337
7680
8033
766
7586
3300
11637
9211
6443
9911
14777
7354
7378
8525
11418
8312
7146
13784
3861
11516
12709
6493
11227
10467
3604
4008
14253
2403
6405
14196
10274
2629
3423
6919
11947
14223
5389
9790
10758
13659
6734
12100
6078
10289
4044
6987
11717
14130
15295
16307
14549
3284
9279
5602
3109
5915
5307
5551
1636
11935
4563
1710
13974
670
10899
8877
13892
7376
1980
9729
14706
5760
6924
6114
1554
8386
7747
3403
2305
10155
10419
15441
1909
5042
5227
358
16295
13913
10937
3872
4234
6315
13496
8102
9412
9576
11694
14853
5871
6758
1918
9704
9830
306
797
6607
11611
16114
8710
6352
14967
9105
1063
15194
3761
10873
3167
1734
13033
14744
1063
2394
15247
1264
15214
13243
9147
8700
1147
12984
10
8642
9537
16378
8019
5024
7441
1690
7402
5194
3916
1959
2231
1051
1833
392
3537
2672
8222
8598
8540
11004
7600
5794
9632
15429
13184
7069
4387
11614
4676
3740
3377
11476
8451
5855
6571
7644
5438
12625
2990
4658
7021
4405
308
7452
10321
4703
6055
11815
980
8998
11931
12149
14695
347
9894
3712
4848
12986
8928
7208
13958
14972
15434
13707
8458
3595
12486
13464
16314
13186
8365
5240
11047
9078
1982
5533
7586
5569
7858
14924
13046
9336
16342
12096
16311
4895
7103
13146
13808
13039
2853
10493
10507
6099
11239
5289
8678
5393
1833
11161
16234
3438
3834
7922
10358
8977
2398
5543
14355
13333
435
11540
15788
1438
13901
14762
4622
9538
7847
9197
14191
13341
6071
4218
980
5406
5690
9426
13843
16034
1561
9101
2440
6236
4463
13125
11045
2242
15764
5815
7776
14172
7960
835
2653
10728
182
8573
5903
13948
1688
10513
13880
892
1451
15636
8550
12274
12543
10635
2354
2886
609
4079
7563
243
2780
8594
6076
11113
2517
9657
8175
12260
8209
2730
2405
6050
13391
5591
8375
14348
5352
15316
239
2384
10304
516
3591
5199
9645
147
11956
15623
13018
8689
1230
5908
6687
9252
496
4816
3851
10254
10156
1541
8058
14008
11068
11757
15760
1188
2441
15907
9735
6845
6001
8922
1287
13445
12690
4542
1595
5206
6380
7956
11317
11172
3568
6393
6793
3300
345
12700
15966
6258
13977
4772
10370
12501
656
15913
15528
5125
5052
9229
2747
3295
13774
6240
12627
254
8723
8496
612
14973
8979
15251
1037
13139
6186
8726
3849
13751
15579
1286
10428
5530
5611
5043
12374
14279
2825
21
14663
2186
6962
1387
13702
3204
10551
5896
15719
15838
6928
12366
15833
14550
5895
7788
15011
2044
6397
4869
3351
5084
6718
7140
9931
15325
15162
10910
10160
2880
5755
6938
238
11223
5930
12510
7258
11144
13752
4845
9354
2520
7467
10897
5889
15267
15846
2380
6898
14790
12556
2634
10320
11510
6043
1388
16184
9652
9684
959
913
13704
10500
2168
6390
3136
258
7188
10636
16241
509
3866
3027
7162
9151
2484
12423
991
9966
12936
10323
3931
199
11319
809
7830
3757
7439
802
2073
12916
793
13056
5635
2730
6244
1325
9587
1292
9508
5374
6048
3554
10138
9021
15052
16303
4691
11420
2125
3345
3321
12569
15071
3197
4053
15650
12601
4455
6669
4666
1333
9493
15905
7474
7440
4727
2533
7208
11461
8790
2742
5611
2225
8095
9504
4490
2140
1262
9972
6304
15787
10538
1907
673
12685
8355
7754
9877
8437
13576
14452
11319
4860
11740
10991
13059
6247
11373
8753
10980
79
14563
9549
2834
11898
12844
10720
12227
1764
5420
10345
3755
8367
15422
11542
12570
14991
830
11740
8323
3420
13964
2448
1104
13651
15776
5589
6626
15707
13769
8533
7077
10659
9869
12280
13612
13497
8856
8628
13912
1411
11292
7749
1866
15601
8941
15861
478
12291
3663
2502
8305
11580
8020
2487
13853
13347
11930
2806
8250
7588
2093
13552
15554
15031
8783
12324
77
10464
5820
15996
14072
13693
1727
16111
5408
9437
11892
7001
15798
10141
10954
7802
2398
8476
15086
14088
2129
15592
10993
6290
12415
10544
9311
16095
4711
514
5325
10646
11940
12045
7447
1860
14936
2574
4558
8815
719
3251
9303
16295
5012
14677
6324
1250
9011
14407
3676
14448
5688
2517
2919
14110
14780
15997
16085
14759
14351
15296
10757
14656
10605
13067
15934
9147
5093
4035
11755
6966
1489
8214
16031
11128
822
3542
11165
14918
13331
1724
2482
5072
5582
4338
13083
14206
4865
10519
14439
6677
625
8143
2421
3861
15671
15666
14180
11727
7699
573
15224
13581
14505
864
8928
2154
10681
7977
9886
10245
2004
23
9507
10187
5306
6573
12623
10123
11250
3911
15032
9689
7580
2987
14445
10391
14084
3243
12342
2524
11664
167
13544
8686
5342
14240
10294
7450
11050
11597
14874
797
6423
10453
15899
3309
14566
15172
8883
16168
7725
11538
4427
13
267
9040
3373
1235
4429
10631
9378
13576
9239
12116
15408
11563
12665
16162
5412
8393
11294
10396
11508
4112
11802
12063
7763
11104
400
5844
2872
3299
7746
3489
3845
13086
15011
7852
11867
2377
12159
12383
12670
6188
6268
3296
6779
5275
4775
9042
4411
10579
2052
13552
13528
4482
11239
14960
4524
15084
15171
2417
4007
3088
2272
5189
12081
14790
13054
5992
1061
12272
71
11552
12296
10848
12616
13977
2064
5153
14974
15903
11768
10559
10049
14492
14623
3393
4806
4874
5028
15086
248
13402
3680
8072
1289
3321
14542
4801
5355
11387
8076
13031
8651
10380
479
12015
11957
6587
7853
14420
5024
724
13165
10609
8001
13376
15596
6865
12413
1189
15452
9701
11960
3963
12221
9350
3076
5977
14651
7587
429
5389
12310
13819
717
11504
15827
13038
9811
16347
12411
8662
11781
5929
7218
7460
1792
2216
14193
6615
3829
8816
11381
9930
6046
11720
3047
5943
2018
14037
12432
13366
5904
3370
9757
16139
201
715
12612
7491
4591
16354
16083
3596
11972
1154
3983
10919
2925
10623
11834
5939
13674
974
14179
11962
9717
2177
1502
13488
2194
10233
14116
5282
13870
13493
11037
9672
4460
7228
10550
16107
7099
585
14084
1771
6068
9281
2158
7723
3597
8263
61
7016
8152
15029
15172
3902
13235
4491
14890
953
12778
11432
1819
11884
5944
10875
11204
5514
15518
14455
15635
15328
3219
3007
3066
7043
10429
1236
12707
1968
13789
12420
3436
12215
2362
9749
16337
4497
5266
2600
16073
5280
4369
4451
14174
7095
466
9119
9999
1214
15771
4225
5297
87
97
13823
11640
1579
7512
11724
62
3370
4434
268
12353
11666
4950
6380
14008
273
5060
8550
6354
15866
14927
7458
4282
9139
8770
8399
10049
461
14499
12831
15841
11385
6122
4295
7143
12750
3999
5178
4230
15899
894
689
4854
6020
12023
6755
14586
8196
2271
11562
13654
9030
1778
5618
14472
11897
10939
5159
2514
15757
16294
3611
14097
11876
13333
7349
3026
7168
11763
13720
3523
2131
6400
13831
4779
8788
15670
11784
5501
9028
193
2519
1781
13873
5466
10722
10296
4053
4972
3259
9067
9263
7812
296
13374
15637
5105
5490
11933
5258
4059
11925
6670
14268
8270
10966
4135
8063
11581
5110
9640
14044
11664
6022
11307
10787
11481
16349
3584
6447
5092
8498
13070
15090
3071
3516
15791
7169
10759
15094
5237
3561
16156
11346
12368
9959
11464
11624
4012
9984
4105
9626
14651
2235
12944
6905
11491
2011
12414
2018
8411
15609
13450
11917
15204
5637
2390
5677
1168
10160
13968
8402
5087
11778
6880
7306
508
8379
3810
1690
10097
14755
8225
4239
3382
14577
3763
15948
15939
5697
15629
11297
9067
4573
8386
522
11313
4695
7835
6905
9674
16316
2100
1435
15556
16271
6620
8736
4772
4560
10089
7410
15823
5006
2423
150
10582
7985
4343
14399
14092
6131
10092
9474
4711
7437
15894
251
1680
2383
1367
2653
13768
4672
11202
2657
5171
3943
9713
1126
1337
2511
7661
12092
7639
6347
11609
14064
14259
11412
15449
7415
169
11715
505
10047
6372
4123
264
13615
4924
10569
10014
6556
4327
4577
15083
13125
14552
14277
13468
14793
11324
3818
9806
1616
4787
3569
15297
8432
8431
281
1126
2623
5786
10872
9624
11097
1138
10363
10296
2727
14636
8275
13842
1316
14186
7196
8389
2089
13352
6802
13668
677
6260
4972
3888
6132
8074
11476
6560
10523
10691
12316
5740
8436
3617
13651
9166
7301
10523
6132
9870
8821
3263
1184
2509
5824
13072
8556
8663
1448
4853
13968
5843
7938
12318
611
450
15560
6768
15697
5753
8598
7518
11459
15718
12312
5601
343
4932
2095
4191
6971
6530
3388
15323
10712
3562
13598
260
4470
3806
5827
1817
10838
5588
1011
3304
4958
11183
13960
10375
6558
9990
12859
12470
4966
13733
14299
9247
762
6630
2752
11280
3865
11314
3820
10050
5614
13312
709
11347
6535
11674
7984
10598
15435
3704
6003
2410
3562
7956
5252
153
9799
11067
15419
12162
8187
4164
7070
10164
8995
11850
6602
7548
11567
14014
5943
7128
6763
6514
10093
3449
11470
2667
5871
2396
10103
14063
15661
2047
6140
9816
13573
12169
7681
7726
2661
7246
6013
6527
10382
941
8383
7594
13380
8727
11618
4098
12117
5144
9435
9304
1033
13630
5178
13067
8491
11978
4910
6881
12219
7457
11512
7805
9500
8275
13733
7731
12088
6883
5756
454
16037
7585
6603
6291
1376
13778
9816
7193
10933
12373
15269
5908
15800
11965
13211
10348
8203
11398
3173
1387
3456
7376
15448
13722
11125
14381
11499
8371
7950
3838
5884
4939
1292
6666
5062
4512
2242
8536
10424
15755
15846
14706
1306
193
12511
6425
13950
10968
8982
13187
8759
2035
5523
35
7280
12856
9192
11067
12620
9022
5078
3533
346
15021
5007
12483
12587
5960
5131
10712
642
11613
101
11848
4213
14467
13368
8627
2324
11423
68
2084
13534
16149
6743
6082
4020
2928
6689
9742
8299
15221
4404
9752
5504
9085
1457
14633
15495
6395
360
8615
2058
10519
3773
12704
2125
2817
4905
6113
2284
4531
4515
6446
2017
2548
6378
3669
9292
10543
5800
8141
7535
9586
8253
8418
3636
4976
1018
5261
9537
9666
6226
11227
9895
3827
14586
15178
3501
2747
13425
11652
12494
12717
2134
15761
2402
8843
1595
7352
14415
3601
9444
13978
5392
4465
8522
9662
3394
8135
4237
1101
10318
6885
4814
13986
5682
10380
14532
751
12976
4847
1591
433
13048
11323
13393
7241
1268
8479
603
4093
872
1506
5496
2345
5293
4126
13137
750
7856
8689
2117
9713
10827
14761
10677
15611
8355
3077
15546
4067
12393
11818
6122
14856
4327
2804
15190
9555
3385
5299
2518
11170
12393
7122
9323
14843
8872
7244
3096
4887
16047
8152
8178
