1026
356
1956
224
408
1576
224
737
122
966
1881
452
2033
1272
954
175
226
1158
532
1971
1667
736
1130
1745
464
420
2023
1667
1495
1448
924
1155
1464
1623
1314
782
1333
1816
1168
102
368
1002
1271
92
951
1394
1987
1911
30
1639
999
1135
1009
505
72
106
718
373
1991
1865
1280
1882
455
1450
1239
771
986
955
110
1671
1099
1936
935
187
560
1229
1508
1377
919
468
688
1507
1749
426
1346
762
1405
1132
1433
1441
1591
2016
577
1401
2027
1464
1536
1491
656
1173
1451
1643
2038
1808
1566
102
527
1782
1364
435
1837
1427
1181
1762
221
1417
815
843
299
897
1980
1711
1243
1077
2040
483
644
1862
1298
147
1382
337
797
507
662
843
190
992
617
1199
55
1059
773
37
1863
1204
965
987
1454
953
272
1504
1590
743
1646
352
1537
594
452
211
975
158
1348
1062
431
1855
1133
1863
1708
1986
1280
418
1100
1612
1019
825
1451
235
439
526
353
1705
195
68
172
1261
1059
1953
1412
890
1827
350
201
1105
591
1333
1008
86
182
922
1289
763
1628
1296
1197
167
1589
1572
1341
1149
1673
1892
1220
615
1677
963
443
273
2026
1985
1184
1686
941
672
229
1754
962
1477
1243
1497
233
1014
1533
1622
587
1014
1306
773
55
653
461
1925
1927
1233
1314
1081
886
1290
977
338
369
1241
654
715
55
1852
1117
1078
852
529
397
1743
963
609
1183
844
1556
330
2033
1389
547
706
1168
1648
1432
217
563
853
1246
354
1807
1231
1726
1978
1386
133
600
1515
785
1073
1075
1530
1549
10
1941
1517
1169
699
613
562
71
383
1142
577
579
927
563
1589
1423
590
1840
243
1087
1989
946
2025
85
1287
1873
639
41
1846
334
978
1506
1787
573
1797
327
707
1119
670
1414
332
7
1
1904
1298
194
1163
1671
556
844
1770
582
430
186
1696
1947
540
1698
1408
531
637
1887
1517
1172
2043
555
1516
1448
1325
1347
1881
299
1643
444
1994
343
282
1492
2019
190
80
661
167
432
396
583
153
1078
1422
894
1041
1156
513
710
782
1592
456
1017
1685
1103
2035
1670
1917
1154
916
451
1186
7
134
86
1029
724
1038
767
823
862
245
1595
777
1644
1966
1527
517
619
667
515
446
1416
1622
1994
936
9
1483
531
425
621
367
858
897
613
78
507
223
699
1
1809
1088
1748
60
263
990
647
1026
1948
538
1823
264
1250
1732
1819
1242
1943
705
1337
1036
1900
354
114
642
920
1774
43
1972
1853
1201
1102
662
1544
326
1316
531
1837
1256
1833
1751
2029
1759
1442
341
1517
1482
1672
53
1112
929
1509
1558
900
454
1904
129
705
1261
75
1697
1272
1450
739
726
799
1083
2032
1767
1529
1757
1632
1854
57
1097
261
1643
20
719
459
1869
1173
821
1574
1669
1577
718
1189
1217
976
251
1202
1856
91
1453
1764
850
1563
570
1999
512
896
253
1392
105
502
809
1783
1073
1185
1620
806
1875
803
1146
1491
1058
808
624
913
1274
725
544
95
943
238
2011
244
385
2045
1076
440
1597
301
914
1396
295
895
1664
815
77
1630
1618
1685
1857
563
1548
1830
1169
1537
921
376
397
1791
1649
1248
544
1764
2039
1494
1793
1954
403
1419
345
1810
887
584
383
235
737
1095
296
1823
1421
1911
1758
1680
376
1903
1081
1041
1568
757
838
73
1483
1806
857
806
611
222
1490
1677
1463
84
219
1094
559
1235
112
1284
626
1400
573
15
73
533
1025
1932
503
1751
240
2041
89
1690
793
999
1002
1942
465
1339
336
31
1591
1062
175
1299
1265
621
1868
1811
212
40
713
530
1421
56
451
709
642
667
146
1506
215
1360
263
1830
1465
1169
1982
1626
1904
1798
716
1225
15
554
666
624
1003
1960
627
734
579
86
1757
574
1183
1671
1957
1204
1503
1550
2012
601
420
1588
477
1347
1374
852
307
1098
749
1881
348
1837
1899
626
1980
1555
323
219
98
803
926
935
295
1950
1633
335
1140
1947
1695
631
264
1510
1227
452
538
525
270
1095
662
1246
1445
822
365
986
228
162
190
1036
1201
1620
476
1047
1464
1120
1884
246
1830
477
1805
1557
1635
795
2020
913
1405
1635
1635
1612
1075
777
1590
1529
846
292
1844
1976
1752
154
1089
707
1613
1514
973
261
2044
65
206
584
1615
563
701
1302
564
1381
1538
1382
1738
78
412
1688
1661
2045
1180
1562
650
336
1310
973
212
1021
1665
1646
892
1953
352
1643
1511
765
538
644
601
1258
1347
300
1286
268
1095
1855
931
2012
1412
694
1204
758
819
1283
267
808
912
812
884
149
1419
1545
805
1744
1122
321
1330
173
1594
1569
48
907
147
1901
478
373
1810
1694
639
1379
1225
493
1983
1694
914
1628
9
397
704
1812
1381
330
1069
497
489
1903
828
1055
1274
1802
1318
1748
927
1792
1877
1778
836
845
1175
1030
1040
1131
1738
1380
171
1758
1352
40
85
1674
935
823
428
501
104
1243
47
1470
404
1052
1218
190
835
468
687
1038
1736
768
1646
296
2044
1546
823
1606
1330
1018
165
1431
1711
188
1364
1028
826
1332
1137
1681
1057
709
174
1670
1229
1608
2044
385
1530
167
514
1950
655
1910
90
1836
1341
1017
1704
839
1445
112
901
837
1701
1592
1024
1736
1374
1677
1859
1177
1108
809
1972
1206
305
2017
447
635
1471
1197
456
1036
305
1758
1475
387
469
1574
1217
1399
473
73
57
1115
1003
334
559
321
51
277
784
870
734
612
1616
1726
1326
1682
1120
1892
1379
1937
1870
816
542
1124
1002
466
866
1448
1218
511
258
360
1924
365
399
1528
920
419
1546
1676
1329
1097
458
1741
1431
549
2041
1610
116
1120
2004
1882
1612
1336
812
1961
916
1169
1439
938
2045
1881
1797
1991
814
1772
1357
969
493
309
225
1878
1245
42
923
1026
1928
530
1292
1379
383
51
1435
910
1806
515
1694
1865
1748
612
1146
729
915
2036
650
313
1541
880
770
285
1492
1950
1783
300
217
1718
1737
757
209
1194
739
1146
1984
534
286
1888
1439
1708
882
899
1730
148
682
161
1912
1805
517
699
2008
291
1446
329
1950
1227
1244
1425
1664
1902
1968
1860
253
1368
1514
1790
1634
1666
1655
1614
1650
323
564
536
871
1926
1161
1222
156
1386
485
87
173
937
1140
1406
1102
185
1771
1876
798
1213
1942
1703
1179
1029
311
1997
423
1643
1418
1078
1840
1380
549
1018
817
721
1209
1812
1612
1184
295
1151
48
1648
1165
2009
1267
143
495
1487
579
427
36
431
348
318
1072
524
1180
233
1151
1759
877
413
1374
1568
1466
2016
1625
1405
1907
1990
426
127
1774
1883
794
335
956
1468
1967
1691
464
1580
896
1171
250
1452
802
541
1106
1127
1329
646
1693
990
162
796
622
218
1005
850
1987
1994
481
825
442
1739
1430
503
135
2002
548
647
845
1456
1698
1410
195
562
1455
890
883
1389
737
849
951
771
133
422
1011
1693
1865
86
937
294
1508
128
1153
371
701
497
1223
555
1975
912
12
1253
109
1982
980
1528
990
1817
502
705
398
590
1413
1889
239
1787
1938
322
96
412
423
1851
1030
608
1307
1955
1929
364
1490
68
337
549
1996
821
1733
1942
97
2015
1407
557
1595
1728
554
109
1224
913
224
779
56
1697
1348
2038
189
1195
900
1442
1927
1619
1356
425
611
1889
1543
64
293
405
950
1096
1853
1352
1269
990
762
278
957
1573
1016
648
1433
1627
1665
490
1469
262
228
936
1440
217
1254
1248
1529
508
1006
1460
1595
1959
1748
1598
440
554
1756
1804
963
1827
1978
84
1237
1275
1460
1546
270
924
1268
114
1492
1512
163
1265
2
1847
893
591
1829
179
178
1086
1642
856
881
416
170
815
1594
1514
1095
1685
2024
203
383
1888
1515
1093
1485
444
31
105
1874
343
261
1095
1405
564
1655
513
1867
1388
139
243
540
1052
1595
1538
409
805
1132
1196
1745
1003
924
1100
1403
2041
1309
1185
89
1563
1562
2023
818
1712
758
1370
1563
1897
2019
949
1347
463
44
1913
1326
1349
1721
1278
1011
2016
220
60
24
1007
942
2009
1498
1900
1813
1586
501
1382
698
1624
885
2027
1555
393
413
851
879
393
168
291
1370
1622
1036
1409
1769
230
378
615
742
24
1820
20
1331
404
457
353
1260
1401
185
1759
1313
556
1356
29
1250
93
1495
1288
794
1895
1530
623
1490
577
534
239
1304
1014
154
69
241
555
1459
550
1426
879
731
1730
936
930
255
963
1245
1462
73
1543
1371
5
1180
1731
1214
214
1201
1811
459
1040
652
1492
1643
1572
1940
1964
1389
1911
1400
1405
222
1000
1471
678
1459
1623
1947
1843
374
916
1710
690
283
496
83
706
1120
1320
75
1004
1927
1970
1324
456
1099
1915
590
153
1598
957
1055
595
985
466
635
355
1390
1390
1556
932
840
1254
1428
1144
466
1825
1534
1045
1694
964
763
1375
1322
223
378
339
1628
47
408
1243
2041
256
46
160
453
790
304
669
1614
1312
684
1991
544
1360
1342
167
1105
485
1624
782
1702
1569
335
308
1217
1362
124
521
515
1789
367
1788
1859
263
28
2027
338
1764
1892
1455
82
505
987
969
63
1470
537
32
674
1626
1828
681
1663
1714
1578
1786
1866
714
276
210
1475
941
672
563
2021
199
1105
356
1967
114
602
1930
1470
1144
1224
1118
1095
825
1962
1636
1260
119
1957
1513
510
1927
153
1014
914
1903
1747
1704
165
107
1332
1181
1783
1574
1534
971
486
856
440
1268
1538
993
1762
621
463
834
306
513
94
1347
1750
494
831
2029
759
1759
1418
1043
748
1222
143
407
660
82
1494
1759
697
1645
1231
1051
1763
1942
2017
1753
674
1564
1584
757
1058
557
2039
853
236
633
640
551
992
1164
1421
1223
634
1069
644
1300
1074
1853
1404
215
1584
1897
224
753
930
850
1692
1521
841
1323
1461
1245
1178
1493
78
561
718
1663
882
1592
239
2006
1947
1808
123
1859
58
1454
1195
510
49
454
115
703
98
1969
186
1395
915
1452
1747
589
508
1490
851
448
1330
275
1879
1552
224
881
1816
1634
1799
1678
1132
1158
1408
620
540
61
296
1314
1056
550
1372
1372
455
1469
1549
1214
1378
1048
371
644
412
1577
1813
1773
65
1172
1286
1354
897
27
1351
2048
1977
245
1743
1489
556
1585
1370
1450
1510
1034
628
163
1904
1685
699
828
473
1919
1536
654
549
733
284
222
343
798
763
222
804
771
1651
1916
111
1922
774
1586
1722
1370
962
313
1203
1119
1869
212
1427
781
1338
693
1206
1332
425
1910
73
1812
1048
433
970
1558
1852
612
680
304
332
1436
13
1757
764
1546
2007
23
1708
29
517
870
1778
176
1468
1806
533
1600
152
373
502
1803
1959
223
379
2043
460
1685
1416
1003
1488
1638
1116
239
1204
1698
2042
1139
1974
1900
78
1699
1464
618
1936
389
715
1099
1573
1332
1220
760
448
1557
1311
771
1905
1455
1672
1456
50
603
325
1241
640
1471
963
741
61
547
613
2021
1835
930
78
1068
1853
267
809
