3395
10306
4033
10750
7267
3971
942
1318
11790
400
6051
6270
9472
4864
8234
7412
5505
1506
10405
11336
2141
6234
4562
4818
8288
7338
6941
7953
2213
11081
3640
8744
558
8531
6920
12081
3202
1858
5636
9570
3514
10489
3678
4728
10018
6498
11336
2873
1422
4625
3435
9465
8743
1551
2901
2887
12074
4862
5228
3185
8908
195
9593
10967
794
7524
6648
8304
10724
6994
6619
10969
2122
1410
10847
11909
815
3152
11708
11061
6952
6154
84
10305
7673
5290
5939
1247
3962
4095
535
891
5435
4086
11151
8924
9414
3411
5473
2038
10592
6897
6758
4885
6250
3172
7167
7752
8163
12197
11000
695
5401
3226
2136
3362
9387
4756
6091
8843
7401
450
9184
7946
10439
2181
1796
11814
9100
4979
1155
1058
9150
4310
9789
6513
2193
5923
4926
4540
10997
6738
11720
8781
396
11502
11428
5364
1014
11124
11937
3037
6873
119
1471
8122
401
3842
10001
10809
395
3688
1849
8150
9264
5427
5770
3656
1282
6360
6680
2071
7291
1865
8678
5522
7909
243
8333
1445
2930
7575
3833
4076
11921
9394
8418
413
4125
5195
3742
5792
11787
8347
6195
782
11340
10355
2215
6323
7048
11986
9458
9151
6323
6142
8166
3416
7318
405
10800
4611
3976
1063
1001
2746
3278
2920
10773
469
11948
7508
7908
8446
3859
1764
1925
1073
1118
5505
9386
6716
213
10911
4586
7851
7395
1151
2451
4662
2192
9112
5258
6096
10648
452
5011
11373
1567
4128
2688
4563
5528
4420
6673
7170
530
1515
2835
11209
6617
9998
6842
10679
4114
6575
10652
2374
208
2386
955
1999
8848
1700
10968
833
8355
5820
3981
8824
10075
731
928
3115
7605
10693
10664
5094
5787
7323
3924
10805
11060
5410
7805
5576
4202
9257
9909
1936
4635
8984
11632
4436
1911
10187
8191
8216
2783
2930
278
9889
3715
2294
1856
10148
8546
11081
5063
9093
3858
9352
6954
4869
7496
10885
5266
155
7915
1123
9496
10801
10463
5320
2275
6043
3049
8733
5084
6130
4143
9836
1342
5813
10996
4902
6997
8312
453
9482
8352
3748
8538
7138
10823
326
4814
10601
7977
2882
9127
1226
5668
3585
9338
8796
2600
10256
1837
5443
5765
6971
8403
7011
1845
6317
5298
4390
10253
3296
3543
11999
3513
9700
10832
9147
10100
1387
12070
1702
10282
7200
4749
3886
2372
10857
7663
6336
5045
9044
3113
2054
7511
4991
9346
8824
2518
6655
10228
7746
11188
4107
7782
6935
8112
192
5093
343
11061
466
5686
8300
3970
1672
2640
12259
5418
5232
3374
8634
10249
7609
6317
6302
7042
961
4689
7300
2837
10448
3753
3442
3865
6430
7847
9036
7137
5443
11453
1254
2205
9016
3902
3211
11050
4143
4113
10056
216
9862
9837
1221
666
10091
4395
5345
5936
5954
605
3887
11167
251
8367
11367
1292
7848
1470
6903
3998
9428
6047
6085
4613
553
11333
4246
11746
3353
3852
2628
175
3082
2706
6204
3408
8752
6369
9513
6344
9774
6059
11168
11363
4652
680
10549
1230
4738
6554
6621
9953
6017
655
8182
2354
4463
9094
10542
7667
11081
12170
8780
245
11790
2224
11810
523
12026
7655
1008
7372
3301
7114
933
9351
11405
10711
8302
4752
7804
4365
8623
5220
6375
5360
4139
10134
1371
2402
11360
9321
2658
12224
11890
4454
11881
1050
3468
4987
11877
4790
11544
7078
8594
10438
5535
5846
6013
4101
338
11163
1027
7183
5136
266
9474
4889
3444
7286
2789
1198
523
5928
6926
9799
8992
11760
6568
3459
766
4914
10788
5067
1366
8484
2410
1295
11127
2836
7254
5116
9639
5273
5901
2772
3101
9179
11524
6419
1597
9303
8993
5971
7847
10325
136
11230
5877
11667
12146
9792
8377
6723
4680
11578
3018
5102
11929
1551
5230
3582
8953
1310
98
4347
9130
11089
8830
1284
10480
10661
2191
1140
382
5713
1437
1023
11191
7621
9217
952
11433
827
4498
4467
522
9947
3618
10356
3409
11769
9840
5284
3015
11243
923
8705
11057
1828
829
3272
7863
2352
10575
6913
2320
11459
6879
44
5560
8729
8076
6480
264
10107
11340
6109
11959
6459
49
9782
7516
3782
582
4845
3924
9646
6447
7404
11342
7802
813
12112
7522
651
12217
6942
2247
242
8633
2293
8140
2553
7472
10539
9439
4701
2969
11464
3836
4751
3854
9942
8403
8517
9031
2595
484
8162
2459
3326
5482
3059
6601
5748
8464
6983
3584
10639
195
4962
945
10840
4876
8244
2561
1298
4110
745
10853
11631
17
7628
6212
9691
8577
1854
9588
736
8299
3694
4830
7638
3111
11738
2302
8768
9483
9804
493
2171
8007
2201
10325
10670
7849
6635
549
9812
8775
6977
8070
2009
5507
11593
2860
2581
11873
7692
2626
10571
1911
3090
6574
2991
7799
2918
11924
10615
1617
5153
3570
5398
9370
2364
8247
6394
10076
5419
3404
9360
3236
328
5765
12238
11156
11137
8945
96
10251
1980
2761
4529
3870
6473
2181
6553
11793
9786
2958
7348
8144
11692
9023
1706
5030
7859
11590
8604
10582
7851
5234
11930
6021
773
2301
8965
6189
8974
5027
7629
11489
5732
1300
4110
986
5025
8940
4838
7434
9815
251
3342
523
10000
4271
5489
131
10033
9386
1284
12046
3940
6653
2102
3194
5419
8698
352
10628
11390
4663
11181
5150
8053
528
3408
11659
8277
7396
10551
2751
4714
10704
11341
6578
2558
6840
5883
10017
7440
11923
9395
5285
588
2547
580
10483
4753
7919
3737
551
7314
7480
2495
23
2090
157
8880
3873
9851
10668
7799
838
8337
5298
5103
4929
11818
5147
10014
12083
6582
5609
7314
3482
4056
4884
4531
4587
2233
691
4244
1787
9782
11116
8127
2287
6360
3875
11489
2826
3801
11728
10429
7625
6031
9489
6594
11221
522
989
6731
1708
181
6825
3795
6958
8659
470
3400
5025
4967
2226
9054
3015
10282
3065
6289
5597
9139
2800
2511
785
5566
192
8307
9421
1750
10561
10600
6584
11581
9279
10312
2491
9823
2338
1235
6572
429
3490
10816
9420
9073
1198
9972
6611
11748
2667
8924
7197
2080
610
1983
4451
11159
3807
2604
4117
2535
9339
7673
2164
11047
6512
530
4241
2170
9634
2510
3520
6890
10049
12240
2875
7688
11366
4943
2628
7702
9053
4222
1192
8890
2441
7492
4851
3284
10411
1217
313
5277
9795
11346
10891
2414
1426
8828
10237
5615
5803
3956
3840
11484
7017
12075
9518
53
5700
2893
3184
12058
8385
10352
8007
4116
10058
12034
1433
7992
5612
1631
2460
5868
11601
2763
1895
8499
7566
4932
2380
7930
1689
9113
11467
10990
7718
7963
10034
980
4909
6659
5630
5966
9853
8938
7642
1576
3210
4092
547
1177
10086
5814
11657
9313
11438
1574
6540
3301
237
10910
3903
11922
11524
152
8801
676
10717
4405
1373
1185
10423
10935
8520
460
11075
7878
1023
1350
3024
6664
7078
11587
10768
5591
8197
4101
6384
9480
10072
1849
7849
12205
9641
2425
5122
7033
11504
4079
3387
10115
3384
8958
4667
9985
3272
4299
11593
11791
6142
1302
7491
8393
11900
7869
2528
7605
6106
10305
3030
8782
679
6511
2595
7115
11798
10058
5119
10913
3145
10146
6719
3634
684
8722
7051
6518
9475
8775
6911
10114
6059
10922
3934
9479
12208
8598
6949
818
11159
9323
11946
2594
10693
6896
4419
10592
5336
3923
1525
12164
3073
1206
6502
9741
9288
1846
6285
4479
5042
8462
78
4336
9390
12031
11813
4778
11077
9939
4648
7451
368
1840
12024
999
3902
6195
11272
3733
11049
9849
9870
4512
3007
2701
8319
9776
731
1579
4204
1466
431
3493
11921
2803
436
218
8041
5989
4699
5104
2783
2184
6305
537
1359
9809
9494
7148
5733
4895
92
3027
4289
1208
7575
11181
10153
5936
5397
12097
5519
1699
11737
2662
10813
8250
10444
8546
3286
8251
9962
4390
10992
9968
7792
11803
9209
886
11157
2817
11288
9710
7151
1919
9598
2023
2663
4617
1097
2119
9983
5961
11921
9186
8262
1906
1319
11973
8302
7365
893
10405
4262
1157
9283
4428
7484
1756
7324
310
4408
8774
1969
871
3305
5193
5234
2619
3047
9404
2651
3385
4105
9338
7137
11076
6693
9841
10239
11634
6094
11003
1974
5824
9875
5734
3651
348
361
3110
6983
5658
4626
5761
10605
2777
8514
3015
2726
9553
2847
11194
10
9791
5124
651
6842
11153
3438
859
997
4127
8047
6020
9697
2708
3395
6683
3737
10205
357
4553
8195
2556
10794
10625
8162
7814
8056
9399
7065
11492
1759
7298
6327
7718
4255
1841
6422
9571
1424
5583
973
4693
2296
3528
11017
10778
5358
8063
8185
9015
11563
10471
8196
5184
3949
9630
6941
8117
3848
3843
11268
8388
12189
3465
10038
5798
1368
3256
9811
1451
9040
1723
1098
10578
5364
976
7373
57
6095
3338
4484
9076
675
604
2860
6197
5570
2873
9445
4413
705
4442
5772
3473
1289
7474
5524
9219
11127
10221
8400
9300
6742
5984
3348
4920
9869
8034
7604
3143
10065
10806
2250
1698
12020
11597
9490
4099
3200
6652
6618
10754
6399
8377
10349
9098
2505
3832
11387
8421
6470
8987
7384
11864
10735
10802
6844
3888
9906
8888
1051
7911
7893
1156
8173
6412
9871
12196
4603
5404
5206
2953
6962
2532
1248
7172
5478
9806
9553
3816
9534
9320
8679
11778
6399
5793
367
6123
8350
7129
1749
10274
8965
7755
2234
3531
8640
9247
7921
4452
5943
7270
1936
10668
8393
3812
4903
8155
2138
3129
5390
9144
1091
9420
4855
1398
4348
5058
12178
11476
4017
11712
9527
5805
5826
511
11598
738
1376
4894
11833
3605
1759
2740
7939
11263
3522
4690
3950
8704
8480
8838
6567
4171
3283
7936
4413
1931
8739
6567
10432
8170
5863
6212
1437
5728
1482
8799
8205
6521
3296
6779
1926
9118
11778
2002
11303
6243
9802
12094
5477
6880
6172
5170
6821
229
6176
6749
5442
507
1893
1312
11222
4996
5801
2343
821
2762
342
11988
6275
8954
2928
9937
9754
11259
3501
2715
9778
5157
7170
258
1988
5877
6723
10975
10226
3894
11612
8062
10765
3926
7358
11414
9284
11307
3687
2278
3250
5001
7485
11920
467
9976
7095
1305
10951
8343
2238
11103
11327
2278
11833
6412
9014
1939
9224
1431
2413
8432
1196
5156
11905
4440
8367
2612
2852
10946
5985
2888
10490
9998
7685
6549
2414
10420
5767
9763
6872
2073
1833
10278
291
2513
8665
11587
2875
9583
6265
5168
2905
11039
725
2162
6313
3987
10274
8536
2163
10919
7818
8606
1643
11728
6396
7110
293
6513
1045
5243
1212
10101
8454
5459
8344
3569
8334
8588
1091
4849
10246
445
3996
6827
2623
10150
12180
572
10979
9179
2814
9015
3372
1754
6010
11436
2764
2669
7952
5581
5363
5604
279
7765
11217
12277
10516
10849
4439
8057
12222
12093
5214
5631
9058
331
12121
7958
12114
3652
6589
8148
1675
11903
4043
9337
10577
10371
3427
12023
308
3020
6310
2870
2504
10016
8462
2241
407
6047
12049
9526
7320
7921
1920
9259
51
6873
746
5563
10407
10640
5544
209
8284
2211
3282
9256
908
6436
1674
4587
9084
7247
3406
3232
5087
5356
6541
5082
4388
9418
11087
170
11045
7216
8879
1767
2763
9678
9686
3340
11232
5670
6930
6051
9044
3465
11671
1117
6867
4973
4859
8541
1896
5441
10538
8465
10675
844
5009
3683
611
5212
2797
3284
1485
2721
12154
8189
3353
10442
3980
11949
6822
4609
11957
6314
532
8828
7391
2288
2260
1534
9403
10691
12259
12139
9906
5658
11928
3565
7564
1089
4358
9993
10529
2706
11132
10146
284
7961
1659
9704
5545
10183
8584
3921
539
4858
8681
7769
11626
10098
1333
4560
9177
1567
12123
6139
4942
8744
2597
3396
3679
10553
7536
3675
3954
11892
10803
2532
12104
7235
1826
11901
3288
6782
10544
5801
7702
7956
1094
618
1595
6951
5452
1837
9201
10117
9512
9836
1807
12187
11104
12226
3429
6849
8057
10239
5586
10360
5848
4460
9105
4213
11306
3056
4678
201
7714
3394
7026
4001
6812
3623
10058
920
11073
9036
6012
602
2020
5788
4087
5845
11422
2748
5158
2177
5198
2335
8574
2367
5674
3506
7017
9443
6002
3024
8164
12080
2613
4985
1132
453
1480
1099
474
11699
11805
2047
2834
1910
7434
11403
7863
9575
11776
7449
5095
5538
7395
10138
7300
4987
11241
3031
2401
5309
1143
1469
4123
806
10254
446
7925
9492
9859
12064
7796
11488
9838
4145
530
10858
7075
12137
8295
8787
5729
11818
5655
4469
4937
8530
2106
6990
10210
674
10957
7223
8908
4425
7506
9074
7939
11469
1480
7787
8894
9191
5862
8181
5897
8730
6180
10035
10812
3814
3461
5301
6272
3019
10334
4300
2984
959
3986
2024
7658
5932
4008
7669
11411
7452
634
5836
11606
2916
4500
383
4932
2750
7823
1615
6768
5719
1041
8752
6443
3747
11888
8342
10629
2287
6226
8509
10766
8052
5623
5387
8844
1960
1471
9648
5105
5644
5096
8108
2336
4828
5090
9026
6284
7644
5521
8495
3509
10683
3994
1738
503
7087
1071
2968
8919
3952
7031
2313
9981
7725
12100
3040
678
9272
3915
6381
646
5400
8056
6656
4934
9250
546
3119
3346
908
8742
5981
10388
3261
4889
2131
3650
8061
8856
1783
8514
12034
3901
3138
11987
2939
2957
420
1118
8765
8573
1026
570
255
835
11088
4818
6561
4551
11938
4594
8330
9266
9901
4599
7578
5526
25
1455
10253
5913
2429
2967
205
11316
6426
2043
4988
12026
1056
126
5896
9306
741
10547
11344
163
8921
3920
5364
1375
9282
1637
2328
11526
4080
4482
10765
10742
8356
3431
9819
7354
12223
9199
5787
10907
9372
7186
2049
1968
10073
10617
9510
6596
9298
12285
5225
10734
4828
2474
358
11018
1237
9785
3934
9421
6926
7372
2420
865
3455
8670
94
6259
9478
1397
1926
11351
4715
11374
10207
10706
2931
8549
6751
7333
9998
4213
1767
6962
9401
10071
9754
1617
9211
11747
554
10931
8989
11637
1119
2072
379
3681
688
3365
6052
5988
10243
10803
7360
7249
10044
6618
5009
11549
2652
9273
7495
511
5799
9637
297
2452
9524
5919
30
3895
1606
570
5311
6334
7168
4551
9690
9232
12255
11170
8944
6094
7875
8861
11446
1824
9604
10081
8078
8180
9095
2709
4263
8642
2070
2319
5620
891
2287
1833
9208
4247
11377
9778
6602
7783
3859
8977
3676
5424
6271
10995
10230
8814
4086
2905
10298
986
11417
3094
9005
8032
171
8311
8487
11210
12245
12287
635
9123
8737
2841
1067
7787
5886
3975
5212
2792
4069
2594
7105
4013
2698
1391
3862
3149
5791
7240
3391
4605
2893
305
6214
7110
4947
5490
5176
2423
3722
3207
10478
11634
1781
7638
421
5157
1388
2428
3006
11994
799
9634
111
1030
129
4867
10882
2805
5203
2819
5850
3588
3027
5442
3753
5062
2319
12001
707
8205
4479
5842
8933
5028
6142
11709
4319
3969
1277
3078
11147
8222
11907
11177
4541
7777
10433
3579
608
11427
3333
813
2830
6654
9638
11172
10697
8879
7037
3151
9152
6175
2676
7250
8676
10218
11993
7904
5112
10033
2795
11926
8503
5384
7913
1674
7717
8682
5254
2010
9374
12270
3924
10453
10994
175
1339
3179
816
107
9859
4735
3093
9919
7183
2003
2888
7171
4700
8649
4177
5666
6800
6649
26
4112
8341
1249
7780
7790
8701
228
4469
11985
11116
398
5340
6758
5139
8332
4054
5734
10161
619
11646
1689
9156
836
6434
7322
2777
5809
1099
916
5870
704
8660
1130
8043
10166
8094
4285
4923
2268
7063
9577
7023
11221
6957
9005
4250
7487
9894
2568
9056
11176
10026
2757
2259
8073
6918
164
5022
169
2762
6749
7176
12064
6971
11286
3472
10674
5536
6341
1493
11172
1875
11066
5418
10828
8941
9246
7165
7653
1774
234
2620
1990
2177
5314
10168
1867
11608
1608
2506
1296
9859
4490
10230
11686
4456
8143
2983
7669
7189
12248
3493
9957
6643
3005
7764
1884
11927
8792
2318
6256
11641
8025
4270
2818
581
5443
1006
6018
7902
4876
5710
7361
926
6570
4860
11753
6774
8423
8189
9896
8787
2603
5157
5755
11184
4256
12206
6603
6887
9972
2447
10492
5585
2705
6660
5028
7071
1802
11105
2689
3376
8040
1034
455
7088
11824
5812
1208
7914
352
6517
3647
11937
6768
10408
3736
8810
3423
1473
583
2271
8207
8582
3504
8669
9892
1720
10627
2109
9917
4683
7994
7072
1772
7680
6859
8157
7329
291
5335
6126
1029
919
10822
1544
572
9655
5516
819
11529
9953
6087
8668
1490
6754
7019
9426
9475
1847
759
4546
6438
8740
7868
4498
2651
776
9487
3358
6411
9583
10134
7036
11078
8795
1577
6297
945
2752
9251
8432
8644
6666
2167
2392
4880
11563
9387
11575
11991
6606
8055
971
10451
6981
9618
11286
2728
1228
5467
9686
10267
3673
2578
2432
6002
418
11416
1558
4849
9603
9707
8780
1159
824
11001
5142
10856
10302
450
6276
7484
4113
7781
4087
8800
1769
11863
976
4602
4717
5608
40
669
847
7688
3133
6547
9778
63
2205
2825
3805
2
7328
7061
11637
4238
8922
1637
8496
4082
7725
703
8955
11144
35
11667
2380
4913
3648
3461
3012
12007
11591
2728
10534
11213
9087
6236
9198
6551
1865
11557
11783
1524
9711
1146
5393
4461
5616
896
3581
5047
2431
5222
11315
3622
9150
12207
319
291
3824
5062
10810
8988
1138
5318
5561
2230
5721
9441
5897
12017
11226
1265
9860
7533
10180
2186
1575
9595
12184
12053
17
7937
2634
10591
8559
1583
8525
6641
3600
2920
4474
281
11931
11736
6905
4237
1182
12069
9423
8533
8840
2223
366
12135
6060
3473
152
7604
520
12063
8972
3407
7510
6315
3880
7573
2434
6130
1139
9034
10861
11027
934
11189
4962
536
5625
10632
7812
7198
7224
7552
10753
1761
2988
3333
12077
8102
9327
5043
9099
225
717
3177
7321
3558
11977
4021
1276
168
9669
2486
11052
5546
2466
7883
7931
1772
9283
8410
9865
2088
8839
9889
2712
11746
9629
476
200
7823
4753
10767
3527
10773
7259
6443
12114
1929
11234
2356
8645
10597
9923
29
541
6870
7278
7962
3645
1383
7181
3283
11520
8070
12164
908
12239
10469
11001
741
2984
6980
712
2525
11874
1921
10988
7226
11864
9520
11591
8765
10336
9129
10967
9275
3888
10898
7759
5254
9806
8138
11206
10602
11555
3254
5609
8791
6129
2181
6921
3487
12181
7191
2599
10812
8005
2912
1968
9605
2141
3143
5682
9215
8371
1938
8957
5741
2549
11256
2822
5106
2841
7485
11072
4707
9266
687
277
10575
11833
333
10619
3018
11441
5245
3440
10388
11416
7469
8536
4682
8604
9102
10401
3483
11950
2709
9287
1243
4449
11897
6229
2541
7071
567
3939
240
10026
966
5005
10307
8184
6459
2357
4915
7201
11851
4780
5375
4230
7577
11859
10576
6398
8300
2166
8488
7561
8747
4865
9396
7156
9225
5262
9215
1909
7645
10413
11591
7182
3804
10720
3276
9181
5063
5250
9858
585
10304
6202
11478
11669
1331
855
630
1403
12067
10293
8405
9405
10560
2417
9602
2670
5832
391
114
1891
6247
8565
2913
3936
8475
3164
1779
6629
7173
7822
5115
116
6542
7968
7204
11385
1782
4479
11818
11760
1360
541
988
2264
1301
5283
1206
8154
4395
3483
987
4202
6450
5325
6416
7009
8737
4947
1143
5864
2137
5369
811
7453
789
4805
11699
7782
11801
9647
1311
3754
1598
808
7652
4799
998
3243
188
4572
1521
3314
2371
10787
11734
8106
8445
12248
7124
386
2478
10485
331
1987
1636
11171
1704
10455
3327
10698
903
10092
11714
8363
5384
9028
600
1907
11653
11791
6762
11082
4216
11028
4603
11006
10621
4154
4630
11833
3230
6673
7070
6706
10334
8291
7992
4354
3016
8747
2850
8619
10544
3406
283
9511
6289
3507
4818
3684
11659
11714
483
36
9566
8729
8110
2942
2761
1007
7837
10345
1748
8732
8575
5463
8341
6348
11884
2228
7102
8989
1428
11749
9107
444
9659
7601
2089
10358
7162
11888
5996
4483
3480
10297
5914
8391
33
430
1280
5575
10826
208
6516
11793
2809
11457
7657
5200
10895
5540
6213
9591
9036
3371
1174
6522
10916
2154
2912
7391
4766
2522
5675
6328
5191
8699
2696
11755
1710
5502
9975
2861
1140
1168
9958
1087
8177
8683
9736
8184
3544
1428
10848
2501
11306
1766
1301
6982
7183
10506
10852
7751
5797
7029
9634
3449
1743
2572
9272
6889
10851
10985
10628
6050
2512
8360
6900
4595
9150
4092
8704
2083
9477
4473
2110
6446
2781
7259
11892
3136
7459
2912
3790
6107
5921
7640
8801
7973
3593
271
4817
6042
499
7382
4454
10144
4356
8817
10843
8190
8593
6726
8289
6233
1413
7201
3817
561
230
6782
7209
954
4314
308
7879
4301
3577
8329
12007
2587
6204
1500
2772
6756
2096
331
2418
5047
5894
7746
6288
3081
9164
8227
10408
5311
5613
3604
3284
10886
9523
4284
3250
6344
8876
5220
2891
1931
996
9066
6377
6496
2072
3929
5713
6114
689
8701
11130
7620
7948
11147
705
6719
9927
299
10426
5439
4171
1827
5496
4206
4616
3971
1265
7163
4353
563
7899
4017
11556
8395
6337
11903
5032
7097
5561
424
10847
5082
10979
11746
11729
11701
3747
4612
9552
1626
8350
4427
8800
1872
7891
506
4271
1167
3854
6174
10331
5384
12096
7887
198
3464
4084
738
6128
4771
7586
2296
5874
10509
3148
7189
2
11902
2170
3671
4404
2922
4946
7882
8099
6400
12268
9374
4766
11449
6693
4472
1142
3565
11104
4303
3986
5560
9140
12222
5232
10631
7044
638
8039
488
3889
7391
5406
1288
1939
2048
9047
10492
2594
7584
3160
11048
11206
7465
4974
12232
9055
10515
5085
562
2523
2654
4368
10657
2373
568
2784
5836
5960
11093
3356
6571
1878
9386
9383
3899
9381
8575
6314
6067
8674
4225
2941
3555
12126
10303
6438
8292
1827
5118
7244
11141
3464
9213
8848
11899
9940
11613
3627
9596
11723
4101
7620
10840
4714
8772
7683
7810
9032
11555
803
11005
1757
990
1102
2711
6555
5208
4591
4172
131
1600
3620
5210
5282
10249
1096
11081
11883
6619
3657
10373
5769
5993
11930
8554
8708
9157
8119
7527
9886
1649
5411
3225
5717
1946
3434
9949
1698
2372
5273
2504
903
2456
5983
7459
6923
4247
6157
3027
10522
9735
4927
11151
10697
9618
6368
8683
8138
6367
6431
5571
10954
4825
11447
10157
2210
2645
2931
10828
4413
11429
7354
8529
6032
9692
7591
6515
8465
6860
6243
6727
2001
3557
4466
6703
10506
3365
6639
7711
1895
12223
5718
10621
4699
5616
1399
4300
9572
6749
2101
1685
2309
11477
2858
613
6188
250
5756
3014
8099
2560
8757
816
3006
1305
6665
7497
5285
2632
7084
8393
6054
10782
3522
6709
8797
2440
2440
2552
10621
12138
5774
10194
8902
7132
3744
6857
9358
8788
5785
9364
8630
5317
4147
3050
2604
12091
4163
6166
8906
9104
7894
4560
5304
8789
2270
8849
4595
6514
1890
6058
1409
9997
1978
7366
8187
8683
7303
3709
1311
1054
11650
3248
9654
11858
6444
7582
11769
2446
9385
6487
6880
4017
3826
1102
3317
8513
5928
10737
6723
3771
7951
2346
6642
8936
3666
9151
8348
7949
8155
7628
197
10032
8868
7293
4356
4349
5897
5855
1479
10910
2558
10910
11257
1922
1057
11988
7442
5542
10300
6343
6836
5859
717
6281
8982
6494
4132
836
988
9385
8547
9883
2478
11362
9755
8860
5007
3923
2283
9756
10588
6570
5757
8924
2311
6919
6074
8189
8433
3779
11158
7532
248
1763
11782
932
8961
10353
526
10129
9379
7446
11743
2385
11343
7097
5680
10206
228
2758
4304
9915
8619
980
9933
9980
4447
488
10697
7963
2097
3206
5202
11877
11041
11403
6537
9210
3461
5327
4814
450
4437
1421
7869
203
10648
11805
11870
11071
9312
9814
7802
7479
10506
11545
6201
2682
7189
519
8112
4609
8110
9903
4988
2570
4376
1793
1323
3370
11504
1787
5927
1130
10718
2242
2253
1172
3026
551
10285
77
1146
4685
8179
6720
10163
2400
711
1137
1544
8576
2589
3417
10462
3652
107
1074
11700
288
6253
9839
6741
3488
1299
7765
7788
9636
9222
10458
1349
2014
7477
2826
6026
1923
7034
10014
2190
4256
5906
1616
9387
11540
9710
5356
9940
3333
793
6880
2025
6125
1286
1828
10949
4010
6831
3745
11486
319
8201
432
343
1569
6992
6391
9950
60
10049
6177
6824
5902
9045
5982
4857
9052
8184
11762
992
668
8423
6198
11404
11957
10131
8674
9178
1086
7199
5019
11111
2694
6877
11157
8241
2669
4353
7320
2885
7299
2734
10184
6825
10564
10970
148
10224
7878
8040
4158
4995
8463
5801
11252
9204
1899
5816
7765
3794
9229
227
8265
10862
4635
6066
10425
8627
3009
1223
400
5113
9055
12089
7193
9649
74
1799
857
5495
5274
10836
1008
623
11597
8561
7017
117
3538
6474
11887
9919
488
4495
10114
3265
10944
6505
9522
2757
1079
10262
3030
159
1163
9445
7383
8912
11506
10427
9476
11919
5070
5537
186
5357
11204
4897
5052
3392
3704
4250
1030
9008
10493
9276
10557
420
2413
141
3599
12272
5043
5933
4109
5446
3149
10616
4425
2986
8874
1301
10327
334
4818
5607
6570
2033
10404
2315
3929
10025
339
11254
3633
6712
11843
9928
2709
6910
7165
8072
2576
12004
10623
4757
11536
9175
11005
2602
9589
4896
3301
4660
10684
11905
2862
9492
9356
2867
3457
2791
5736
6512
8981
4724
11923
5386
1295
7262
3855
10246
7632
11988
1492
3264
269
7285
3520
4404
4109
7045
248
5693
6936
5790
3665
9344
4136
11856
437
3537
7867
8198
6070
3635
265
9323
11198
7987
8995
10822
4692
2413
8562
8703
3447
2965
4657
9342
9342
11860
11394
10171
2897
6386
10855
7754
3879
6773
11865
3883
11897
6911
829
9290
4422
8443
8077
285
10014
1846
710
754
525
8077
4867
1074
7264
4352
12026
8979
12126
5537
2684
3164
2905
94
3887
2635
8160
8116
7242
1696
555
10908
6174
10371
2921
2707
2899
11463
334
6062
9482
10159
4035
12076
10377
4208
6768
4772
7237
2562
9113
4559
4066
1174
3608
719
2864
11448
11822
8688
76
8533
7938
9408
11143
6893
6368
4902
5870
11439
330
6895
5933
3370
10608
2136
11004
4588
2841
10853
95
7373
7881
4246
732
7605
7035
11397
8055
11738
3773
2683
2938
8142
8628
5075
2864
9264
7539
10752
4376
5519
6524
5749
2200
1300
5849
8253
11113
7234
3523
6840
9627
12153
7383
11074
5569
6661
3691
10793
10386
2483
10752
6166
6473
4377
11181
4631
11405
1789
7541
7012
3613
3605
6713
7793
3331
2246
8034
57
1583
3825
304
11428
7963
7151
1920
1026
7958
10273
2991
6361
9302
2258
1949
9234
11415
7043
7039
1818
4261
2513
11063
6340
821
10309
7391
2111
154
6396
6416
10735
8121
278
3006
2214
1986
7374
3053
4257
5696
2070
10415
1173
4050
10878
10292
1337
10552
4562
5103
7140
984
7206
10646
3823
4020
9929
12000
4584
3790
2562
10359
4781
1000
11902
1367
6552
11230
1383
3793
8192
11839
1193
9619
3177
10754
3325
12058
6719
439
5231
4930
6898
11041
12203
7378
4113
6232
7520
3696
1270
1869
5459
361
9700
11098
1883
9441
732
906
11866
5138
2643
1317
10626
4370
7735
2948
11746
7659
3951
9221
3939
5496
9590
4372
2377
5974
6120
3059
9840
3203
4674
9608
2951
1494
1645
8268
567
7901
2486
91
10976
2349
9018
1786
3288
12068
5623
8168
11619
9955
2074
4891
1226
10688
12222
7821
275
8325
8340
10461
3291
10070
3396
5421
2701
11209
3639
10090
1349
490
7061
3903
6589
7863
11645
2024
10065
2856
9069
9710
7225
4025
2733
9746
9164
10677
9461
10638
67
7503
1617
10073
5553
11122
10017
10342
12170
9107
5301
10025
7183
6110
7150
5871
4784
2225
7940
8722
9396
9570
11093
9833
9010
456
8401
10326
12189
1879
3420
24
6142
2521
5840
2026
1264
564
1721
8176
2482
1267
1460
8942
5290
4912
8935
6103
10248
10634
8276
908
11453
8988
2749
12037
9286
11922
9269
3008
8996
3771
4779
1154
2327
3896
2118
3936
9112
9809
2146
4281
5303
4374
6346
10481
9731
1461
4753
10669
4478
6130
12082
5444
7121
7261
9101
3039
5135
1452
2688
10818
4930
4696
3626
8195
5745
530
8158
2349
3766
928
9289
12152
5605
1834
3416
11604
3092
5856
5867
1877
8661
9015
8470
5064
1859
5965
9036
1831
4040
10699
6227
2457
2098
5425
11397
1400
3710
8737
6281
9131
3190
7218
6679
6035
5142
7151
5991
11313
6650
270
10062
233
10412
2358
8507
8368
10419
11488
9496
3563
12072
136
4489
10048
5704
6838
3832
9153
6158
2094
10436
6917
7824
5510
616
7746
7369
4525
3479
4804
1596
5637
6537
6784
9488
8795
1153
2879
10131
705
8648
10030
219
688
7237
8724
10975
9351
5762
4430
10371
9713
491
298
4337
5611
4539
11295
6037
2747
8297
10828
6772
9327
5487
7365
6330
5781
877
2836
3385
10703
8268
10306
8302
9109
5202
11383
11975
5556
3086
517
10427
4606
8539
7089
316
1730
11151
6090
9332
3066
6247
3160
10314
11778
8151
9985
4283
988
7984
6142
2647
9359
7243
3024
7687
3898
204
7867
7119
11286
11757
9009
3045
9560
11944
711
3370
6347
9628
5698
1320
6171
7247
12057
6132
6842
6181
945
10850
4171
8620
8917
11957
6619
4462
3652
9119
5662
3626
1475
7530
2753
891
5784
579
4829
1703
8465
5867
11023
10601
6554
12047
12211
4597
11207
5063
3081
6795
11073
7025
8042
7377
9601
5722
236
825
12180
3544
1433
6827
4960
5619
8694
9442
5979
8938
4248
7903
10363
2490
11487
107
204
3479
11851
5514
1155
2488
1546
4310
8771
8665
10089
8338
2358
8460
2143
292
8437
864
2405
10306
11099
9277
1547
7455
10644
3837
6946
10925
11620
3085
6098
9462
10829
314
5726
12030
10944
7099
1537
5970
8003
5831
5470
2628
7970
7162
7910
2882
5963
1893
6487
11283
6000
5606
10887
12172
3411
9789
11368
8666
6396
7981
3192
4701
7082
603
7778
6452
4773
8265
7919
228
2857
11339
8468
11067
2309
5695
194
9279
9359
11783
5556
12183
9902
1488
1136
3715
5406
4389
3109
9620
6308
11034
3231
11078
3612
9664
11042
6672
4745
5865
11873
6412
2024
5256
8259
3349
5114
10983
4892
2045
8647
4176
8274
5897
6920
5724
909
5060
8352
5837
2539
7549
12089
3170
4531
5472
341
775
10085
4542
12046
7161
5635
8765
417
4563
5693
3458
3730
7054
7567
7650
7057
4295
11386
2801
6341
3282
6619
302
4414
7906
5975
11073
7284
2411
765
408
1316
3585
2373
6573
8273
11495
665
7047
2559
10086
1380
699
10247
2414
327
11323
9259
10538
8496
7681
7693
7654
1016
4173
7434
11110
5610
4475
7481
6230
841
11281
3961
4918
7319
7195
7405
2135
2475
9609
5285
2737
2733
3727
5917
7161
5517
5092
9827
6784
196
9971
6088
4516
10457
7954
6074
1841
10537
3762
11956
8621
164
8320
11696
755
809
3934
3973
7977
1427
8980
2336
529
3639
5790
5246
2359
11681
8667
243
4532
2771
9434
2907
5813
393
289
7094
7285
2242
11957
349
5668
4663
6466
612
10519
1526
2925
10946
1845
8727
8846
6408
3645
3233
5230
7336
2460
8168
2023
6746
7025
9332
1957
8793
7559
8491
11577
1141
3973
3758
2972
9454
191
523
4340
9735
3368
11792
8380
5686
8137
9773
4288
6025
11037
7725
10459
1503
8
743
7173
6367
12130
2999
7153
4521
1149
6985
2336
10922
2446
3393
1889
9057
8092
945
11909
2980
1868
3988
7059
4204
11052
1310
8399
4738
3726
686
617
5511
6526
8144
3729
7023
3842
8027
1129
4304
10639
9376
8186
4463
7106
3901
1360
9896
6633
1215
5194
8949
1688
5877
8911
7970
4183
3372
5419
708
5950
3858
12213
12261
2956
7903
8509
7473
4720
6146
7298
5180
5940
6550
9945
8632
11026
6800
3674
10620
11434
7596
1265
7405
7222
639
11117
1005
2607
3531
9271
5354
8396
8976
11153
6124
8768
11806
258
3069
1588
9027
526
9947
6569
10810
5226
711
6782
1362
9202
6455
11192
4709
8642
581
3220
2428
8370
9858
11343
2251
3225
8888
1639
494
10029
12117
67
8194
2218
4352
27
4432
8627
1219
5391
9171
10567
668
10373
7726
9576
2316
10922
8927
4333
9832
8381
11717
9023
2472
3618
4110
4421
6891
11068
1958
6580
10070
1464
2266
5155
112
4839
6481
6466
5000
10962
6411
1609
3714
12253
9212
9380
1298
8163
6075
536
9505
11804
3836
2063
2174
11746
1864
5642
7773
4831
3973
10378
2466
2606
7555
296
4360
2527
9336
2513
1997
6859
9214
3462
2677
9617
3596
11399
6116
1463
6976
8296
11438
7997
2562
3325
3320
3646
9184
9285
3737
7427
1314
6881
12111
8854
5
5373
5275
3477
4989
8472
4634
9236
11358
11276
181
7118
4974
4779
8084
8393
587
1067
3511
10749
10110
9501
6145
3041
5272
6922
1167
11698
619
2695
1150
4258
10903
6816
838
10281
8182
4754
7841
9454
11179
12198
11540
738
8460
2302
6663
10383
8184
11719
11967
6933
7724
8920
2764
1125
8585
11955
3998
5041
8673
2660
4669
10431
7430
3079
3696
2869
7422
2830
11997
8411
1171
11839
8182
1770
10456
7495
9585
3298
12284
2027
5657
9369
9410
5476
9140
70
12204
554
4345
11021
2388
8737
1280
7546
8430
1366
1938
258
4016
7320
10979
6835
1318
2330
4289
10563
6422
8680
9403
1790
1105
6707
11845
6263
9245
9103
9548
9765
8544
3970
11027
4963
5439
10423
5299
7193
8402
6403
12278
11054
3021
1398
9922
12044
2260
9295
5587
4246
7888
2032
11870
7984
3521
7071
8781
3606
1150
9994
6145
2231
6110
7002
4708
3469
138
12190
3560
3642
8487
6821
7887
10523
4361
7847
8150
10953
8898
3813
7696
9928
7402
1735
8214
8551
5323
3013
6265
11085
11149
3175
12172
7036
3836
11369
445
8770
11053
8854
9010
8190
4531
2027
2169
5784
5283
8742
3931
10312
1616
82
1933
6132
2466
5466
2695
3919
11133
4855
10699
4876
5893
3435
3733
3152
5664
2214
12011
6284
5398
8786
4058
7304
9692
4061
6935
10960
934
871
5937
9958
5761
2826
133
2453
4239
4932
1053
7098
2926
4346
6844
212
8119
10326
3506
600
11701
5426
7266
6745
7270
11772
8676
4429
9447
10473
5669
9936
11422
2990
929
10178
4899
7901
2715
2755
7647
6167
9467
9998
5706
8190
5258
10893
3396
2862
9377
10724
11654
11416
3657
8268
2102
2423
9534
11302
5486
11838
226
11071
4581
6050
4336
3279
12057
2142
11135
3887
2662
5390
6604
9745
9983
703
8758
4547
1513
5136
9216
3515
23
9352
8111
2160
8296
11764
1991
4133
11378
4999
1694
70
11289
2806
1433
9528
9367
8334
3853
8619
3866
6253
1456
2764
3434
251
10117
9942
4284
7166
4572
10379
4051
6732
2495
443
5119
9840
3154
6750
7842
11097
5342
1372
7670
744
2061
4996
653
5854
3552
1396
2827
5591
1714
8510
2907
1319
9408
7203
8146
10628
9195
11200
1665
5462
1355
4160
5958
10283
5847
1202
9231
4727
8677
137
7983
9720
1762
2253
5774
7292
5493
1599
10027
3529
8898
9656
2927
776
10575
7791
10342
11640
1563
3695
8952
6765
6710
1146
6045
10284
7416
7208
11827
269
8103
7205
1754
9125
7621
9089
7432
8268
1822
9106
1998
3202
4831
5722
6685
11839
7139
6255
3277
6947
778
2954
6665
3530
1683
1179
7630
7126
9288
2666
7935
7083
6288
6215
8674
8428
1263
6581
11153
6876
10389
3150
11432
3275
3000
10536
9094
10843
8896
10297
709
2554
3053
773
1522
2666
9973
491
5273
10839
7650
9303
7191
7855
6744
6773
7852
10488
8533
6938
10709
7603
1751
3604
7630
8400
1550
10289
12023
4039
11864
5818
820
9333
11934
6184
6982
1098
4779
4071
8256
12085
8181
993
7438
9518
2351
8798
7681
7446
7550
8169
2695
9796
6053
4040
6084
2930
796
10723
4466
10943
10591
10330
9689
12042
10236
11485
159
6803
12152
1129
9401
177
9934
11428
743
2780
9049
8991
6372
1303
9065
5701
6505
8580
4621
11589
4739
10809
5723
2358
6843
12033
3878
766
5610
6105
10382
10138
10104
2677
8304
2795
6252
6648
9023
4613
1548
12176
3327
2407
4925
2097
6074
8875
1036
8753
9950
4302
6226
5680
5518
5589
6809
2817
2158
5587
10707
3839
2840
4271
5092
8409
10598
10604
11470
761
1624
8828
3934
8250
1775
8780
5289
218
10468
4392
8311
3834
8730
10080
2090
4024
3552
11871
9229
6425
9630
1210
1450
3085
4536
5990
4601
3377
11197
6561
364
2624
10540
11270
1447
2797
10433
7867
8100
12105
6941
9385
12117
6864
5587
9150
2616
3406
6913
7933
2275
10171
5259
1264
778
12211
11821
6394
622
872
4431
6263
1170
692
11475
9619
11780
7905
8891
788
12164
7251
4773
1503
5138
10056
9195
9900
842
7646
10438
9177
7361
5427
7010
1568
8674
4230
3067
9460
3518
5695
10897
2433
11503
4161
11156
3668
1190
8867
1646
6781
7118
4772
7206
4799
1909
8860
9210
3462
4859
11032
5997
8414
9460
1529
3437
8606
5841
4907
2121
10454
5231
2971
1013
6027
9562
10885
4124
7263
486
190
9231
9838
722
4276
7429
6003
7603
7624
2669
2536
9702
7448
1118
7077
10640
280
1157
3772
9156
1033
9032
9175
419
3187
5725
3471
5887
6179
4118
862
401
3545
1230
2602
11815
6672
5821
3751
5634
2528
9038
12227
4049
4596
10493
1789
6686
10237
9310
7042
9095
6693
3993
10114
6320
1942
8756
6597
6950
9294
9438
10455
2419
3707
10325
6241
2467
8001
5127
5082
3908
4851
7764
990
2877
4998
11233
6663
11213
8598
10409
11869
7518
1730
9654
4800
2592
7976
11038
10128
8549
4014
5616
10894
2574
7859
6267
8732
3235
7216
11709
6171
18
9690
7803
1387
850
3371
5654
4685
7389
8139
2713
4190
5396
2711
10647
4455
1607
9532
2625
939
8315
11633
3574
4556
8984
6712
10123
3406
10921
113
10582
11236
8642
5700
8007
3297
1121
10428
5293
3224
1775
5719
7161
9205
9928
7186
5106
4400
8859
2558
1305
768
1700
11712
6918
3145
3551
2158
3238
11507
9624
5977
6316
8121
6783
12039
7673
2285
11681
10860
670
3516
7094
3203
4748
6484
10707
1539
6150
6534
9204
5542
8631
5532
5514
3676
5617
12111
1055
162
11519
6229
2770
6890
7647
96
12197
11067
10508
7048
7931
7289
4272
7605
8667
5008
9263
1467
1342
691
5570
10279
6464
8452
3491
3173
11301
4992
10407
5342
4439
2873
8977
169
924
6371
7336
124
8653
8932
770
9982
5418
12266
6158
6328
10359
11393
4175
1938
940
2545
3617
6970
10747
8305
1928
2654
1032
12124
5941
297
5010
10475
10912
10874
6332
215
4795
8692
1063
9918
10218
6722
6575
1391
6395
11116
4739
155
4390
3750
7334
2543
10592
11418
434
11951
8071
9982
4973
3895
8948
8137
11797
11550
6535
1642
6741
4767
5640
2983
1222
10173
10897
8940
9297
792
3789
9183
3503
6249
4073
4513
238
3599
7980
5460
2332
1049
4598
11248
12025
6620
507
9510
7985
2499
11064
7914
6549
4017
3307
10945
7182
3532
11576
7079
11024
1516
5450
8334
11182
3927
10634
11329
2148
8416
10244
9492
11097
8568
7070
7777
5794
5507
923
6084
8918
2662
1842
10337
1413
2282
576
708
8969
10730
223
11002
8718
7692
346
9591
9335
9288
10596
10324
7822
3209
6464
6021
555
9498
5295
7997
11869
1151
1870
8266
10170
1546
2681
8628
3368
4595
5230
4655
9279
9911
2613
7453
10271
5822
3194
1009
4176
11449
3074
6319
5586
5413
9458
5986
8429
10416
3985
9390
4310
2901
6325
6961
2593
11096
11301
2388
3449
863
5952
2960
5212
737
1400
965
4418
11489
6989
12176
9891
6193
11579
258
5972
5124
5551
9104
3621
4267
8589
9063
7065
2178
8779
5663
7524
2516
10263
9326
8800
10483
12254
11070
2521
12020
9811
3082
3281
2474
5216
12135
6918
2419
9665
3616
7663
11050
3993
9239
3304
5226
5894
5723
12212
6227
9343
7201
685
958
6674
11095
3009
1000
9861
6625
6012
3432
10469
10136
2566
11534
3764
8300
8232
6157
8179
10731
1342
11735
9858
7417
7951
9256
2941
4624
6881
6849
1931
12186
5797
2586
9241
4224
4888
12238
4819
2369
9672
6747
9312
5678
3858
8945
7227
4565
8760
5950
3275
10194
6202
10672
2667
5883
5008
8682
3853
2621
6461
6310
514
1453
7946
11488
11567
9312
5139
8440
1870
8573
7077
1661
3952
4277
5324
2431
115
2247
4191
5114
5099
8344
6564
9302
10631
10985
700
8212
4029
6392
9487
552
39
11813
2799
5208
9125
7456
3569
2868
3930
4969
11456
2653
4832
423
5344
11930
9396
2819
9927
3680
2229
5258
9720
705
6154
5009
8644
4334
8266
12008
3237
5985
10471
9667
5311
1894
910
4752
6486
11573
5782
9509
10781
3075
3807
8624
3880
11071
8642
5065
6126
5541
5269
2816
2029
1944
1318
3354
5222
2422
10600
2740
285
1773
6901
6142
10575
1808
8369
10637
9119
10506
5644
4253
7268
5593
11155
6150
8194
5634
4637
1393
7683
8249
331
6834
296
299
6794
7774
3110
12172
11663
302
11310
10543
4001
4706
6829
6340
12100
3602
767
3646
10637
3699
11068
5084
5743
9704
4286
10190
2261
181
652
11935
7454
12024
5684
2348
1656
2787
10093
3909
10555
10476
7600
881
10094
6470
4928
2340
9799
8895
3284
10622
3868
11105
7496
732
8448
10378
9272
8327
3419
8684
2751
9081
228
127
1477
12202
2651
11989
9597
5881
8042
1236
11747
11071
10397
2198
6237
6540
8257
268
2922
5830
8832
9
4577
3746
10550
10326
3880
8101
9144
10077
12213
10255
12045
2569
7628
951
1897
2784
9898
4916
2211
9884
3619
5240
496
6186
2580
1668
9546
8257
3225
2237
6907
1372
5989
11232
7397
8420
2754
3057
8759
11843
2902
5332
5995
11727
3528
11353
9775
3980
9564
2521
7714
1716
977
9489
11990
10259
9660
6791
1802
720
7601
10188
5104
5681
6332
3250
10814
9417
10887
2936
5931
3233
10993
6
2621
5428
4957
8506
2663
1091
9745
11017
12269
3994
7644
1202
6279
6218
10098
8133
9512
503
11493
1003
7041
431
8948
11114
7682
5210
9322
2271
9782
6927
3940
1472
12269
11655
8323
6148
1602
8958
10768
9370
6836
7381
8275
10690
385
10266
5371
9845
5297
9117
7339
4198
1863
6223
5310
8247
8714
8838
11033
6449
6726
7763
7793
8074
8032
2441
2462
1972
8376
7963
3241
8444
5706
4789
7716
7536
10043
5577
3706
3872
9709
2558
3797
8799
7810
11665
10905
10452
3070
9185
9706
7986
5415
7830
4417
8118
10232
10637
8669
8283
9563
3095
3319
3621
4931
11457
11858
9115
3176
11426
1844
10683
7624
12121
4384
3505
8196
6780
3610
6375
6913
909
10701
874
4494
5748
10749
9333
6911
7713
7886
4314
3745
3014
6838
159
11427
5346
10644
1551
10439
8443
6772
3572
1726
7401
9012
2452
3420
1081
4910
11598
1741
7154
734
9164
2973
10616
6396
6040
12102
11503
2360
8424
1056
2138
6576
7085
7202
3413
2265
8454
9255
6331
8456
7392
3719
5730
8679
2784
7662
3197
8469
9842
11896
7056
6898
96
3733
7439
4465
4939
8882
11407
8729
674
1254
1584
10951
11189
2693
8992
12207
8016
1271
8268
11421
4337
10562
5687
11230
7284
11389
2332
4159
7183
146
98
3865
8688
2966
10230
10210
7382
12159
3305
5658
12235
1421
8273
3335
3846
6333
2154
7584
5855
6212
7442
4814
8113
5706
6856
10339
138
8816
243
1739
5713
7979
8650
7438
8903
3623
5087
9193
4570
11630
3017
3541
4959
10217
10927
7530
8458
1447
5441
12013
12127
9296
1006
7739
6560
10761
9533
4215
8736
8788
6100
6139
1254
1022
357
6648
6850
9169
8255
8189
8304
417
155
3309
8806
10367
8164
919
3984
12228
573
5109
5060
2787
1373
5
6788
1194
7733
7522
7826
11768
10420
4728
9424
3342
10179
10001
9369
6281
729
8402
9267
16
7252
7285
246
11282
10066
7512
883
11093
8464
3120
1528
4580
1183
689
11001
3181
1022
9960
2583
46
6862
2494
4113
685
515
2170
4803
8553
3359
2029
11788
8485
6162
530
906
1571
4077
4082
6154
10296
9225
2826
10846
4270
6754
6234
1432
7411
5525
3336
3000
2942
5874
473
7997
10055
9094
6544
2488
703
5485
3091
9768
5854
9801
6449
11141
5110
4595
9415
5760
12231
891
823
1162
8104
1589
6510
1712
11838
11139
5936
11726
8274
9116
7501
7300
3362
9177
7876
12030
1882
11023
1667
6004
9379
1379
9239
210
7543
1426
7159
2301
5026
7545
2902
2886
3904
4228
10320
5198
858
2622
417
7884
1275
8878
4280
1802
9934
8966
5712
10509
9875
6874
5154
10679
3639
5991
10007
166
9245
4176
11251
2252
7495
2874
6316
10195
10899
5995
2816
2738
3547
4853
464
4906
11557
2634
738
3252
10343
6231
10655
2318
6249
1954
8167
6260
11913
3080
1417
9296
4031
6145
5772
9305
6410
8755
10661
5950
3073
2151
4994
1084
2953
7635
3925
6673
2647
1175
5362
7305
4714
8498
1513
7094
5271
10174
6281
8967
6377
12022
2745
4109
3800
1624
5878
3879
10093
3301
1543
9189
5094
10096
3196
4972
2522
2248
2730
6529
7308
4801
4776
3151
10967
4796
5561
11752
8885
7561
8422
3077
6269
536
2773
3352
182
6395
1482
11373
7631
8318
9904
1007
4944
4455
7978
8640
10675
6108
3824
4863
9000
2690
8018
9397
2245
5790
4869
9811
258
1061
4059
4122
6164
3440
1343
11085
6842
1602
1578
2006
11777
2253
11388
1928
317
5801
862
2312
10021
11608
1173
1965
11519
798
6782
10931
4435
6438
7763
1489
48
5555
4935
10407
11973
5618
1226
3458
12276
4836
11568
9975
5959
9672
9783
2352
10359
3274
1007
352
9015
2826
2197
10926
2176
5164
2547
8142
8301
10346
10332
307
2018
4734
6000
3794
8341
11278
6896
9003
2521
2420
8060
10553
7809
3335
5400
2838
1381
3814
7535
2233
7003
7495
2696
11509
3167
3954
4545
12190
9169
2598
6623
2562
11712
9508
11553
10586
7219
3352
4034
3533
7741
10960
11153
3236
11268
12037
2962
7409
10097
11071
387
4116
4503
4842
1441
11292
2698
1262
3965
1013
1368
9233
6502
8242
6798
6778
7461
9430
8578
923
3494
6828
7724
9158
3238
2955
10582
10898
6644
2920
8454
3139
2213
10621
1133
2596
8040
7116
3385
3824
1899
7015
948
6315
1858
5023
228
12247
11191
1793
3936
3045
360
11747
4779
8050
6649
10343
4840
7255
8855
7821
369
11204
3159
6387
1071
6368
11858
11254
9474
9022
330
8980
7880
119
6099
11844
8459
7920
4159
6128
9275
10619
1565
4815
9191
4747
1230
10183
121
10137
5031
1398
7759
4561
4389
4072
925
11358
8650
1436
1254
4331
9757
2537
9693
4555
8337
10936
9336
1953
8482
8129
2562
3813
10778
5574
6938
2645
11241
1373
10720
11574
6989
722
1695
2971
509
8556
10700
11460
1982
2188
11889
7991
7297
10350
11246
4723
11107
5383
2249
8598
11530
5541
12160
8441
5630
3357
11726
2238
5629
6873
5762
11878
8810
2778
10989
10413
11657
11712
5672
9009
5344
6875
2883
1575
3276
7816
1067
11285
2052
8826
10597
1177
5334
5649
3943
3676
9859
8533
2230
5686
3669
11608
3596
8442
3211
12191
458
7212
3792
6153
5140
2508
11772
6573
12023
7637
1507
7034
1796
604
7336
10213
9338
6003
9600
845
7588
9885
2443
9329
8420
12106
8603
4381
11215
9900
6880
2250
4869
10334
4665
1322
100
8819
1461
1077
8379
2311
2820
125
1754
3216
2206
4045
4439
11220
11186
853
4879
2117
2983
10537
6645
10040
1939
9402
5484
1664
7353
4846
2852
8546
4538
92
11431
7442
2334
10536
7378
8436
8784
10308
7424
2072
11567
3048
8803
11065
11443
6580
9178
5213
40
573
438
5808
3767
1582
9113
2460
4150
2648
775
3005
11302
6400
5112
12025
2516
1833
12068
3065
9383
3210
6980
8026
11021
12276
10240
4247
10455
6444
2869
9718
4901
10450
7534
4476
4946
10489
11162
4168
1568
1029
3433
4959
1184
897
3203
4987
4494
2303
9954
11079
4639
8656
7716
4578
11014
2743
10864
4671
4935
6370
7812
11955
11179
10428
11096
1463
6249
10719
1857
572
11762
1939
5899
3613
855
3785
7348
9287
10
1578
11304
11274
10900
10461
11021
3238
5413
64
10793
8052
8932
1459
6381
3131
8639
4958
11546
10236
5110
11913
1918
11568
1529
11659
141
9902
2892
11108
4577
8651
4324
158
5943
6917
9215
2760
6919
9370
9463
3428
9056
6629
4444
10970
10650
8007
2069
4560
4607
7515
3671
4814
4741
663
2140
6619
2124
11018
1240
4550
522
653
5419
7300
3458
2920
2879
5458
6679
7802
10676
4130
4856
10328
7420
10640
1851
1703
2306
6300
11958
7647
8401
2033
5
9156
9308
4048
8562
6247
6439
10101
7957
5372
11878
812
10296
11528
2556
9152
4116
4082
7606
6358
7906
6742
6314
3001
6390
6252
4218
847
3087
5897
5519
5041
3241
5500
4029
7058
9424
1191
10804
9265
782
1409
11291
7406
4857
1962
5589
4941
8264
4159
11469
108
2202
857
5006
11091
114
3145
10370
1607
431
12119
10838
8905
4517
7328
4753
628
4851
1984
9169
1959
11384
1687
1223
76
9428
7292
7884
2800
2717
2040
4588
2715
11814
3750
2657
1129
5497
12226
10780
4588
10691
239
3826
1945
5248
2293
1701
7878
7640
3252
8267
10850
4055
684
4707
4111
972
8630
6028
592
11759
9058
2122
10384
8287
6524
1506
6209
3068
6292
1078
5363
4871
5275
8014
3116
10015
3883
9189
8050
10850
7883
12128
1911
10375
1543
6998
782
11677
7299
11024
9089
6909
7324
971
2914
884
1935
9890
11049
7736
1979
8885
9730
11043
1910
7586
9903
6385
11706
12160
6276
8288
232
766
4908
3482
8198
9221
9603
2672
1844
11811
4875
10070
11803
1825
9407
10294
1666
8701
3980
3691
3537
348
8512
3436
595
1525
4613
3816
10097
6972
2644
7532
3388
764
4019
11968
7439
4522
2865
1078
8961
3782
11113
7706
6637
6549
3247
5960
437
8445
4803
12249
4408
3015
6758
437
3796
3830
6213
7898
4515
2160
1236
4383
3722
3340
9097
8240
10408
5792
1198
9681
2966
9854
4846
6001
5216
7755
7615
7126
7446
6330
4831
10802
9353
5997
6155
2691
9063
10206
9849
4108
253
6336
5002
919
5363
736
8101
9205
2682
5876
11339
1288
436
11825
5192
183
11440
2454
6416
7315
3647
11869
1200
2170
2518
7942
12035
1484
10142
11327
1027
10926
3631
5580
2335
3945
733
5027
5679
8272
850
1594
7885
1539
2335
7736
3414
9119
3719
1385
11903
2975
6349
5406
5652
10800
3941
5765
10745
5656
6412
9600
4672
2612
4291
8599
5860
4205
9427
4877
5217
1586
2523
5855
3982
8023
7769
7345
8213
9274
3819
8706
1670
8860
122
5419
11461
3493
1211
501
6285
397
4987
2758
8324
10944
4189
10824
11306
171
4568
11095
8270
8562
2944
5950
11214
8056
413
341
486
1984
7836
9049
5750
8886
11810
9157
12138
8570
1742
3899
4081
7764
8762
2105
7309
7413
7463
2643
1445
11815
7143
8886
11426
2346
11655
3953
10899
8666
9276
12160
9499
7901
3076
4810
2686
1188
10648
5038
7571
7292
4884
8889
9219
2520
1584
2254
7982
5371
8555
3559
3690
704
2210
2296
11092
1504
8432
1060
2116
4618
9513
3798
12148
3696
7492
9285
3706
4692
906
77
1825
10490
10262
7652
10473
11948
8844
73
6460
3907
1093
3950
102
5649
11556
5193
8412
10951
11604
4800
12143
3626
8691
1094
10173
3048
4664
11540
2359
8116
1378
9578
4166
2722
8501
6359
9799
11767
4141
5980
3047
9316
8846
5142
1124
2284
8970
4180
6234
5707
11369
4989
5188
9466
9117
771
11723
1139
8096
8297
2797
3648
160
7227
10134
4418
11036
684
9141
1093
3897
10642
849
629
10887
6587
2839
2963
9875
5133
616
459
785
11713
11960
10650
5363
8010
4686
11452
1441
6650
1068
4736
8435
2952
11280
3742
108
5098
10430
2905
10830
11285
3482
10005
7412
10387
10874
8123
2449
11062
8091
6761
9441
1414
1143
2990
4309
5734
22
8577
10057
3882
5933
7050
9480
3830
2776
3416
11867
5069
11130
6998
10893
11496
1014
1155
1941
9953
3248
3677
12231
10014
10558
8759
2257
10101
10507
5379
7837
6361
12010
264
6173
7917
2109
8941
98
4502
2085
4553
916
6465
6138
12203
11796
2294
565
5448
11579
9352
966
11179
3792
6393
724
1791
9992
1598
11848
4377
3946
10627
10116
1699
1010
1559
8253
3251
10306
12029
10990
6248
3474
4182
8666
4532
1723
9823
4735
4706
3671
138
1405
10248
5587
4828
6331
2150
4441
8172
9765
3896
6577
7491
9360
9837
2354
8621
1881
4173
6134
1674
3427
29
1203
9933
7396
12021
8258
7830
3995
6023
2344
8954
9845
2298
8078
12196
3903
10233
1795
7724
10189
8268
4990
3196
4578
4605
6877
11214
9250
7383
2966
3826
11850
2413
6667
5072
5581
2368
419
4070
5654
9556
7397
6559
875
7885
6607
11626
7241
2446
5635
6835
2464
7197
7279
8807
8895
3109
3524
10878
8465
8359
6702
5982
9032
3454
6932
6359
6850
209
3465
7994
10682
12223
8648
3249
4700
6212
9649
7143
3760
9197
10539
7267
3273
6383
4715
7762
9491
1879
10036
5603
12100
10108
9006
8082
3750
5759
2459
9561
5189
3786
3987
7078
9989
9171
1587
7920
718
1762
11871
793
6531
76
8004
1509
885
10714
6245
4836
8954
11200
6474
4755
6425
1489
2917
11679
6121
8550
9269
6991
301
10867
9788
6820
11645
3536
5099
9361
4371
9227
4412
5337
8990
2255
4525
7229
9959
1206
1857
8591
779
11443
3400
11127
1078
7179
10829
10343
1453
5913
3170
8227
12242
7058
8960
8533
9465
8975
384
5301
2515
9121
3365
3464
5707
4058
7838
2293
2284
5763
10757
6087
10746
1902
8351
2176
7529
2567
2399
3860
4794
3451
7346
3658
5677
8897
1743
4168
79
9077
4017
5080
7226
8214
7751
1060
3739
375
7961
2295
3362
5217
11462
11976
5906
3866
5986
1324
2341
4418
977
8669
1991
6085
4840
1789
361
10603
11846
143
1156
1265
1202
11617
2915
4677
11060
1081
4076
6391
11694
11391
6786
1198
11342
1274
10179
2688
770
6657
3358
861
4989
3182
806
9396
7638
10056
6215
3813
11455
7860
1469
6383
5435
5822
8730
3954
8503
11631
7386
10939
10061
11964
8589
2472
8314
7459
10527
3095
10115
6338
3578
7638
11499
2911
2501
10403
4360
9593
2976
11891
602
8685
12154
8977
10387
5006
1088
2975
8639
858
7638
3647
1287
2340
1712
11324
331
2847
7070
9467
5624
11834
9805
6210
12153
8406
11612
8653
1805
10128
4058
7672
10080
9310
3006
9468
7484
11595
1974
3597
5639
2357
4330
1987
791
9803
7022
6396
1165
5346
2882
4999
6291
86
2203
11121
7938
2298
5902
9383
8608
4254
12105
9812
4312
9443
11110
9139
10896
1298
443
12242
366
6907
52
8320
3806
3351
4900
10208
4430
11295
3313
153
7823
4689
8098
8150
1601
5455
11308
6390
2025
7582
7201
2431
2334
2467
8132
6940
11173
10342
912
9050
6299
9407
7172
5321
6271
11662
2687
3973
5218
11002
875
9141
3916
8785
10574
3396
7141
3081
3922
3122
5474
3278
9093
6021
410
232
3176
5549
2946
8601
6176
9820
11438
2071
5041
1341
8678
5932
8553
11275
10527
7342
2666
10322
10998
5997
7629
7163
11663
10266
8847
11706
4953
1473
3206
6123
11780
9357
422
1334
6378
10624
5346
8058
7377
6954
6340
7477
1473
8169
4030
9655
2853
5723
8078
15
5033
9133
1905
10206
8785
11095
4058
10283
2768
10855
5704
5337
6605
3013
1152
11413
10791
2213
9047
4559
7401
8382
9605
8251
2741
5050
792
5750
11219
6743
12155
6221
5973
6460
4773
11708
5023
10968
4210
10757
9273
5865
1960
3167
2075
11970
6313
6545
6714
10229
4679
1167
7222
3274
8248
5439
1804
16
3084
4855
7952
10526
11025
4552
4044
6301
3647
7104
10714
3370
4377
8700
9766
3068
11663
8207
2927
6997
8443
3992
3479
7885
371
11008
1268
9167
1013
9244
689
5856
6738
11665
11753
10059
9484
4545
7326
8819
1354
5643
12206
5784
6613
3724
5649
7063
6355
11126
11268
7553
4348
3459
1082
9191
3204
12031
10639
9629
7037
8007
10601
9642
10558
3399
8665
1224
1332
729
6864
4459
1667
3795
11518
9440
6638
1490
11430
7784
3156
2275
5472
8500
2607
8022
3342
3923
4120
391
10835
3522
1642
11802
6209
2097
9941
2649
8285
5141
2829
10713
9229
2239
6813
9126
10861
10236
2051
8842
9106
6851
2648
9496
1880
7326
11325
6711
7780
1356
8877
11484
1322
7604
1506
4415
10242
7976
10034
7939
926
5794
11313
7509
3219
5135
4019
6539
11146
9745
8083
6025
4640
5976
11560
1119
2471
5015
11198
11822
10167
5559
8049
8695
8406
6833
6719
9164
10731
1486
9471
7734
10579
3415
181
3390
8592
10832
1919
4758
2251
8320
11374
8915
8753
4617
1800
5581
1647
972
4546
5464
7272
9383
9834
9692
6092
4668
7419
3652
5600
6397
3945
7976
4066
11099
6587
11215
11767
9600
7484
12088
5282
2045
8494
11077
8019
9990
10460
226
9365
8771
11513
2687
8662
1660
508
10699
12228
487
3095
1581
4816
11642
2832
11547
6554
1489
2414
10595
10631
282
3067
9213
4299
4000
8500
6775
5996
5897
10237
7670
5256
1863
5501
11089
4582
5340
12136
8117
7568
5445
12089
5445
333
6275
681
2205
9171
6218
1998
7773
4318
7034
3972
472
9356
8836
5170
6364
144
9175
9743
7967
10760
7245
2803
9075
4734
4679
11713
4824
9302
9402
11003
2260
8123
11684
6175
4363
9813
11998
7305
8849
6797
6204
2178
4414
1501
3284
11595
10301
2092
8960
3636
8428
962
6580
9160
9140
6410
7697
7747
1719
2542
4346
4010
11991
5901
11477
11837
4205
8340
7673
7992
9920
7264
9321
9233
6040
6911
9997
7415
10448
9877
48
4190
6150
8300
10654
1595
11654
3495
2799
9373
5022
3983
5715
3487
2134
2887
2634
6517
5499
2722
3344
4789
11862
9910
6799
3779
6975
2951
9870
6955
7024
8363
4717
11218
6986
5848
625
3269
5007
9736
7197
2529
8504
7211
4690
9331
9880
11226
619
769
10232
2264
4916
2811
5303
8640
4034
10682
5
6541
7768
2261
9042
6933
11947
5173
11845
6630
4646
8331
11053
3454
74
11378
1795
3282
6519
4785
7994
1578
1774
8252
5139
9261
8837
9688
7153
6151
8811
4669
11979
6024
10594
3486
2730
4914
7733
63
8288
6609
8015
4464
2917
4514
6038
146
5617
9830
8304
7335
9091
250
7130
9897
5537
11345
4634
9109
4729
7461
7981
7351
4140
6006
9170
10464
2074
11012
6524
281
10152
4844
10090
105
708
6496
8762
1885
6907
10113
10695
3563
11111
1143
2476
11366
5705
2675
5779
1365
2248
2127
11485
3429
6175
6398
4340
7343
2128
11591
2967
701
8568
8449
3928
6922
10590
7927
391
5311
7945
2541
5071
7216
2062
7590
1017
1663
11121
10618
1303
564
11785
8139
2037
2402
2923
5212
3065
2622
6778
6581
1774
1447
1521
9688
11575
4063
3259
1661
7176
247
12048
3092
2054
10998
4267
1742
8613
7091
5001
6173
4290
4542
3727
9120
2632
8180
4870
1501
6687
1229
6177
102
2006
1555
9988
973
7246
7857
4495
2285
351
4340
5510
919
6801
9038
9062
11350
3613
12203
10650
8690
7264
11915
11245
2220
11850
3789
10816
2785
11428
8086
9389
9262
5645
6588
9610
9223
6091
8831
3618
1787
6772
6585
6349
7969
720
11513
2308
6882
11311
6209
1205
8595
8814
1468
8104
5987
3904
5115
3428
253
8912
1352
1685
10349
2468
10300
11327
405
6012
6960
1404
10918
2884
9723
10635
2292
7615
11344
5759
9421
5060
732
7913
5054
3346
2390
3634
4438
5544
6565
5287
7288
6306
7033
5872
2727
11782
8669
4511
10732
3775
12071
6039
93
1274
6471
8462
806
10147
10841
10890
704
6298
3385
2988
5065
2416
11159
11599
2801
5298
3907
4344
10635
10765
2210
7632
9132
1791
286
11990
8420
5337
12156
3351
2392
7807
2373
9421
2194
5101
8571
4256
2608
1539
3713
10210
6938
247
425
10368
7376
11369
4756
11383
6470
1489
2207
3771
7455
2100
5451
7991
9336
4460
817
10398
7575
11701
686
3053
1464
8699
10880
11694
4062
11026
10620
6747
8147
1208
8163
2269
9231
8676
6482
2256
2742
10955
7035
671
6272
2882
413
4115
7181
5157
1342
9447
9048
3394
8414
8580
11999
2181
4481
6799
1102
1425
6729
2220
12070
7683
3078
9472
7651
7000
6922
10076
2430
1984
457
11749
3451
7615
1215
7287
704
9790
7271
7367
7739
11377
11743
2638
3760
11293
4540
7016
2460
1712
2640
807
5596
7781
5529
10216
1158
1162
4483
7199
2865
11882
4460
4466
7622
9634
523
7506
7078
814
1492
9102
3240
4199
8443
6705
7493
10385
11449
11637
7954
4694
8413
10312
9640
572
1584
964
9614
5748
8297
912
8490
3532
7768
1336
809
832
2580
2932
10562
6027
2914
10271
8526
10564
11787
11604
2138
8429
7165
1224
5621
9878
10511
11563
5443
10908
3638
4948
11018
9864
1233
15
8605
4248
5408
1427
5965
11831
749
5983
2692
3798
3783
2784
5495
8166
2498
1964
645
6270
6419
7938
6691
4397
3967
5872
9482
4210
9766
9678
9812
8748
8731
11375
9681
6751
4227
5170
11356
2623
3685
10451
2521
7911
9973
3783
8352
9226
9087
11079
4954
11439
9372
8536
8931
10162
883
10730
8158
2544
9109
1666
6340
6501
3559
504
1954
8190
1527
10186
4622
812
1143
11404
8387
14
11897
8307
2325
12056
9135
7891
2126
10309
11174
1718
6562
7333
7490
7755
10301
4850
9235
5123
9602
10352
1872
4175
5605
11335
5325
191
7863
4130
2544
6750
4987
6858
1093
7893
235
10074
3036
3294
10294
8551
5946
11080
10116
5857
9146
6059
4236
5014
134
1483
4965
3429
3367
6838
6250
8560
6887
1038
5577
7572
11419
3119
615
10398
6994
9282
4838
1345
9848
6151
10103
5222
6881
7672
9524
2920
7864
2323
3064
316
12180
11393
515
8580
5233
8489
546
7730
9526
11809
7322
11621
5156
2175
359
11682
11792
11208
6694
8348
2413
8759
5307
1751
6898
703
265
5334
12099
3579
8654
4649
7508
12168
7957
3766
3764
744
9220
8065
7424
858
5105
10196
6930
2765
8800
8236
10291
11915
1137
7745
6273
1284
6881
3421
7541
8758
2202
5248
3793
10974
5861
12178
8888
1576
6188
3325
7221
7455
1149
4360
6377
11237
9580
5652
4049
2283
1517
10724
11996
3761
5722
2297
9355
193
1405
7024
7496
9782
9648
406
11707
2404
2523
8603
2769
1669
3623
7620
1357
7062
4577
10654
2154
3442
6055
10211
8749
5603
1680
5570
3084
7047
11924
348
5826
4081
7792
1484
1495
5462
8933
6270
11450
611
10065
133
5113
3443
5890
8027
2794
12224
9691
10746
7264
6132
10531
10813
11061
5240
1134
593
9975
3519
476
9600
5991
3965
3637
8342
7507
5900
3782
4902
3181
7213
1090
6778
6298
6818
9585
9229
7715
6981
1929
2432
3785
10248
524
5246
11803
1824
113
4363
4510
10470
9946
8215
2465
3813
682
8465
369
84
7572
6834
533
5732
8246
8502
380
9241
8685
2114
9798
672
2414
6728
1306
9794
12205
3596
1089
10173
1635
7400
4487
7162
4262
846
1162
6279
4339
7830
10311
5205
10103
4137
1941
3923
7180
6017
1189
4290
4133
5799
12170
6620
3779
7035
7746
10035
6250
6979
3829
7743
6359
12245
541
1990
10676
4527
1216
5909
6721
883
1843
2451
2505
11192
1246
5059
4790
3037
950
6106
9029
11653
5534
5721
8952
12227
1530
8193
1412
11813
5603
3275
11827
8124
2087
9327
6605
14
5638
3165
10783
6118
5345
9211
8483
5090
6696
9636
2702
11083
5898
11412
5458
1647
2827
407
10879
4707
10739
4586
7571
6752
1050
2586
11980
7329
11247
10064
2044
8527
7508
5018
10258
708
133
7823
9261
9108
5145
5470
1649
6263
4234
2647
9121
8104
400
10770
3448
10947
9144
10970
9907
6288
2477
3296
2527
11038
7080
1284
11087
7255
11800
2618
2383
7771
11206
5627
5809
2054
624
7930
10201
1871
1853
11660
3520
9070
10676
11879
6068
9908
5999
3677
7111
8987
10523
1374
2283
1718
5219
585
2074
8015
208
10011
7428
4959
11295
877
2047
6713
6952
10132
4127
4277
5312
5203
683
6152
1445
3095
10165
1689
9952
4266
5797
9856
8003
244
11638
3607
6929
6509
464
9911
10214
7403
7553
5921
10107
9234
8304
4549
4475
4207
2739
9196
6736
11537
2024
11957
10485
3836
2777
4712
6396
8590
9555
1444
7353
5504
9938
8245
7191
709
7707
6585
3391
1198
6275
4440
5792
918
8757
5417
8604
7902
3105
187
8040
12095
11863
3499
3602
3264
3954
8749
7957
11369
5228
11923
2922
9149
8995
4678
2195
6565
8850
8438
5046
1117
6923
2078
11209
9571
4984
834
3127
10831
11755
2072
7224
2971
5855
2739
5875
3014
1569
16
7146
2417
9542
11951
10847
3393
7240
4462
725
6266
6251
8957
7622
6907
11638
11075
568
8948
3868
4962
7879
7698
6285
5899
10465
8913
6140
4730
10792
10909
12266
5157
561
4734
2915
2010
8620
2606
10060
2629
911
10611
8627
11520
11350
6367
66
7439
2890
12042
9627
4173
11204
9984
6990
2521
4028
6789
11555
4981
538
7241
9016
5718
9489
7382
1732
4419
5064
5457
11965
9062
1456
3802
6259
1425
3052
11144
7680
8896
10403
7811
1546
2628
11933
6024
7475
1738
1835
3591
2587
234
11876
10674
2724
7057
7398
4397
8086
4682
10937
10679
2514
9982
5839
1007
1252
991
6391
7302
74
12076
9748
10670
11094
7653
5422
2838
5135
10004
9703
1251
4212
750
8762
2986
7715
4468
2335
9287
10604
4161
11719
8560
9462
7394
4876
8042
165
10984
8893
5636
9991
2829
2406
6854
5975
6137
3115
5819
1298
6324
7018
6797
10788
7203
5264
2924
10943
9452
6264
2756
6982
254
10323
6513
8286
2673
10224
9575
10766
7149
2745
10695
6605
1062
2177
6723
1372
33
3657
648
125
2800
7948
9558
5334
2627
11264
1662
3392
9520
8782
9813
10262
6734
10880
6105
683
625
6625
2758
11668
3340
11111
9731
3411
6701
10477
9917
4434
6806
6614
1515
5874
8952
725
6805
9098
1480
9194
8924
6311
4418
3496
1796
2440
7279
11797
10947
3319
1860
2153
10858
8920
1906
1394
6218
9420
597
1467
11703
8980
6172
6778
9533
11945
2865
8139
2806
9532
5362
7404
1798
3920
6409
198
5248
11310
10108
2076
3140
2358
1499
11484
3524
1933
8434
5502
11909
10169
2532
58
8190
4492
3195
8214
5604
9856
4372
9493
4663
11840
6907
1000
1660
7379
600
11136
9743
6558
4153
6009
8688
9845
3075
4417
8956
8571
525
11985
3758
12072
10657
9262
5537
171
7784
11504
10683
5261
12167
6491
2758
7747
10555
6300
8972
4896
7622
5697
8532
9612
4899
438
7315
2471
3871
9193
11322
2365
4138
9005
8141
334
3446
4362
2959
5235
972
8104
6067
8789
4828
1819
4929
7785
10072
6211
9037
6381
1727
11712
9312
7133
11563
6984
6249
8290
11610
1961
12174
5480
4100
10296
6505
6163
5533
5085
10590
10774
1712
5300
4486
9013
6568
11011
6279
1274
10452
6494
11444
7388
11398
5730
5715
44
1347
10057
4688
8531
4879
6609
3990
7731
4565
921
11875
3477
7072
1602
11405
67
2950
6389
9896
3224
6440
10628
7662
8126
4871
7174
1805
8428
1771
12029
16
1349
5828
8015
10185
8450
116
404
10073
8970
503
5485
1900
2189
8677
10568
3389
3387
4320
6848
10951
12016
7940
316
8761
1345
12098
1285
4537
181
8625
10382
4470
3102
3545
11723
7184
12078
8360
11328
2177
10123
11376
5445
2845
2258
8175
5430
3796
10744
10548
7894
6371
3835
1683
3640
3017
6126
10706
5552
11917
8867
9131
9871
1476
4548
3843
851
917
3152
8038
5583
2558
3592
1868
10146
7385
5437
3846
7985
3723
2150
1454
3686
4373
10630
4089
4640
6363
535
2818
11041
6869
5717
11454
3961
977
4972
818
1699
7315
9724
2056
10329
6848
8688
2559
6762
10270
5078
6625
12132
8460
5433
2220
931
7000
9005
883
9166
3353
10553
12186
5776
475
7112
11937
7314
3729
3426
9831
8964
12190
5074
4259
2839
4452
1347
1354
7608
5092
7919
8125
11308
9469
5111
7841
10743
12128
1475
5598
3465
2404
4810
10445
1237
11549
12128
9678
11550
5665
4407
3855
6470
813
9626
6012
7998
2271
5325
3783
3168
7667
8690
9114
9912
1662
5192
11000
10775
2861
11844
4420
4516
10470
9508
3945
3858
3866
7637
4291
1460
11245
6870
3029
11600
3464
6853
1837
5814
834
10297
1934
3825
8627
929
6872
1570
3277
12002
3124
10507
10196
8947
3762
12223
10814
2980
5891
186
5528
11509
1949
2981
11217
6312
7158
5402
3557
1815
539
4840
7534
4040
8289
4338
7032
8095
3182
4281
5651
10473
9204
7772
4382
10055
1402
10823
11277
6132
8321
10475
4301
4094
11811
1248
815
12153
8095
7776
4109
3988
1618
4471
2288
364
10689
3336
8931
3269
3619
5235
7387
12046
5479
9085
6016
7243
2833
2816
5094
5877
5658
2142
7517
5020
6451
8029
2260
1705
8591
143
9563
9952
10602
3443
2091
7021
4880
2822
9722
4024
12191
2328
6910
3974
7162
6520
8589
9720
7855
5432
319
3544
3304
7002
4938
8726
5687
11659
6709
12142
1966
4546
7326
9313
4086
8954
2870
3737
8965
561
2311
6097
3209
2415
4144
8021
6039
5144
12101
7232
7206
10573
2096
3786
7613
5602
3309
3346
2013
5468
4230
4646
1081
10149
7910
4999
8188
7708
8691
2209
5950
7209
1855
1442
504
4683
5623
2862
5746
6048
1144
267
1950
3344
11979
11358
1557
3526
2872
1352
6691
9253
245
8735
6914
6766
11214
2529
11504
4660
3076
10794
4364
3457
5607
6602
3723
1358
5453
1413
5775
12011
9241
131
4801
153
1312
10411
4058
1242
3891
950
3819
3675
7377
204
8231
3558
2558
4725
4343
8482
7094
8312
4799
592
4699
9414
1789
3858
8950
7905
2559
8079
6887
7545
5544
2794
9204
656
1743
9531
2666
11328
513
1669
5305
4573
9179
7016
12045
8206
11720
5764
5310
4798
10123
11749
3374
1819
2982
11824
3626
10897
9852
9428
9271
9146
9203
4219
2220
9324
11871
376
10538
11787
10941
1160
2626
9544
8173
10004
921
2891
4874
11847
1526
3082
985
94
3685
8214
1813
3626
1938
10201
8129
5782
10667
9850
12084
7047
11340
9672
6717
571
5120
6024
7456
7561
8495
2576
5072
6384
8015
10320
12190
9373
985
11274
9257
10279
8475
1474
685
10513
1134
5591
11537
6403
7674
8240
7032
6682
6268
11675
8888
10469
3895
7138
4564
971
1398
1821
11857
5793
9539
376
8109
5040
2483
252
5638
8409
108
3282
2807
6166
9524
4636
7055
4232
1172
6090
1208
7013
11968
4892
10514
450
9009
9648
9198
9550
9822
501
8787
9381
4061
786
505
350
9605
11027
10994
3147
10046
11433
9919
11065
9645
11588
11230
8645
582
7831
8271
10235
1071
1977
1502
10238
538
5187
5117
3016
9782
8405
694
2195
9962
4614
6997
9391
972
2096
3886
577
12209
10693
10918
3460
8739
6393
3653
5234
10989
2322
7653
8575
11706
1867
1878
5205
2918
2192
12247
646
6427
2922
562
9361
6862
3107
1204
8252
10160
8082
1297
5725
7962
3519
11005
1230
10609
576
7433
1247
3196
787
6126
848
9498
8057
6057
3101
2965
197
7886
6402
7969
5765
7357
5284
9561
11123
7225
4031
2287
3313
6443
8461
3724
4203
2119
3433
8254
12205
10595
10011
6548
11252
3066
315
8538
11406
344
6293
397
8814
4200
11149
7156
1126
1268
1116
7409
11231
324
6067
1402
5543
6672
1984
6051
1503
12275
9053
4043
8974
10282
8245
8768
12135
10586
2160
1642
8672
5787
5533
920
9610
8218
8127
4065
9172
4698
7660
5143
9208
2495
6912
7546
2591
467
5724
1363
8153
4797
1643
614
8254
10374
9955
8915
5373
10971
6612
8511
2912
1980
1010
4117
2479
8777
8860
9731
11164
7290
9491
6018
11270
6607
12
440
3805
728
3926
10602
7859
1527
3313
11112
6708
5056
4582
1936
5074
3533
7562
6692
8918
5075
8109
1415
9722
3395
126
434
1487
10345
11860
10356
6673
1858
1818
3575
6249
11682
927
12213
4780
3677
1296
3459
6011
2271
2323
1182
5036
7214
5859
1618
11748
8540
7246
2400
6560
6189
6844
10271
8705
4112
11416
2912
5329
7904
3214
1260
10970
7754
4296
4054
5936
6738
6089
6061
10724
3914
4532
3508
1789
8320
3350
4893
7806
11497
7629
4773
10479
4961
5512
1974
5491
758
4201
4138
2916
615
9339
10446
7894
4956
8554
10580
6297
4857
12071
9868
10199
1447
10951
6840
2767
1564
5923
5808
1955
4744
10617
3206
2652
8135
2486
11350
7341
6621
5389
3358
4939
8087
6946
6269
9445
7600
9623
5127
10682
2228
3004
11354
10629
8538
9683
10461
11581
2244
4247
7558
3678
9099
10837
4222
9655
10371
11592
2547
11546
7371
10320
6892
9699
6895
249
6240
9670
9087
5057
4930
7056
3190
3520
7306
10186
4954
1691
2475
3230
5995
7707
11762
4961
9229
11932
4711
9025
8238
5800
11430
10675
3999
2629
5536
8072
6594
7787
12118
9600
3806
2480
479
8948
11270
903
10087
8582
12040
6012
1321
5239
10871
6917
4359
9220
11062
4661
5511
6618
2318
9531
10627
165
10554
8151
6640
1352
9924
9028
11529
9509
