606
424
942
378
800
676
9
589
0
442
893
710
638
445
800
875
684
968
945
301
713
619
966
204
26
533
884
997
314
724
349
285
29
494
873
91
546
474
589
883
953
17
80
693
40
408
34
792
290
850
960
135
281
32
481
491
180
524
435
975
580
658
558
559
46
977
61
946
844
191
223
945
238
324
677
438
470
78
747
986
314
400
331
570
179
236
312
126
466
824
836
854
156
232
827
903
562
615
890
633
247
157
189
627
824
85
917
846
629
388
577
902
429
728
796
11
183
659
642
388
3
335
443
479
262
680
484
132
472
378
55
220
267
854
408
474
258
28
208
411
472
12
845
224
893
142
694
587
224
915
205
44
464
96
894
525
118
170
612
792
239
314
524
28
49
811
20
624
327
204
832
681
191
960
819
511
944
558
257
330
740
688
799
963
352
960
269
855
882
851
753
899
852
631
513
455
750
393
152
418
869
82
153
945
695
124
363
561
904
520
16
350
154
448
164
504
277
471
361
581
6
698
462
199
190
286
192
219
927
417
933
605
934
859
8
596
663
773
415
606
482
512
219
206
272
436
478
293
583
338
280
629
137
671
139
310
443
205
172
159
798
39
635
380
111
668
605
481
570
90
562
412
375
153
130
334
318
479
917
411
541
445
419
925
303
423
968
637
414
621
222
856
416
971
642
533
937
283
294
729
938
132
571
72
188
198
612
632
16
21
945
253
939
906
835
498
619
460
699
713
989
416
137
533
823
525
120
543
246
465
865
992
739
685
216
605
141
850
998
842
766
239
933
251
308
596
42
116
737
275
982
738
655
595
664
218
253
205
668
189
379
81
222
975
590
767
132
797
441
484
642
600
390
508
873
443
403
529
892
211
419
679
174
755
676
456
325
846
50
221
507
442
605
666
31
405
756
818
621
858
65
671
864
210
790
689
88
654
775
632
858
372
263
35
84
492
353
781
278
898
85
529
78
552
217
858
679
918
438
373
720
716
362
20
214
314
941
124
110
382
268
814
312
209
271
622
485
195
4
317
132
511
957
373
720
252
343
149
410
738
558
773
50
464
750
835
868
981
459
893
80
61
546
778
832
250
318
108
219
809
850
489
632
169
457
613
182
193
190
488
723
75
811
889
799
739
460
285
230
716
217
533
702
329
108
99
249
866
658
394
547
722
448
383
568
470
934
625
249
523
828
681
243
870
884
36
778
441
363
357
715
420
429
785
53
52
343
879
652
507
473
810
763
84
927
594
82
161
527
978
644
577
426
282
715
342
328
358
105
227
556
803
373
929
769
918
553
796
416
971
370
484
597
936
32
457
777
976
594
239
184
150
65
327
483
253
40
936
36
319
61
339
496
369
941
764
180
403
807
176
208
420
595
74
683
135
702
643
732
71
828
260
565
11
768
487
575
274
910
360
679
544
912
718
880
590
954
85
900
63
824
121
257
431
556
831
949
953
419
145
648
7
772
395
79
580
619
968
808
801
552
897
292
319
495
793
987
361
821
305
794
700
453
323
443
245
255
945
223
741
309
58
444
775
162
120
962
85
867
624
478
969
386
31
348
835
742
985
193
835
557
901
869
668
548
540
676
671
420
592
839
506
916
461
671
676
405
873
707
74
969
664
552
93
369
131
487
23
458
306
701
100
247
800
671
201
227
420
723
728
523
82
600
203
389
383
303
22
972
334
752
725
564
101
642
810
817
911
921
303
537
555
483
581
856
904
986
970
273
426
825
655
964
76
785
524
693
114
729
547
754
810
794
146
632
264
927
65
422
331
959
247
850
685
151
312
934
328
776
580
756
744
324
909
291
875
494
384
908
38
393
822
209
387
755
229
524
628
252
878
432
589
868
288
867
456
872
426
345
490
424
642
781
536
809
370
994
749
456
927
804
461
614
98
431
407
820
503
898
9
854
685
242
629
137
252
754
833
46
213
621
834
822
369
285
559
223
264
189
934
201
569
367
190
58
845
591
196
92
22
426
102
849
355
910
388
938
911
971
445
232
502
772
84
883
186
634
89
735
520
635
592
439
989
855
604
881
316
9
119
467
714
21
860
753
166
929
480
280
888
36
434
620
625
868
372
625
151
229
860
893
235
236
497
415
374
888
965
135
754
690
252
101
770
960
429
884
635
135
450
171
951
667
284
289
676
139
524
154
470
568
39
744
784
584
589
711
854
513
886
530
155
155
502
489
679
294
789
345
772
873
201
605
294
29
90
437
414
94
378
390
994
568
491
854
12
261
237
841
522
232
67
559
108
821
68
302
660
904
904
