262
490
103
2093
332
2121
1606
1061
2608
2493
1894
743
404
2933
1529
358
716
2715
2145
999
321
2554
1682
822
131
1965
2225
2821
2797
1250
1425
2106
2782
1044
2735
1276
466
859
2256
1509
1010
2833
2084
2957
2452
1200
2205
2991
1054
2364
719
385
2821
2854
658
1266
70
689
1296
53
1334
1413
2606
416
2076
1490
1002
1108
2286
1415
2727
1673
2085
1272
1415
742
381
2043
2703
1936
933
2983
2805
916
2080
2966
1122
1948
763
2650
528
1784
1641
2920
2410
364
371
2090
1017
1925
630
2806
2277
1675
1392
2684
1598
2188
1195
394
2688
2523
2502
1
955
1378
2381
2639
510
753
1170
1412
40
1825
924
976
770
86
2507
1911
969
1979
469
1606
675
2336
2547
852
1040
2705
954
195
222
2929
1914
945
367
2416
1541
457
1415
1601
388
2903
2606
2535
2021
2256
1239
2049
569
1486
1211
780
529
688
195
2909
2893
2189
614
1400
254
965
1061
309
1777
552
1472
1870
758
44
1865
2898
2898
1082
2435
2865
2644
1534
88
1529
620
589
189
620
1255
675
1585
2382
2831
972
2375
2320
1498
1552
2593
1835
1872
774
9
1896
1756
879
422
1233
756
702
563
510
298
2477
2135
2622
1755
2594
1735
2172
2922
1971
516
2501
2146
2327
1457
438
1285
959
2644
2867
2376
323
2904
756
2901
261
2555
193
702
1537
556
1094
724
58
161
1454
1903
1350
2152
2800
2281
261
2563
101
1032
219
109
152
913
2249
1805
1528
901
572
1500
2774
663
2256
1113
1110
2700
447
2271
2346
2158
2869
310
335
1454
1054
1525
2333
308
1022
120
2859
99
2160
1980
2819
2494
1859
1093
2394
2911
1555
1690
1961
2553
1040
2489
1956
2470
1310
2737
1833
2113
1575
1473
1953
1759
1433
1106
2998
1844
2103
2813
758
2108
906
810
1717
2036
579
1304
2119
1692
1504
2628
1020
1877
264
191
2139
2704
1456
89
450
1871
2635
2878
1452
264
2873
331
1038
1176
941
1173
1658
2385
2499
2073
378
1963
2430
986
2843
2693
2587
456
2798
2012
410
428
2691
1357
1891
40
2080
1700
1149
1337
2342
345
1392
1534
2542
2412
2788
2342
2341
2078
2330
1507
2563
2389
582
1781
827
709
216
2838
2937
1797
1403
370
1695
1872
558
2513
2931
2269
831
1509
1551
1836
2051
829
2519
2530
641
2121
2535
620
1957
2081
2608
2777
1841
1089
2826
1372
438
1972
138
2206
1634
2462
1008
2089
1943
2231
2632
1082
2003
1294
2841
1491
459
2340
1782
1894
2375
710
493
1108
1396
1209
1857
2215
42
2843
1729
2324
493
1
1315
96
2611
2912
2497
2653
1057
37
2179
1936
1006
2112
386
1431
202
2731
901
980
697
164
471
1544
2877
1375
2103
2537
1992
2737
2096
329
2792
117
1950
2157
1591
613
1775
105
2964
2386
1969
768
1957
2097
2365
2311
2555
2272
775
544
1165
125
2642
2584
1664
81
1585
639
1002
437
1550
2085
2681
770
828
216
879
2387
2446
2382
888
2623
153
458
2724
1192
1651
1720
1489
703
2354
1232
34
2881
219
2921
95
1462
2825
2616
1992
2998
251
1500
354
2589
294
430
1995
2428
642
2638
1474
400
1503
2079
1808
678
1111
1714
1423
660
2807
2084
2101
218
2354
1840
2867
2340
572
5
994
404
17
1691
1086
1711
1721
1775
277
980
2050
2493
1095
2937
282
330
902
762
1387
2886
282
2489
1426
293
1720
67
2707
2805
2114
2766
2028
2083
1782
2645
2007
2551
865
1646
2144
806
2183
1574
1921
961
1692
471
1391
1338
2786
626
2478
740
1721
2999
1969
1403
799
342
1216
402
2361
2739
1015
1539
1560
698
2644
1828
518
1240
2698
775
2676
2671
115
588
1084
235
1563
245
1683
134
2554
2475
1985
2616
1667
563
1874
1230
1079
2232
517
202
1921
904
446
221
621
298
673
1194
856
878
2671
2869
2412
2230
846
1925
2712
260
2224
2692
2290
157
1706
1383
2542
1506
1250
760
1322
1826
2512
1056
2354
1172
1031
1874
2912
1576
1458
1181
60
376
189
90
1899
1083
948
1150
2453
1980
710
1725
260
199
364
2496
1869
1788
2049
239
2552
506
2262
2706
1283
2517
60
773
1831
2207
1071
2693
1989
344
2808
1060
402
2177
2971
275
2511
1477
1972
809
867
415
2195
1283
1965
1055
617
2364
1176
2825
627
1935
378
420
987
1982
374
1920
1149
156
2202
2773
1297
2741
1145
2355
1031
380
1068
234
2537
465
1304
2952
1610
1329
2318
634
1415
2345
1190
1030
688
2035
2065
619
2513
369
2263
532
294
637
1096
893
1035
1582
1111
1818
2420
2046
1086
1575
1090
791
2643
368
641
255
2613
1525
2625
1069
1929
1570
2126
844
723
2597
2822
471
2820
1867
1131
1011
530
2096
1523
1967
548
2301
2631
2434
2832
701
2693
1963
1045
2039
1797
2768
1465
423
2998
18
2917
2222
1135
182
473
1154
1842
2034
2676
2492
1785
142
2405
2864
2874
1640
683
828
1293
1633
2171
1569
1315
2777
2032
1013
1703
543
2631
1358
369
124
2856
1707
180
1349
2254
2516
1896
1670
747
1083
1299
2651
1830
116
1827
1378
1553
2273
1841
257
175
536
499
1834
2420
961
143
1753
1508
1154
1844
2528
581
50
2814
607
679
402
2523
73
2151
1322
2167
1603
607
353
891
1895
2260
2274
1068
510
100
2909
1580
1345
797
2823
1503
572
2754
393
2090
517
569
1938
2998
887
1239
1870
1479
1431
1482
1591
2966
1178
1965
1321
2076
1892
297
1063
189
1861
2269
1875
604
2389
2625
2533
1770
170
1191
79
1024
542
2406
1589
2700
730
1924
687
845
2447
2592
1161
556
1682
1141
2507
1799
1484
2085
159
963
1475
2174
2630
948
1895
2191
1495
2502
964
1229
1399
535
1392
2774
2408
63
2864
2088
81
1702
2412
2278
1309
2923
31
723
777
1475
361
1708
1776
585
160
1202
1396
581
830
2767
555
2629
1718
2908
2423
1339
636
2966
1856
531
1441
38
2248
2799
1766
973
2811
2803
2078
1788
2671
248
507
2687
2974
2848
2763
1564
1268
1233
2069
2711
591
1472
2137
1062
72
1980
2125
2422
2133
2876
474
1145
1866
227
1250
2474
1538
2521
740
701
2526
1287
172
638
2329
1990
1897
1962
327
2946
159
2495
1496
1459
1164
1268
390
1369
1315
2615
1786
1244
1889
65
846
1261
2969
1807
2421
1800
1450
2526
1962
553
1459
1355
2898
1641
1546
1130
763
594
2263
605
2158
2582
2417
753
561
1804
2441
393
907
1868
767
1263
1634
1717
1302
1852
2427
2166
2393
1965
1857
2208
1527
2654
2361
189
1666
1590
1649
1159
195
647
2913
2870
368
826
2870
2069
1459
1896
1040
2062
715
697
183
1905
2430
2363
1265
2266
1550
758
2075
770
1080
1632
124
2047
639
1891
2528
569
2232
2723
2266
1758
2334
308
661
953
218
1276
2033
403
2843
2894
2805
2062
2525
474
1085
2437
605
1332
376
673
132
1510
850
2909
921
533
1218
1257
2715
18
1238
935
1980
1207
2261
2330
20
1714
224
1812
1663
2209
1613
1672
2721
1091
1970
957
2594
216
2551
597
1475
1596
1278
2685
2650
655
1545
1613
2152
1267
2362
2766
1137
2412
2540
1633
2177
1998
2616
2441
2772
828
904
334
1210
2550
2895
2252
1939
2858
1143
2595
2386
2170
385
30
2914
2341
2374
2895
2304
934
1592
948
2267
1973
2844
2650
708
1525
438
230
0
164
2313
2202
1417
2420
2893
1971
2206
833
2411
1413
2666
254
1224
2629
454
2432
2996
1504
2016
1139
2231
803
266
2028
1912
433
1825
2051
197
1293
771
602
1506
1853
2615
1645
142
1062
276
160
2344
2774
2370
517
2962
1175
2659
867
2809
1160
1639
141
983
1473
2264
2309
2143
895
1070
407
1518
589
1777
1796
712
956
2228
1914
2175
2341
2549
1327
642
242
2474
2
712
342
1704
2382
2796
1860
1360
2850
2840
804
904
2654
2096
145
1658
1503
1929
2810
1575
557
2058
465
1801
2553
13
1036
2903
2178
2793
1561
242
1641
2279
1549
2133
1470
720
2655
913
988
669
1701
53
2000
1692
2493
1564
110
2045
643
416
2961
885
2591
786
2799
2724
791
1249
522
1856
2553
1836
2594
2820
2964
87
2654
131
1441
2659
1110
2385
1728
164
1358
122
2932
1075
1495
480
1124
936
2773
2890
1087
2531
402
180
817
952
1835
1461
2502
2761
328
670
1962
2056
767
2601
2224
516
957
199
118
1167
2821
2702
223
2968
2403
961
1553
2971
1346
2419
583
1086
1697
1961
2957
2483
2579
1267
1940
2958
390
621
1153
939
1794
2785
14
1541
1731
1740
2386
653
2921
333
2244
930
1325
2232
1167
165
394
1732
786
1779
809
229
132
2347
1989
1214
426
1855
1237
1357
152
2491
1356
1958
666
2555
384
525
2813
1923
2667
2051
1422
2960
1035
646
1724
20
2473
438
1332
850
913
216
93
1273
1901
2341
2703
1363
1714
476
1895
625
1391
2161
1451
1389
704
2150
1571
756
1448
2818
201
1645
517
1244
418
2
1370
814
1724
2431
1810
933
1374
1147
109
819
910
1818
2369
1080
1103
1790
110
2158
2299
373
950
1263
2644
1790
682
2407
75
1979
1570
831
2409
2990
995
316
37
759
2298
1768
2057
935
1363
2514
1282
1885
247
810
12
1526
1935
897
1160
272
1951
2725
118
531
364
2008
1434
1943
1550
1227
825
740
111
700
801
2226
661
1614
635
2884
145
2996
1534
2757
2518
454
283
2472
915
815
2548
76
1681
2965
1554
2408
1496
527
1023
368
2021
1220
1717
2256
1525
1971
2534
2143
2707
948
1455
1491
320
2678
1901
175
836
1869
1939
1216
755
2063
1428
490
1168
1597
2937
2777
2222
2819
508
198
2834
776
1677
60
1733
70
2655
1911
498
2931
609
640
2017
865
1630
2752
341
158
1219
1611
2805
2435
2905
816
2637
2345
528
249
232
2735
973
903
2706
1418
2866
865
264
741
67
2766
537
1854
360
1613
1541
1350
1034
1404
2868
2740
245
2447
2443
111
651
307
765
779
2368
1658
2018
292
1030
2616
1526
1668
1790
113
207
2526
968
1422
2256
1033
632
1274
2413
1456
2309
843
2938
2897
2708
1808
48
495
2562
2427
2870
668
494
1483
2034
1595
2758
2666
771
457
2796
602
34
2021
521
2476
1354
353
2193
1926
391
2106
1529
1881
1757
489
2246
1173
912
296
1976
1669
1162
631
1112
443
2799
2564
840
1755
1422
2037
2530
296
2347
646
1059
771
2617
2003
1503
2522
2641
1720
2166
1543
2524
2235
2868
12
1397
1500
1412
495
1098
2368
1962
1522
2383
250
1253
2679
591
1366
109
2606
2552
2416
2535
1029
2038
167
2283
936
1422
2271
912
2925
1663
282
1482
579
755
634
646
1066
2738
1240
2465
1778
1668
1024
290
173
644
163
88
13
480
2603
2851
561
2423
1405
1042
2581
2876
442
357
2927
588
1424
1282
597
1715
1584
2647
2953
2088
1779
1159
2073
52
2544
771
1026
2127
90
1304
2572
2124
2149
2828
1851
2113
1158
1656
239
1560
2800
641
2404
1667
2851
1225
2654
131
1806
1364
2360
33
858
75
1785
1319
2161
1307
2842
2211
1968
1135
1421
1469
2042
618
86
1305
1642
1973
1485
585
1358
2110
1275
2591
327
2385
735
2795
2960
1321
933
1943
1245
1890
1192
1281
648
1047
169
2522
2712
735
2726
837
2149
2045
661
1770
1736
94
1681
475
562
2903
2332
1095
1579
1599
2181
1350
550
1233
2137
2686
2785
771
1401
2813
489
519
343
11
2631
1368
1590
602
2411
2265
916
2569
120
1448
2120
2450
719
88
592
1037
1153
2979
914
2113
1484
1638
2945
939
2731
1083
2622
344
1400
979
2062
122
1018
57
166
1793
1579
1551
51
2918
1699
2292
2006
2870
2638
510
1979
1648
3
632
444
2887
575
2630
930
706
2429
1265
949
2846
1099
2372
2645
587
1554
2812
2321
513
2046
1493
64
337
2165
677
2828
2140
1912
1881
668
1646
1815
2848
1853
2826
1742
330
557
2191
985
1671
1275
2972
1713
787
361
516
2539
1356
1518
2368
1863
704
2390
802
383
1928
1269
2568
2539
187
2847
1918
1496
803
828
195
744
2361
543
2281
772
240
914
1387
2659
148
1029
776
621
2467
515
2413
2048
180
835
169
76
1125
709
848
1409
1803
232
783
1042
956
2259
2321
226
1843
925
200
456
2820
96
2942
1165
773
1427
2807
2945
109
906
1553
2422
770
947
238
2836
1393
2503
2286
2699
1299
2033
896
2820
45
869
1948
737
100
405
661
2578
702
2678
1794
825
675
237
1224
804
1423
808
624
2338
2062
1100
165
2386
104
1383
1014
698
2500
565
267
764
2610
2310
2111
654
2741
1613
2274
1842
1950
2601
2646
2430
808
443
2303
1682
1187
695
2237
152
557
575
2147
2137
2330
1597
1912
2166
2174
103
2180
2427
848
1795
1215
1131
1974
729
2640
2924
104
1730
2334
545
1436
975
2313
2316
661
2096
1788
1176
1836
620
1863
596
1930
1148
650
1242
2553
2440
2580
2856
1788
1591
2914
2940
1821
333
2900
2905
1497
2192
1971
504
1026
2417
1004
0
356
2900
1308
1083
1441
1704
310
376
2149
2563
158
1790
2800
2949
349
2550
2600
133
1509
229
2651
1943
1004
2877
2767
91
2119
1455
2434
2294
1590
774
346
474
2627
2897
1224
2031
1358
411
2175
2886
825
2082
1042
2953
1322
1236
461
2530
1752
2210
314
2321
2838
2188
1655
667
1021
2039
257
1051
32
1518
282
1679
2663
2272
340
2898
1242
1667
67
802
7
870
1831
253
2913
1508
1579
1532
1095
2164
6
1908
774
276
1476
2847
2802
1441
1363
1231
1477
2408
2174
1613
2109
511
1563
2374
192
2779
1470
1617
2109
2454
2485
2496
2249
704
619
2880
261
2363
1258
1208
1659
1869
817
2383
2735
134
90
2525
618
799
882
1945
592
99
1936
2826
2385
2297
1007
1025
624
2383
457
1233
1708
2963
201
900
1984
370
1908
134
1129
2652
2353
619
2835
2180
1512
96
1895
1124
1907
1883
2827
1937
2358
2446
1683
851
2601
427
1087
2815
1467
191
450
2834
4
2372
1063
1083
766
485
2387
1440
147
1231
1805
970
1913
1545
1937
663
1085
2799
2111
1610
2692
437
2153
2517
1471
42
2950
460
143
1854
1735
16
401
147
1652
919
693
2790
1426
2214
2012
511
1445
1858
1179
635
660
1970
1233
342
1643
238
1118
915
1717
1374
847
1536
2684
2126
417
2465
420
1860
2811
946
604
2919
990
2149
354
87
1660
870
246
851
2053
636
1781
2000
1933
316
503
1336
24
1614
386
2023
2562
2898
1916
2702
198
201
1323
2357
502
1282
2856
2508
112
1322
2175
190
1268
1817
384
926
1476
393
1337
1360
725
0
893
1660
1054
486
867
1293
1317
1813
2225
2583
1315
985
1351
2738
249
2838
818
1335
884
2256
2602
2781
1013
227
2528
2038
1192
1335
2625
725
876
2263
987
2523
583
2805
1514
2169
526
652
63
2119
104
1341
797
2902
64
361
342
2417
2743
2022
78
1209
2524
323
347
945
709
1330
2139
2097
289
2943
990
492
1828
2234
1220
771
1953
1027
1417
33
346
638
820
880
1686
2111
2594
2106
910
2387
2227
1194
968
2251
467
1356
765
30
2834
609
1795
1073
1651
2711
637
1679
714
2562
2000
419
1658
2714
730
1462
1306
318
1295
2470
1683
367
2430
2796
2107
722
2125
2048
1884
1497
462
1818
1596
1905
353
2091
2219
2346
236
1783
881
1916
103
649
2254
2503
2183
2764
570
1895
2204
2143
2450
2500
903
1716
2146
2201
2927
1376
2057
654
1035
534
563
2771
2211
613
1006
803
1368
2196
189
1395
9
2647
2539
332
1441
51
2077
2559
693
2671
1169
1014
2956
106
2548
253
2769
2613
1345
719
322
609
607
1900
43
2560
880
1471
2892
2804
1917
311
274
1611
1388
1696
1948
2553
2076
1764
2488
90
107
480
1750
1676
1636
374
169
453
2958
1667
1869
433
2773
1752
2660
2534
2462
2982
2712
1631
1632
546
662
2258
2144
1066
2239
1088
1704
1717
2802
220
1373
2186
2927
1651
2172
776
247
1651
229
2737
2212
2192
1219
2241
1680
1268
1351
253
1189
1793
650
796
1818
2206
1527
1418
897
79
2856
1964
1164
916
487
2309
1721
307
1445
2893
2882
2076
815
35
1208
1040
1717
2859
377
1046
705
281
2703
1308
1584
2982
2688
393
1132
2946
1039
690
369
893
611
380
1761
582
2928
1055
2879
672
216
2617
600
1486
2201
2724
2332
2089
1272
1914
214
1535
2253
135
1539
811
2950
2389
515
1252
2544
2615
1375
196
1228
715
22
2151
1292
1105
2092
826
571
2340
121
1301
1768
1241
2255
919
50
664
2715
2957
2455
1000
2954
2128
425
1893
446
1648
2367
2015
261
