1215
1118
372
1261
1420
1961
452
1591
617
887
300
930
776
68
1397
984
880
1105
1540
858
1192
1809
1620
1980
1567
1079
1189
728
1348
743
124
1669
1919
983
736
933
546
191
1708
353
985
124
1664
1566
1708
1558
985
121
1735
1390
1403
475
183
1542
1351
1285
1838
1298
314
1608
470
605
246
851
959
1159
1435
1457
1541
1393
541
421
429
414
776
561
1176
1268
580
749
238
1102
739
1718
289
1919
206
1379
187
1817
452
1765
730
1720
883
620
962
760
1589
1428
471
1980
1319
1314
1681
1521
1202
1070
1442
927
952
631
257
226
957
840
1289
193
807
831
30
934
60
892
964
275
1586
15
1520
1761
1140
1801
312
1781
1583
1308
1805
634
189
926
1341
582
65
1649
1375
1016
1126
378
894
512
1906
764
641
630
1652
1433
1304
869
780
224
436
996
1432
190
1881
554
340
749
1283
1011
20
1023
852
1171
388
1599
1501
860
1536
320
516
1516
1067
306
1099
1631
1859
1729
1572
13
1498
1894
195
1719
294
195
1222
1498
157
67
1915
243
1073
1466
1433
1411
21
256
94
1755
391
817
1719
1262
1564
1382
1900
908
1991
1337
282
1092
915
1167
230
160
173
1828
1472
1625
1190
1934
109
1045
1050
45
778
661
1700
1243
1163
1657
1606
1530
1127
1935
371
1386
1810
640
1794
928
440
965
459
1689
382
27
1105
39
1272
830
762
570
348
949
985
1013
1051
694
783
1056
857
1885
1999
540
1484
1628
714
1725
885
1947
1804
1182
881
406
130
1959
366
502
791
1583
909
1975
652
1119
1072
859
186
1238
1875
620
1598
1713
671
648
1989
30
222
1663
338
1057
1183
177
1554
1467
1532
52
1422
263
1013
237
1796
543
1549
1259
426
270
587
1310
535
1062
1955
216
1048
256
270
1508
1745
413
654
1583
1477
61
1747
58
185
900
1457
105
569
1900
931
401
1944
1589
1336
885
1747
1169
1672
1246
1782
329
1759
32
986
1201
1795
1406
1482
532
1991
483
1105
1561
75
477
196
1179
291
1757
12
184
1886
426
1505
387
1184
89
1326
193
1587
1451
386
1376
993
1172
489
1578
1124
440
1835
1446
608
604
1115
1430
256
1279
87
588
374
91
1130
1091
1542
226
834
1682
1829
860
1520
496
1157
1946
852
1461
1413
1231
1806
1431
471
1737
743
1543
1536
1993
463
1432
1449
1993
77
1604
1683
763
370
419
1263
837
348
1038
915
890
1678
1820
1446
54
1210
211
1187
1497
456
1053
1501
1264
744
241
426
350
1963
896
1254
45
290
1947
1002
407
1987
1649
1679
1289
1640
248
416
428
877
1261
1068
201
373
1748
284
750
1378
1467
1450
76
613
193
159
626
1424
1018
426
1665
1121
115
1112
310
357
1719
1063
1748
1504
28
1346
1606
186
1133
772
1531
1034
1840
1354
1682
582
486
850
1496
649
1296
372
39
1941
172
1971
1889
250
1400
1713
1316
1558
778
1392
722
1330
1838
1294
1659
1069
1412
123
1177
1157
730
59
1451
1737
943
1035
1293
733
228
1509
888
1980
1513
932
1143
323
1693
1998
67
1670
37
396
17
895
1541
1273
715
1149
389
1618
941
1328
72
157
1243
1945
1426
495
660
1643
634
1797
1296
880
1599
889
1238
471
1469
1573
184
1005
1419
209
275
142
231
142
374
395
163
936
1968
1038
1698
455
543
1962
1409
998
946
1358
591
1572
1130
633
889
943
76
1618
691
414
310
1525
1957
1221
1579
936
94
382
92
1545
1210
250
1138
1177
1870
1300
574
1255
1118
1149
480
608
1322
688
1580
66
14
109
137
1642
1640
513
1657
1726
1284
1072
860
384
648
259
307
1366
1249
1904
762
1353
611
1303
1722
5
797
306
1217
1707
807
1489
451
1362
1411
757
646
1857
715
1469
1505
86
1830
199
1404
1666
1887
1451
1950
201
231
79
1416
391
665
954
1397
615
403
814
1328
408
1154
1516
1952
296
1539
1343
6
1179
1007
885
853
1298
685
1216
1224
387
523
467
103
1680
271
785
1167
405
351
23
847
1312
1682
814
35
472
414
1640
1494
575
1332
1485
228
346
546
1
1781
1838
1581
1269
23
1847
740
1362
1442
1452
1531
1168
1772
1839
1884
1338
1019
27
589
41
1972
322
659
1610
1591
1863
1906
812
1526
1469
1835
1642
92
1498
1317
1534
1137
1564
1985
392
843
1102
189
1825
856
659
222
349
190
1471
1713
1347
29
758
1904
774
44
819
1240
1208
444
470
1757
1934
949
220
1671
1112
1671
359
965
1468
610
1304
1236
1056
1844
302
1076
11
885
1036
1960
1939
648
1184
359
1255
1057
539
1400
800
1801
1018
717
1629
1057
1080
684
209
1278
818
1427
221
1016
1316
962
407
550
366
922
372
1421
1969
6
1796
1069
1552
1702
1367
1483
1629
623
1513
1003
1664
808
1761
619
1342
209
1350
1880
1154
278
1119
364
789
1385
1259
410
731
1637
618
1463
52
884
717
201
1775
586
1072
1390
1089
1018
1643
1883
1626
1557
675
354
1010
1123
1658
1689
495
1736
1257
1023
1919
1067
1029
1385
214
683
578
1278
1105
1103
1588
577
1768
1006
686
178
866
1302
1463
1446
1637
1431
1539
1092
1520
533
306
618
57
1096
1497
1330
375
525
1189
1819
517
1453
726
1067
738
217
1889
131
1286
1289
1200
1008
1315
278
1116
1419
1241
1421
1054
1307
1313
69
1564
74
64
375
102
1262
605
642
1328
1144
701
605
750
1693
1102
1291
1975
1975
4
1802
1923
1457
771
1736
749
1118
1198
1723
1782
239
1056
1575
1685
1148
114
771
1748
593
825
773
1805
576
315
621
1420
291
815
1901
840
1488
1810
1682
707
623
117
76
438
783
1476
483
1147
1673
1077
1499
1201
1109
1838
1136
1839
456
538
706
97
1007
752
1483
1226
450
1204
445
1189
1159
721
781
1996
718
1492
1229
252
821
1024
952
368
1082
22
1439
1753
224
181
1145
1150
1837
1579
407
213
293
1187
441
1722
1337
181
690
983
514
1044
554
1255
1633
1970
192
1629
444
1334
843
1582
1797
1074
382
625
533
1068
1722
1182
1002
1369
1413
410
1911
1455
1620
878
1181
1186
930
1481
1277
456
167
856
530
776
1877
187
588
1758
1111
1104
839
801
1329
524
275
1586
518
794
1666
913
1855
1085
754
63
971
1197
1607
431
508
347
1933
1247
165
1021
584
1476
34
1017
1058
342
1757
1404
1769
557
974
302
189
960
998
685
647
939
1123
1641
1792
1735
307
1584
154
1695
429
382
1019
873
265
676
1496
1583
702
1687
1387
567
581
1673
412
572
857
1178
1806
1515
1984
1679
1714
782
1997
1654
1169
687
1860
1833
620
513
1853
523
1225
157
464
1882
313
1861
1391
1087
1320
856
1476
243
1633
33
1982
1465
591
1176
3
42
497
1218
1254
1829
1197
1293
1489
1992
574
1967
1864
1381
1950
1167
644
611
1081
1490
121
1755
78
803
1755
1814
1246
1327
222
1546
1972
805
497
289
1297
1904
57
893
1786
286
411
352
1958
1969
1743
969
1965
321
1987
1079
1149
85
976
493
1214
1926
1985
845
522
1509
796
1942
1311
229
690
1564
469
1454
1698
1650
1610
1704
1605
1338
916
171
131
524
659
1854
370
1458
678
882
559
651
1179
1352
172
1202
110
576
160
60
652
258
580
1311
970
631
1432
1220
1135
512
548
323
299
1582
245
1958
934
1087
1301
693
1413
1710
782
1057
1177
1909
798
655
1457
85
611
1757
1707
727
423
1936
140
1920
323
1436
953
1292
219
1957
757
2000
106
1720
1255
274
615
1333
84
207
118
753
1374
1161
1534
164
203
1780
326
322
1443
1161
1371
1245
61
1442
595
1610
172
1712
1811
1721
1581
890
763
1718
1904
1430
1347
1765
851
90
466
525
372
502
589
562
1874
1489
804
1523
709
1070
1035
595
1845
613
129
1178
1832
1338
396
1023
1091
980
471
216
45
1687
1855
71
1900
1075
1653
152
802
456
874
1763
1453
1084
109
455
1007
149
56
43
1464
1521
1120
1377
1749
1012
260
658
176
552
1096
1001
1699
749
277
1624
1327
1522
529
32
1284
100
1905
125
1395
585
1074
576
670
805
202
1157
1012
506
1394
998
1988
482
1284
1660
908
1525
1008
904
846
953
1877
890
1443
1037
1763
215
721
615
264
719
1786
1353
808
1241
1517
1492
1167
283
179
1683
1783
1746
1317
102
458
1665
160
1664
1299
673
522
1431
455
1666
809
895
1453
446
458
451
1912
1203
1922
348
699
686
91
1144
1531
1128
1175
801
539
1026
146
202
1220
725
598
155
604
1252
1433
1878
1797
51
179
1953
1767
1423
1657
434
1915
66
1412
388
143
1797
980
1283
112
1674
1638
393
1499
925
1635
1810
474
1907
1948
759
1364
1654
707
1374
565
1335
1899
1055
285
101
273
497
752
206
1674
986
603
1205
1442
990
1855
312
500
1249
518
1255
1055
635
51
1859
711
788
176
399
1864
449
436
1523
884
35
1203
1619
1454
697
1297
1023
143
1796
1455
1231
1247
1451
1652
587
1476
1375
1754
147
374
1599
194
874
1358
312
725
1128
171
1579
2000
869
921
99
198
819
166
594
1783
475
1837
655
128
760
1093
1031
1801
64
1561
1618
579
1175
146
488
134
236
1934
1829
891
12
1799
1138
1767
287
130
1200
1237
1688
608
1196
350
1527
1855
1951
1285
440
574
1279
1199
1758
1783
443
242
1449
1612
73
995
340
381
1080
1045
658
616
1438
1588
1256
126
72
1315
1874
541
829
611
1010
497
376
1916
1061
1000
917
317
864
1502
1365
808
131
477
426
396
749
145
128
291
1929
1239
879
797
1364
411
1715
1748
364
1047
1149
492
173
1201
953
673
200
902
197
1613
208
1581
915
1280
852
115
1255
142
614
1284
273
1064
1956
1664
1855
156
1579
743
1057
1706
1193
778
174
894
1630
1045
1571
557
1311
1617
1877
440
445
1466
1157
1349
308
526
372
1487
1135
1540
523
345
146
494
902
186
136
934
342
1092
332
307
1476
1639
1230
184
1882
1572
911
395
753
1974
858
1532
629
515
1962
359
1226
69
1073
815
1177
1349
943
41
199
635
1930
309
1624
179
1103
779
466
260
666
728
890
689
601
1096
618
879
717
320
1283
1118
1915
985
1722
1853
1408
608
979
1227
572
1596
1203
1899
397
481
1036
1657
1750
83
13
1847
573
1420
1305
902
631
1394
210
297
366
432
1806
1288
569
1807
924
85
721
1686
1338
102
593
167
854
1786
560
582
1592
217
1833
1020
1662
840
735
1760
1400
959
821
312
1595
1183
835
597
1593
1881
1913
581
1180
1317
657
191
1305
1392
1416
19
564
23
1316
712
1674
1408
968
501
423
79
973
579
1236
484
962
1509
1559
469
1962
423
858
464
1222
1023
155
1710
1675
485
1713
1712
