469
641
350
674
819
839
330
394
604
767
1014
360
696
462
652
173
433
737
16
210
935
391
1020
942
316
478
202
116
461
317
809
641
638
674
843
986
12
749
798
102
347
646
417
298
852
847
864
932
185
926
854
321
881
674
671
426
304
321
445
500
42
871
0
189
510
299
742
260
205
973
938
868
783
857
712
8
717
749
628
367
382
909
545
264
52
833
747
270
263
654
519
836
85
677
336
94
936
223
977
484
523
368
808
649
115
233
479
328
899
660
198
770
344
458
56
646
32
179
14
783
418
223
225
568
537
857
697
896
402
535
727
918
429
752
925
883
470
220
90
50
407
709
1013
967
175
1007
825
357
94
181
182
892
660
897
830
184
471
462
257
1004
318
534
1007
878
398
716
767
27
737
789
563
688
310
572
879
563
971
70
535
61
498
84
548
522
944
668
886
317
174
377
541
12
813
300
900
306
827
549
298
751
927
956
249
186
446
383
422
1000
868
645
391
580
996
506
739
915
489
789
241
543
786
819
202
696
748
219
319
170
317
242
1
454
272
265
834
388
1016
170
648
541
487
748
6
1
650
144
528
31
322
284
330
743
142
367
723
627
295
218
454
490
323
366
721
812
215
477
461
485
641
534
777
676
523
981
668
475
564
919
120
27
238
878
401
653
61
122
829
148
949
56
494
171
36
699
700
158
513
381
203
588
447
946
851
437
336
432
180
949
410
547
176
56
330
847
924
23
888
432
15
570
75
435
462
28
429
763
416
41
339
492
64
151
850
580
984
125
679
863
547
134
317
467
149
363
130
775
349
860
837
989
5
875
593
228
15
238
784
999
898
753
250
959
1004
299
634
33
1018
938
898
753
178
822
341
10
232
124
287
560
55
89
57
602
275
67
351
937
848
824
869
656
664
975
241
517
281
171
24
741
434
761
651
613
623
601
929
959
589
637
320
337
606
433
380
49
138
596
892
47
341
962
117
957
863
536
636
138
968
326
133
706
952
715
121
351
527
575
716
750
114
742
97
589
164
822
641
669
621
920
767
409
70
185
876
523
335
58
327
303
235
970
789
1010
916
102
143
752
836
907
529
344
292
892
25
258
726
698
496
58
735
156
450
403
32
962
54
390
888
979
277
438
660
477
412
307
52
599
703
475
796
621
976
658
340
454
210
593
282
850
140
522
595
639
501
734
42
389
102
224
432
705
535
896
686
1022
906
1018
278
899
785
60
3
142
215
467
392
964
927
5
585
140
861
98
618
676
412
417
325
680
32
250
718
585
699
57
671
202
1019
327
637
510
901
190
343
124
672
453
763
799
458
737
978
580
561
242
670
852
541
168
473
819
363
110
823
901
755
633
90
23
621
939
322
1016
368
910
221
129
606
857
777
30
683
904
194
749
651
288
58
695
228
432
945
555
693
34
8
476
830
378
8
309
903
451
1015
566
763
234
575
671
390
621
487
471
50
734
707
593
443
975
766
765
366
358
458
517
266
903
235
669
189
514
660
168
814
208
612
69
208
818
645
557
243
1024
802
972
784
49
290
473
655
1007
813
719
250
121
1002
1014
538
698
483
741
675
822
295
1022
638
821
473
576
914
774
867
904
982
721
533
564
436
520
310
418
535
755
327
763
573
576
623
46
498
629
107
426
589
19
676
176
437
257
199
563
371
830
77
566
904
482
1000
308
1010
131
426
922
353
149
431
1015
591
212
692
787
462
843
166
752
878
675
979
67
876
763
1003
897
708
658
576
805
482
228
148
161
557
72
357
668
730
181
96
579
912
357
645
32
743
332
15
12
190
352
139
801
287
631
80
625
992
300
525
104
300
864
933
629
877
228
628
69
152
406
327
795
414
992
549
494
794
1002
778
833
128
645
400
325
229
146
354
848
900
822
922
886
8
799
694
196
297
240
232
413
831
522
642
64
613
19
862
17
775
898
510
960
434
681
549
340
615
783
765
612
136
44
15
541
186
597
1011
155
565
24
79
880
172
210
409
166
931
26
492
601
218
409
66
416
727
916
412
856
548
354
613
789
129
887
517
289
397
685
953
673
242
1024
398
461
35
560
272
607
418
40
391
563
158
869
10
285
70
599
214
748
984
743
223
147
318
857
335
683
657
706
803
651
195
93
812
419
725
455
258
978
988
162
544
707
730
948
164
747
675
413
523
656
1012
209
381
245
202
564
497
494
635
992
1004
11
380
68
566
2
997
656
585
14
195
14
633
632
746
835
290
819
531
920
983
107
885
533
651
220
320
216
218
629
656
45
582
691
863
323
852
393
799
851
525
679
49
537
701
554
547
665
416
189
904
966
635
717
823
161
17
181
587
215
11
364
265
634
1009
449
767
532
299
426
846
922
822
783
