5674
2268
3680
1149
7312
3116
2914
5887
5246
2692
518
7150
1020
3804
3981
2497
618
6888
5848
388
3551
1697
5175
4261
8083
4990
4362
2418
3012
7442
1706
5534
1928
7709
5124
2787
5277
2388
2829
1521
427
6205
2659
1095
866
2328
5846
2875
3748
1125
7495
5619
7471
2113
7528
6680
4490
2088
8187
788
7881
4722
6819
3456
6511
6419
1065
4970
3423
5181
8135
7569
2478
4150
4956
8164
8073
7018
4737
5776
7474
2760
293
7753
6097
5289
7149
5645
1649
2766
8175
2399
2390
7044
3361
2298
6594
5526
7946
411
6283
3556
252
7493
7050
546
3391
1821
2915
96
6869
6543
3674
3341
2923
3145
6171
8170
1452
5816
721
3685
2523
1883
5455
798
6803
5014
7587
346
1901
666
7044
2973
1556
5868
1256
2858
1104
2971
7270
6656
6236
4468
5123
7297
3133
5177
5387
7366
6444
7226
2590
1533
552
7660
864
7602
2185
4429
2573
6951
3781
8070
8170
4613
1067
4572
5384
4724
6774
5562
4222
5398
3989
6802
7424
2705
753
3348
6237
4262
4436
7572
6306
2550
4538
5868
2434
5540
4390
6331
4724
5925
1237
5091
1606
5046
3234
2903
5796
5582
800
5282
4685
2943
6429
2597
116
7908
4509
498
2891
3511
7261
5974
5030
7797
3744
4686
4911
6622
5771
2797
5607
4073
3256
4785
6671
4437
3365
2622
6287
1099
1251
5872
4931
4333
4885
6679
3556
6150
7531
3253
5312
2683
578
7816
7566
5069
6829
6968
7042
2429
5442
5873
4139
3382
7401
5010
3309
4216
1463
5389
7790
5416
4677
4031
3128
1671
7916
7752
4745
4858
7753
7984
8052
5564
7841
5119
1955
7235
768
2934
3196
7622
3259
1148
5415
1123
6234
3902
2699
1233
3151
123
1091
142
1959
5193
3217
979
917
5380
6002
59
6239
7362
6764
3985
5914
6610
6230
1990
2509
3865
4203
2694
3001
6395
7806
6663
7277
2991
3067
7826
6218
2930
5881
3152
3889
4150
4234
1088
1571
3946
2631
7607
2500
3782
6114
55
5089
4502
2425
6768
3345
6981
1569
2332
1775
4842
620
4588
3909
2325
7259
4455
232
6685
4871
115
4925
7082
8066
4629
1151
2234
180
1312
1312
5991
4785
2927
4787
677
4352
4135
5351
2136
6309
3423
2603
5238
3462
1647
4997
4461
5946
2772
3101
2278
1384
377
973
3143
1792
7573
2161
6488
4259
3677
5907
7453
3259
7705
2179
5090
1468
1138
6547
6603
7100
5170
1398
7814
1044
6762
1181
8033
2680
5751
5708
564
3661
3876
3691
7448
8068
2342
1029
6849
4633
7735
3927
5333
774
4589
948
215
6324
7814
7281
854
5633
2036
5639
7564
6815
317
2580
1888
4652
2407
2334
6068
72
2579
3695
4544
4445
6647
2066
315
28
7050
7542
1030
1416
140
4391
911
290
5259
3623
6768
2253
2725
6653
8135
101
5435
6497
3607
4253
1687
2002
1809
7321
3322
6493
5436
5119
5570
7984
7092
2414
1633
4149
1161
1718
5646
6042
8157
5987
4762
8154
6936
1898
4092
5062
4179
2669
4975
3830
6130
7669
5613
200
6445
276
690
7385
5837
6928
6997
6868
7416
4151
1538
3716
7957
3679
3086
8011
6684
3779
914
707
2911
7923
1653
2515
2791
3752
778
4014
941
4681
460
5836
3411
7209
147
5596
3808
2795
8031
8175
3807
7212
525
48
6679
7699
6747
6169
7806
3876
7115
5523
7672
2843
7521
7622
3738
4929
6242
2877
4945
2131
3959
4423
4398
3680
5781
3892
91
7975
5231
1310
7162
7945
1440
4332
6257
7046
1039
6734
367
2431
7439
535
4763
5981
4051
7767
3818
5113
539
5342
7238
1961
7528
2728
1065
499
4750
4416
5270
766
1503
5936
4131
652
3968
1602
6498
2164
5511
822
5523
7326
1367
4109
1445
872
1041
1480
1155
7890
5616
242
4976
1944
3778
228
5145
382
2507
2534
1291
2045
2049
4554
1343
4120
4783
5484
2805
7917
6637
2035
431
1614
8088
7797
2563
325
2917
2072
1498
7248
2943
7841
5417
4753
3923
2264
5390
5130
6119
1269
6554
3487
7459
3600
3304
7184
2139
2507
2213
1370
2350
5916
4663
7443
4306
1388
6684
3174
4317
6312
226
2803
4679
5007
1690
4377
6685
6231
2182
815
4755
7100
5904
1666
5540
526
4102
7071
3921
607
6776
4410
7385
778
3438
29
5610
24
5012
3178
1711
2953
4601
7577
962
3471
4088
3359
6694
6057
7334
2316
4315
1997
6208
698
3107
6539
3624
3785
976
6626
5633
5324
4424
4980
6881
4723
8017
2699
7276
4626
2084
3044
7358
3311
7564
3698
7337
1876
3051
4353
439
3917
4289
3848
1799
6483
6343
3218
304
5729
353
1492
5085
1531
1479
5279
3114
7832
500
4415
828
6760
4095
83
2070
4819
6630
6262
5899
1007
551
1297
982
2116
2723
5032
6207
3355
3197
4714
1004
2551
5374
6417
5794
7631
1818
5892
8165
4820
6536
3410
3706
6404
4046
7344
5110
8179
3351
6050
6595
4399
4398
1322
6945
821
7294
6371
2231
2561
3987
4944
5968
5584
665
5857
3300
5931
3828
3653
305
5317
7076
5692
1872
6951
7730
3298
1901
7987
815
5014
2681
2790
2422
2392
7322
7158
6812
5182
4742
2863
7505
6580
208
6523
6318
7053
3799
3481
8185
985
3419
7328
3788
1188
7308
3966
6685
416
1744
1787
2009
3899
3738
3404
5918
1092
3142
6434
3354
5589
5030
1836
5948
8093
1658
3165
2724
7131
728
6772
2811
7808
333
1013
1695
8019
6667
1450
3407
4168
6701
5877
4118
3910
4957
7813
2332
4741
1382
13
7622
3324
6060
5526
6310
7131
6621
6047
3443
2844
5012
2753
7199
3405
549
5981
6260
7380
7103
7949
4491
7263
4990
1110
8020
2847
3266
18
4976
3955
262
465
4011
4657
3251
5757
5427
2936
8121
771
3753
6792
6748
3320
985
5210
2381
2359
2191
5874
7474
7358
8151
830
7041
6870
2932
3062
7725
3791
1985
6272
5972
8078
6118
494
7226
7747
6493
3332
4133
21
173
4246
3569
1446
1055
78
1220
3190
331
4305
6552
8074
34
393
6052
2214
1282
1721
6324
6281
2108
7123
3288
1082
6018
7710
3378
5134
7540
5227
6733
255
2720
7614
5432
5895
5824
5276
578
5651
1427
7986
4337
2061
1507
2272
7313
7077
2034
5313
5192
5335
4234
7713
4018
7156
2084
7978
7303
7869
6122
4914
6539
4446
7323
6851
6178
3229
1666
6051
2490
4848
4857
3090
6827
72
855
754
1192
2725
4928
6336
4748
4260
3972
5464
6326
8161
2265
4038
7699
574
7811
7770
3479
4006
3385
334
3153
7701
6801
660
5156
7420
4150
6232
4093
746
458
4777
4646
4978
912
3904
40
2804
4277
5385
1238
4157
4864
7977
7099
1049
3729
4874
2970
5064
1124
1423
1256
3706
1294
734
7090
7846
3589
7151
7945
6894
4761
7533
7885
7733
1427
2321
5582
7075
1450
2119
5922
1212
7258
1806
4354
4994
191
7091
3140
1266
103
7053
3006
1621
2858
585
4073
7108
5118
5631
2880
7527
7021
2676
6224
3857
7918
8025
5004
4581
3971
6044
3925
7604
4991
3162
3037
4800
2559
2652
6505
4177
665
824
1368
5893
2890
96
1155
1251
4537
6427
5803
5359
7133
112
6826
490
7828
7974
4376
2239
1834
5058
6141
3484
7315
4090
7614
6800
7531
594
7908
2196
7043
3952
1855
309
4101
7992
2511
5763
4430
6911
1336
7200
4160
4305
259
786
5333
6284
3228
7230
5655
3279
7619
3473
8184
4174
5325
1595
3673
3142
5736
640
6608
5369
6610
5319
6920
7524
7773
4589
6508
6359
4927
2538
3475
299
5685
403
4031
5939
7839
1481
7855
2541
2827
6515
7263
669
2985
8093
7958
3754
6139
805
5179
6001
2071
897
6390
6931
3385
2674
4344
441
8039
6159
2652
2440
3855
1276
2933
202
324
4353
2434
3199
5009
7113
5970
4325
2588
1479
1076
1777
1493
63
6554
6645
4775
4216
2652
3016
1692
5627
2491
3345
1223
8102
930
2865
1676
5735
3774
3120
152
1680
8052
7832
2726
1363
7395
767
1387
1034
5863
2266
5471
6234
2278
1550
5378
3294
3465
8082
4104
7216
880
1837
7440
4359
5267
2319
4022
6124
5879
2803
801
790
3182
6983
3223
947
7648
4336
466
4942
3853
1921
630
6395
2664
5255
2147
7286
719
6687
6180
7201
5581
3937
7329
5304
5351
5543
4675
2203
3682
669
7534
6589
1583
2037
1616
4912
3729
4909
6485
5718
2658
3539
4683
6501
5388
2102
3161
4476
6882
6736
4875
5594
6046
1275
7623
5689
7324
1857
1191
6381
412
7981
1817
6307
6161
5500
7798
8101
3645
8120
2342
7365
3732
6908
5222
112
2189
2055
7231
3999
4471
2909
7152
4207
7880
354
5299
1561
4488
6883
5647
1966
933
5774
3536
1107
4240
1181
8048
6505
4865
6829
4491
3130
6679
1849
5687
4342
6317
6379
662
6747
3655
6760
253
3584
6080
8099
6190
8028
696
2422
5561
57
4821
149
6583
5873
4098
8117
1450
498
5497
194
53
6152
5236
221
5672
4287
3657
458
7941
1084
7684
7658
859
2646
2701
4695
2309
1081
6169
6117
3930
7834
1322
149
5874
2675
4587
7622
4602
7005
4182
4043
4215
4698
6984
3280
3817
4323
7883
6876
330
2184
3442
6060
6603
2955
1536
4720
2658
794
1210
5346
5292
7579
239
2896
793
2387
7616
1122
7956
8044
953
6169
2134
1797
427
236
713
382
5786
2204
6625
488
3670
672
6063
2590
2649
925
619
3657
1729
7520
878
1315
677
5425
7511
2069
2094
7421
374
7932
1412
6814
3961
4071
2401
978
7602
2006
6535
1916
3971
2764
7154
2059
4568
1535
2875
5179
4659
5454
2520
6447
6901
974
5199
4382
4150
380
1322
5548
2389
1867
3893
7643
3556
4699
195
3778
6075
4248
7823
2604
1691
1364
5720
205
2149
2488
6284
6030
6756
4615
1431
5248
2911
5621
6875
4412
3830
1913
1084
6984
6394
1460
7852
3146
6961
7247
5742
1559
2025
3646
3303
4851
2743
3255
5932
4530
6966
5602
1225
6398
766
3813
2046
1120
151
6547
7230
5991
6400
2977
6853
7457
6501
5579
3874
4062
2878
763
1565
7273
325
6490
4818
2643
1164
6950
6586
5020
5506
1328
2815
1820
5337
3809
1420
4208
6427
8148
4988
5954
2010
5523
8148
6459
8117
5336
192
7007
5056
469
1152
4773
2920
5468
3806
1906
7350
6613
5899
1895
906
2117
6299
6760
7214
5055
5838
78
2767
1599
3324
1879
5061
2776
1609
3782
4241
6810
2481
1316
1767
5617
1014
3757
2331
5926
2359
3808
489
6989
7995
1170
7197
5665
649
1989
2606
1897
6460
6533
4193
584
2465
4129
3864
4713
1380
4091
1157
2659
1924
8044
7589
849
7045
2175
7643
3362
3939
6005
7251
8161
7795
1455
4562
5742
1724
73
5764
4032
6986
5781
1501
6946
1370
7640
2430
2651
2026
1954
6922
4112
3056
3504
4338
175
368
267
2693
7173
6546
3714
3100
4641
4964
3132
4776
4807
6259
1599
7295
4343
4379
7785
331
324
1783
6894
7294
1652
5276
1556
4344
2472
4365
2468
3931
5951
913
4706
7614
5714
1953
5340
3289
73
465
3207
7386
504
1353
539
5012
2605
1416
482
4452
5265
7048
6547
7384
3150
1885
2338
6906
5007
5625
6105
6535
7249
2085
2295
4543
6857
2294
5236
4709
7837
6934
5631
3258
7184
4940
2655
3610
7902
2143
6322
5296
4489
4201
1409
341
2672
198
1868
4321
5194
6110
712
2497
2429
757
4662
7031
683
347
6537
6677
1881
5654
1138
4806
5834
7898
153
3434
5926
3460
2471
2288
521
7758
1989
1035
6766
1370
660
6349
7666
5545
6281
1969
1702
3720
4379
4457
8183
6512
29
3715
6587
83
1029
6507
3950
5705
377
6192
6890
1628
6747
3163
6580
1905
3937
7261
2773
4962
3767
7138
4056
1403
7939
773
3556
6324
4270
3702
2814
5433
3892
3773
8057
1797
7452
5556
1331
2966
4969
3194
6768
2498
2471
7181
5475
1678
7420
7605
2148
6773
640
1749
6545
297
6785
6099
2425
5141
4618
1756
2407
6292
3324
1438
734
5463
7770
6654
4594
3504
2838
6440
5895
1454
440
1302
5877
65
3008
1943
4937
2335
5178
4862
4763
5891
6313
3929
6248
5909
5701
288
155
5091
3601
2425
6304
1387
5113
6537
3222
3418
8100
5466
6602
754
3990
6422
5875
3650
391
2734
3761
426
5595
2241
440
2274
3967
1120
5192
8120
6717
5314
1051
693
3605
4625
1702
2917
6305
163
4061
2746
1491
1198
4961
233
1840
5606
418
3745
4945
5158
1229
362
5506
2469
1140
6056
1984
6282
7044
6308
1291
7990
1311
1137
6349
68
6185
4637
62
7511
3599
2799
1535
1588
6099
1006
7155
3293
6281
2965
7299
3732
3785
7115
2969
2147
6751
1499
7408
7757
5264
4134
7620
7914
1204
1418
4461
6049
1094
287
6017
5920
3989
2682
2017
7296
6864
7744
5070
5679
6028
7941
1687
1489
3214
1222
7568
6574
4173
7218
5298
3139
4003
2908
5136
1500
4477
3416
5900
1117
2636
7802
3372
6840
1404
3730
4037
5890
4434
427
2894
671
6502
3226
4636
7660
298
449
7845
5382
3285
6129
3118
4573
5401
1734
1265
4375
2861
5722
1300
3570
6549
2104
6100
859
482
4806
1064
7986
5525
5380
6939
3527
1229
2189
8179
3157
7627
3483
4749
7163
6525
712
2114
5068
1097
413
1397
2435
7256
2205
3650
6567
5522
4935
2212
3523
2232
5125
6040
4196
700
3274
3856
5132
5213
1319
2213
92
522
845
6683
3421
7734
2658
5693
1379
2747
5249
4704
7227
5974
1785
6683
8090
3265
5711
3545
7934
329
6350
6679
2280
7557
1366
186
3899
6631
59
6209
2031
5882
5735
2593
6992
450
1049
4573
710
4389
7520
2645
4051
2305
3523
7617
264
2913
3105
8067
2120
1269
1672
2484
4228
2200
5582
7576
4662
786
6660
2472
5250
3214
4279
7293
162
2928
2408
4090
6090
5047
7520
444
3875
296
2848
8027
7396
6219
7651
1232
7884
3351
5006
2184
3349
2227
5547
4963
3440
3224
7712
7901
5545
745
2035
349
3471
7759
2577
4219
5708
4127
4915
7762
3707
5132
2169
7572
8187
3194
5956
3021
2970
4333
7202
3097
5004
7450
6493
94
6519
2473
2141
142
7222
8112
865
7282
7545
825
6129
5117
3234
1311
214
6314
1643
1863
7135
7475
5593
1536
495
6987
1746
2590
7104
183
336
141
6103
7606
3528
5289
299
3528
1720
2245
101
3145
2553
7565
6501
1975
3437
6110
5735
2793
726
5393
3503
2681
5037
1195
1502
4152
7889
4003
483
103
7629
1624
4744
8053
1715
2120
3489
4168
6119
4907
2422
3359
6409
4319
539
187
7179
2232
1620
8147
5162
3137
991
1324
7700
696
3265
7392
520
3642
4151
5804
2323
5640
161
5784
1274
5350
5143
25
3858
6148
6864
6056
5427
4160
2471
4310
4959
861
2259
4744
1827
1931
2600
6807
869
5536
5813
5325
3421
7220
2229
3311
5657
2692
807
4188
5766
1544
1815
1462
1986
2607
6555
2489
4998
2950
1438
6884
2672
1557
6907
5376
7220
7980
7134
7161
2695
953
1965
150
1738
4626
442
7266
6165
7163
6627
196
1095
7793
4490
4882
6912
4574
3190
7380
1395
612
877
510
3885
7561
5318
260
1907
3372
7328
7841
2473
465
4737
8138
951
4056
2623
3956
5552
7824
1536
7473
7243
578
7406
295
3748
476
1162
3643
5234
2295
2240
2216
2149
6615
5596
1168
7710
2601
5199
454
6988
422
7330
5888
148
2620
4359
2914
953
5435
4496
5991
2415
1767
6499
2490
2192
3880
6301
708
7131
1729
4076
836
6119
5242
423
7539
7809
2455
6271
162
40
4988
7344
4498
3948
6169
1071
2760
7660
2649
4249
5651
1622
1744
4866
7604
3952
3535
1436
6374
3386
7597
6495
3481
2831
686
7
4513
2192
2644
8159
2943
3007
5809
7635
1545
4468
7343
7674
6412
2479
530
6756
1479
7821
5857
6401
2841
591
6174
5947
4696
6640
6910
4593
5405
7403
1838
4353
6971
5352
4118
1561
7677
7396
3122
7451
5541
1576
6578
5972
1258
6211
3173
4644
1378
7246
4735
2261
7674
2312
1980
2405
4413
7439
1913
4577
3805
1735
6682
3556
6856
2942
2562
5403
5333
5655
2810
4170
2920
636
77
2823
3109
1663
6603
5441
101
2831
3455
3853
775
2812
6675
4992
5031
221
5611
2447
1477
5444
4616
69
5282
4291
4634
1838
6636
6383
7627
6389
2555
3463
3335
6271
5321
2637
3704
6865
7409
4094
1401
2497
1889
3961
6767
8098
770
500
7877
4117
4936
2989
1563
1580
1206
2141
657
1617
3433
7514
3403
3004
270
6821
6104
7121
3147
3762
7290
3469
6421
5405
336
4436
2456
6568
6431
4343
3465
7326
4324
5032
3993
6436
7956
4209
2830
3673
3430
336
2163
5699
683
1048
2791
3004
7954
5847
2816
437
5545
850
1821
6885
2911
610
2270
1366
3511
7610
3802
58
3787
7400
4202
6275
708
7260
3249
1078
4902
354
1695
2387
3780
7455
1016
7381
4844
6551
3692
4159
2617
4179
986
5711
7257
5182
8179
2913
4472
1711
5042
5822
8087
6042
3319
1367
7188
3934
3001
4397
1483
6591
3461
1838
7577
6328
2316
4497
3968
7641
6837
3775
7645
5045
6874
4487
6726
347
2837
6779
6541
7846
1932
2960
5944
1820
7889
5512
3458
5792
1848
1337
5041
6397
3255
6337
5320
1975
3708
5026
272
2734
5180
1082
4474
3383
5776
416
5530
1086
929
2074
648
4770
4136
5544
265
3153
2151
7621
5825
7192
6081
6152
4884
10
7161
2691
3754
825
7957
2968
1469
1930
7400
642
7329
4467
2585
6811
5561
1816
2810
1457
4515
6915
3552
1548
1144
1937
7852
2320
5061
5665
6699
1008
2106
5125
6937
7676
4887
846
4624
4180
2768
6666
3394
4934
3696
6240
5805
1736
4930
1019
5864
1241
8009
6518
4200
5542
401
6199
2139
56
1098
6342
635
4633
4619
7289
4065
7120
6228
3179
6264
7141
7184
601
1174
6272
1781
820
6799
7660
1960
6122
5094
7205
2428
3770
4534
862
7202
5403
7171
4060
1794
206
1317
841
1581
1060
6088
3970
6429
8019
2601
3992
6162
5796
3897
3300
1917
33
6989
5332
102
1279
4073
2422
5678
5872
7295
6
7539
8060
2896
2538
688
1789
5464
5648
6998
6835
7803
2552
3864
404
6861
1425
7687
2733
1407
7148
2177
1952
7479
3289
7803
6556
1384
3009
1181
6548
3681
5740
1969
2475
7676
4285
7734
1527
372
7264
1748
4880
7229
6417
3672
5844
3361
7404
8183
7765
7692
5974
7372
859
2538
2237
1042
295
4783
4434
5632
2739
7035
5805
111
2144
6435
8192
3056
492
538
682
3732
1077
6576
4649
3873
1926
7668
4360
5453
632
6785
2302
4467
6456
6461
2344
6830
5836
7422
2845
6853
6965
2892
979
7499
8008
1732
495
6998
6104
4977
373
6111
2312
7733
33
797
5268
4206
6649
1907
6410
2424
6204
2150
3834
2851
7819
4131
687
7957
1243
809
1498
4044
36
6574
3254
5742
8023
2939
5336
2980
3825
7246
2483
3538
2484
499
905
1566
4940
7313
8143
3434
2238
5667
6144
776
403
6456
1232
6619
5437
4434
6325
6004
2025
5462
1820
6056
2905
280
6054
7349
4077
1509
6162
4337
4099
2223
7468
7467
4372
1674
7233
6142
526
3064
58
2773
41
210
2861
390
7322
6872
3899
5710
5825
4477
757
2709
7720
3354
7015
5226
7498
3499
7351
1569
6798
5974
7327
4405
2252
2491
6295
4590
4310
2339
8084
4617
1019
852
5041
5514
671
2192
1772
496
947
4492
3137
637
2841
471
8192
3764
1770
3433
1097
184
200
6039
8052
2010
1350
5023
5549
2853
1706
3264
6108
4833
6409
4825
7685
3956
6366
4460
5182
6972
7885
2451
554
5520
1343
6066
7350
6396
331
4212
430
542
6120
339
7919
3212
6224
6847
750
3585
1218
4337
1325
5378
6267
5127
7164
6341
7910
731
522
4796
868
2765
8105
1698
4849
7768
8113
5422
2293
6735
7644
6168
5604
128
2964
283
2876
7585
764
2353
2098
3829
7486
7268
7661
2517
5000
3517
6281
7730
5809
1092
562
1512
5806
2000
1834
3067
4444
7967
5825
7615
7378
3078
5579
7226
2633
7619
2767
2624
4044
7925
6222
629
1332
4980
2031
8121
4266
4568
6983
6765
2918
7009
932
5002
3
5471
5229
4129
327
6741
5475
2394
5378
648
6454
6898
2453
6962
4019
7759
779
4568
6568
4952
5063
5207
2456
2962
523
7187
5241
1857
3019
5560
2028
6001
3298
7762
6640
296
274
3588
6984
2590
3289
3335
6676
3959
7240
788
675
423
5309
4385
4369
2773
4170
7613
1200
2836
7233
3412
1920
2939
1674
1263
4969
5049
2156
1725
4909
6784
7075
6819
3447
5895
1751
2522
8129
604
2899
3052
2248
7780
2276
5681
2902
4255
237
6144
4538
3816
5756
1886
4535
2110
2823
7707
2929
6812
6453
7440
3718
6576
6968
3428
6448
5629
7910
2058
4502
3723
1117
3102
2593
7630
5107
3988
6288
4866
3595
7141
8095
6984
2174
8080
2211
5270
677
1458
3497
7070
1216
5177
5575
7096
7155
5261
257
5929
4152
5481
2225
2705
279
6245
296
2185
5118
1565
7048
7937
1766
4174
2996
8068
6708
7917
23
5483
1713
7534
4080
5325
7462
3100
6085
787
1958
3133
4744
595
5065
5101
7059
6222
1568
3943
593
1397
756
5992
7163
156
1469
4091
1573
5855
2819
1296
5123
2001
7103
284
4104
1192
6597
2771
3315
5450
5425
74
398
3700
1251
162
80
819
984
5420
4350
2266
3401
771
7355
3664
3119
4906
3588
2473
3668
1368
6767
6420
2745
7710
414
2349
1638
8070
5879
499
4040
7222
910
7244
1519
2339
3776
608
953
3215
5077
5221
6718
4547
1253
3413
3661
5279
4767
5791
1693
7358
2126
7743
71
2922
922
2168
1224
247
4620
7933
6278
5041
1851
6846
4177
5331
4470
7552
3946
6374
4423
1777
8128
7318
5460
342
5286
8057
1810
7603
2788
4199
2334
8087
15
2821
4946
4805
1079
5965
7809
5915
2420
6266
4107
2376
6455
1893
8050
6630
2980
7311
4956
2865
5207
2480
7581
3850
2044
3223
5723
1246
1092
4280
895
6745
1663
3525
3950
833
6017
4470
4359
854
5653
7883
1571
6868
7730
7858
1606
4300
7732
1204
5902
6939
6037
2490
5550
2733
3595
1215
5755
6850
1849
2487
3102
2869
8059
3439
5608
6228
6505
1668
3928
1153
6030
4925
4285
6364
5139
597
3199
3793
5660
2610
5044
5055
4401
5018
6489
3693
6358
6910
1210
5769
6230
4228
2045
4683
841
3830
5321
7290
1201
6879
7827
2217
1765
6769
847
7656
7726
6621
5347
7459
7245
6139
8031
4037
2945
2103
2716
4609
3720
7632
6980
6574
6673
6955
606
7892
1635
437
1314
5945
4864
4537
1051
3885
7122
4129
4864
2296
7295
7583
3362
409
4575
7876
4642
5940
4489
3761
2812
5885
3871
4684
3333
503
5773
7227
5991
4173
2845
124
2614
2438
1227
3245
3821
6865
3275
2348
204
6588
861
6191
1576
8062
7444
272
1243
1410
4990
3265
6011
3505
2694
7024
4639
5294
6922
4455
6045
4223
3008
751
3689
1739
5681
1411
768
7953
3890
1226
4027
4455
663
3408
1075
7297
1905
7510
3328
1844
4933
6682
3513
6430
1191
505
6106
2719
2286
4618
5050
6215
3008
1891
2182
4101
6045
2705
1851
5684
7103
2595
771
308
5457
5458
7742
7649
5620
6225
6186
6765
5504
7822
3980
6883
5946
2283
4273
7814
1518
932
5490
6034
4270
2097
4303
4496
4879
7913
3864
298
5357
287
5823
764
6718
3308
3460
7044
5253
940
7972
1803
6958
3223
5053
3539
6425
7231
1645
7191
3656
3790
7770
6451
6616
8069
2873
2462
7612
4204
6140
7453
4222
5983
1006
4396
1534
2213
5633
7707
2239
8123
8137
4876
4496
1016
4074
3539
4330
7326
5030
6072
6651
2828
6477
3572
1894
4915
1222
3504
3596
3566
7659
5219
4723
6571
1897
971
1804
5034
6608
4961
5822
2695
3103
238
4078
6476
1288
6179
3595
4044
7445
6134
6215
2853
190
5679
784
453
6930
5204
2210
6199
7130
3142
7372
7225
5796
3790
2688
1545
1275
3164
4827
1386
5869
4470
6666
3701
3759
2966
135
5988
5631
4093
462
2432
6790
1164
7575
463
1232
2403
1426
562
8085
2555
5402
2479
2630
1476
5584
5358
3257
1111
155
7685
1886
6417
1195
2178
3832
3946
1501
6371
5322
4944
6268
4591
5561
488
2569
5724
3077
706
6887
354
6028
3699
4249
160
4089
6182
699
7931
6157
1339
6242
3464
4251
1333
7259
5213
1463
3092
1855
3318
7573
2011
2565
6294
693
4615
5970
4999
6410
1656
4152
1910
1261
7485
6912
5287
5097
2282
781
900
524
363
7611
6783
2969
7034
2506
4434
6210
6421
5294
5542
804
1312
4024
5774
1442
2319
4761
3424
4939
3630
6077
2259
5719
1543
1326
2994
594
2008
5378
5929
2757
1091
1093
2429
7124
4889
5850
7990
6705
420
6371
4346
7926
6100
2908
6260
6868
7697
3925
7096
1872
1082
2336
2595
2573
1941
1011
251
2505
448
6962
325
3523
3432
871
2295
2339
7386
3453
5975
5284
3390
5084
4363
4380
8107
3501
4030
5501
1776
599
4222
2843
6534
2567
7928
1793
1585
3896
6293
6130
7891
2590
2813
2851
8120
6223
4792
5724
1867
5886
4013
4869
1401
3902
4548
6336
2831
6866
1423
8061
7579
195
7245
62
1351
2994
3909
4600
8098
7836
5722
4533
5838
883
8118
593
5762
7721
4450
5329
1241
591
5310
6586
5694
6417
689
4196
3477
7324
1410
1381
7176
2041
1306
2903
2294
1430
5693
2996
8115
5829
1205
5280
2693
3202
7737
7684
4539
248
4425
3024
2151
3138
558
2758
3551
2714
7922
1753
2905
1183
4785
7412
233
7400
5714
3433
5769
7536
5843
6638
7436
5968
4462
639
2443
4404
625
5867
2688
5091
5181
3319
1669
4374
5911
5574
9
7012
2864
5933
3375
1481
4576
6558
2804
5049
7911
110
1745
5565
6615
1272
5978
5786
8156
6616
3474
4451
7305
4181
6640
5538
1369
6451
5838
7856
5754
3118
4667
1607
1103
5247
3793
538
1531
88
6681
5290
5248
749
6998
7603
3868
6499
3092
2962
2707
1322
7185
5168
1352
4847
2513
4622
1491
687
1962
1360
5858
4805
7873
3838
1973
8110
2356
6028
214
5183
1389
6545
5170
5314
5012
6261
705
1023
5697
1202
901
1441
6048
5572
4187
5841
4077
2103
5936
5608
3326
1615
7632
1485
7098
7946
3914
6326
888
7878
6959
3703
372
1249
2030
1433
7430
3894
4917
6705
7136
5562
5512
656
4390
1164
7216
6030
854
5141
6989
5760
5038
4097
1814
3453
501
1700
2678
3301
4851
3954
768
2796
437
674
1057
1619
5324
3251
1084
4232
7076
2924
5360
1707
7289
3159
5138
2307
7777
4562
5703
4406
5622
5467
5450
902
4607
7339
4497
7118
3366
4724
3196
858
7481
2347
3939
1171
7292
5543
3029
8135
5143
5154
4570
4157
5092
7528
4471
4529
5273
1046
8183
4811
1990
579
4957
2436
3769
7245
7013
3824
3800
3850
7795
4278
7110
3158
3751
7328
5409
3595
7433
3339
8187
3826
2847
1809
3668
8081
3909
6794
4584
3185
7183
103
397
3223
1789
2326
2056
7055
8136
2734
297
4680
2712
4298
3555
3745
7011
5856
7822
6312
2441
2866
1979
4309
3669
2214
5944
3934
1485
5889
2530
329
3309
6376
4158
2170
5022
6911
2499
2918
3043
1414
4928
5650
3094
3511
3044
7002
4958
3563
7887
6212
6815
749
3355
2423
5987
647
7897
7345
695
2349
7091
5547
79
3371
6700
7416
3872
811
4040
3143
5256
1612
4450
3581
4924
3163
1526
1332
944
3871
4280
1065
5413
7155
5598
6295
7686
3043
6023
3512
4408
5339
6839
7608
5203
1380
6539
983
1403
5861
694
1889
7600
6110
4249
2501
3299
8097
1990
4454
6242
3661
6851
5241
7862
5983
3255
428
7781
6126
3283
2561
2022
4259
2539
4342
5778
5439
2284
60
6918
4248
2435
1755
6244
3040
3622
2068
798
1760
1602
6015
478
190
1681
2826
959
236
813
7070
116
3983
1959
5130
2781
1188
2589
7899
4592
1596
572
1835
2749
1009
3791
32
5015
2169
865
4118
4557
4155
3831
6027
99
4702
579
2751
683
2121
2464
5014
6755
256
1424
2037
2508
5873
6430
8130
740
607
5059
908
7946
3690
5953
2297
5727
5011
896
1396
7779
4479
1969
7479
1114
5052
4505
6163
6599
2568
3895
4191
1889
6231
5414
376
1302
4205
6885
2412
6223
543
4526
6377
1188
4733
7691
1019
4996
4487
4400
5202
1767
6199
346
2618
545
6296
4359
5040
5570
261
1729
1432
4378
6745
4842
1964
965
5410
1122
3492
2031
6119
3666
1829
1636
882
5874
5968
6952
3243
5613
212
4423
7983
483
5122
7127
994
4994
7707
3886
2437
6560
6118
7496
7488
1591
1218
6904
4571
6348
8147
3725
7813
3492
3916
4064
1423
2246
5975
3658
8028
1476
7741
4369
8042
533
7612
5676
4066
6839
607
6275
2999
3494
3651
6835
2537
5518
1982
5337
2128
449
615
7281
4845
2551
1131
3946
3208
6713
7458
2654
6695
3636
5016
3387
5235
2286
6412
6383
1103
7796
2104
1167
6416
7611
5466
3977
6061
4663
7369
359
6569
3071
2946
1290
4072
6312
7193
6393
6786
7066
7413
6979
7613
5295
3625
206
1229
899
1861
1967
692
93
5903
3774
302
745
1324
7157
1790
2906
6482
4354
5329
6876
6957
6860
4163
1451
3132
1807
4489
7828
5760
2099
6658
4503
3944
5545
3044
4604
5276
3112
4594
5753
87
7500
93
4188
5376
4640
156
1757
5625
8192
3228
7106
2034
1765
1826
5514
7101
7964
2125
1239
4880
337
7254
7766
1169
285
2913
1267
1356
2703
36
1417
6351
5771
1511
1417
21
2564
1028
6262
6353
0
1391
824
6674
4607
2360
1841
2284
2471
1946
4722
2815
885
4766
6370
4211
757
2991
2255
647
4100
3218
37
7815
7065
4430
4751
5876
5235
6724
5438
7492
3974
7298
5588
3827
4376
4475
1102
5051
4868
7505
2458
3520
5494
1355
6424
1073
2166
5354
4654
5622
20
6956
1233
1407
118
7520
8129
1927
2964
1205
33
3777
1204
1833
1610
7749
1992
5079
1245
5263
6339
5968
1118
47
438
685
6926
2812
2309
3297
2209
1750
3658
7071
4677
4543
591
2901
3551
7125
3899
7111
6406
7921
2982
7992
3945
7946
6618
1526
6029
5794
1182
5989
750
2398
6596
4871
4133
1684
2066
6406
3369
743
7097
1593
6818
5378
1459
1323
7315
2196
6180
767
4196
2523
4963
404
6273
1323
286
174
5479
730
1426
4795
5853
6565
2644
4274
6969
7130
3787
4475
1956
5787
6187
3663
5254
653
2384
2118
7319
3472
4151
5940
6268
3450
1844
2433
1093
1685
3818
5216
2062
672
7351
5848
7498
4505
5688
5589
1132
521
6400
4884
4792
5142
5598
6663
2199
3873
3556
6140
1783
1980
6533
1638
7863
1786
5591
6586
3466
1395
3271
6969
6297
3879
7793
384
2081
5893
6138
7093
2539
4428
6759
6295
8130
2492
5564
3295
6044
4431
3022
7044
7479
7785
4160
3449
8106
5794
5770
347
4616
4122
418
2552
4479
2814
5095
286
7870
7511
2205
7905
7364
2682
7758
7497
2337
463
3845
237
6383
6745
6357
6831
4510
5946
7670
937
2990
2734
2671
1876
4267
2908
773
7571
1748
6598
4715
7155
5394
930
3076
239
487
3004
5295
544
2399
2720
5883
4342
1932
2847
5242
2509
6648
6020
6317
6074
4408
1100
2780
7557
6583
4017
1053
383
7806
2784
5119
1890
5172
4875
5445
5212
2967
6309
17
2958
7516
2247
303
2671
1762
7310
4291
7159
2665
5153
7878
6520
2705
7208
2828
5859
6846
2848
2941
641
1664
6884
757
2888
195
814
1394
5079
7936
579
391
2452
3953
4835
1971
485
4216
7980
2976
4695
6216
5183
4081
2945
4451
8065
2269
1843
7376
7258
8050
7889
3584
3795
4287
2513
7583
7777
2867
3029
484
7953
6174
3871
960
6176
2048
7039
663
3084
4907
4135
6157
2346
1385
940
2410
3006
8035
1791
7735
4887
1671
2114
2114
35
7253
219
2701
6331
502
6551
962
7245
1845
6696
7530
2849
5153
5106
3477
3135
6210
1843
4646
1249
2068
6327
80
3116
160
6664
6552
1621
1833
2189
6681
1851
4546
2765
8165
1366
8054
4752
1075
5750
1085
1352
1272
1968
7173
3558
7917
3276
6485
4095
4132
1403
2660
1959
5928
749
4117
7097
668
3160
4506
6846
2613
7865
836
6336
7384
7383
6500
3699
5952
8135
6144
1254
5772
7451
5163
453
5099
7694
348
3222
2346
3619
3131
4727
5434
132
384
5669
3113
3668
2990
1479
4061
3301
3848
5134
4615
3199
780
8150
218
5242
4893
7314
7217
535
807
6182
1177
3296
1288
1862
5915
2719
5839
4526
3313
6791
7537
7978
5257
6406
7018
5643
5580
472
3453
6864
3167
3711
4638
6712
3242
752
4428
1140
366
4956
7046
7761
7585
5214
1441
6722
350
6401
626
7587
824
4684
5952
5383
388
5800
7028
3590
2341
1012
7882
7010
1581
3036
644
5451
7218
7575
6287
2043
4169
6297
8113
5571
6828
4121
4506
2323
5297
5477
3434
1042
6099
1662
6861
6941
1904
1367
6759
3455
1513
4218
3964
7332
1263
7853
2941
7099
4518
7259
5666
812
3162
6720
5228
1958
6512
1564
948
2029
3083
6615
7337
711
2278
3373
364
2186
7738
4854
6022
2464
1988
2334
5497
4038
5392
7368
2588
948
8019
1132
4866
1246
2619
3444
558
2308
6191
7603
5452
6544
670
6462
4661
8190
2895
5979
3822
345
3702
5391
5423
7708
5464
561
3627
4200
1104
3519
3058
3725
2834
6805
356
3638
2683
1611
4310
7287
8030
4591
6411
1214
6147
255
4017
6873
8000
3722
1028
3100
6267
6262
5818
6807
281
4230
6608
6283
7362
6564
4699
7558
1469
5541
6432
2874
5050
7177
7018
662
602
2157
6671
769
1230
957
1232
2641
6935
3780
5111
4921
685
3133
1982
6099
6331
1358
528
6022
3817
3896
5679
5762
1036
1667
5533
7642
955
383
2286
7757
6310
2907
4326
1401
2701
4332
5361
465
2189
4554
5119
3610
3562
1514
1387
584
3584
1541
5231
1052
8071
6331
1959
3083
522
1505
1537
7168
5411
4747
3346
6921
1231
1104
3292
3413
7252
670
6197
4620
3337
481
135
774
5552
2975
3277
3454
7259
6444
7606
5374
6250
7548
3098
1846
4184
863
6859
278
4957
5496
5705
3457
3525
7149
6983
2811
7409
1760
4679
5159
6907
620
6195
4371
7314
2894
2712
6454
7090
8104
4904
344
3228
5572
884
4115
293
3776
1610
1034
5977
3786
5752
1528
4605
5743
4126
2695
5067
6874
7563
1213
2447
7828
6733
6267
2852
2375
3189
2110
3548
3340
2928
6305
1705
5389
1655
692
2453
3014
2088
5669
7697
2722
2402
3831
5810
4513
3346
5782
5211
1775
5
6707
1422
2903
3335
6994
6839
5953
6287
7503
635
4194
846
5620
21
3940
774
1949
7400
3860
7291
7111
2055
5373
2412
341
4967
4219
2503
1297
7577
7254
5305
3579
18
1676
8115
7328
4916
1139
175
971
2924
4348
6767
2697
5912
72
1057
5372
7890
2596
1097
2326
7472
283
6791
3354
4720
6168
7706
4518
315
4040
5863
5953
4804
7625
319
6093
146
5331
5467
4258
7800
3815
1968
1716
2945
2698
6140
7375
101
2673
6184
3933
7382
1398
7519
6554
5768
5425
6576
2210
6348
6514
4666
952
5939
521
3723
1938
6689
1855
1529
6056
3122
1877
2059
2652
3300
7011
197
660
6905
1018
7557
4852
6254
5934
12
6541
725
39
200
4391
2075
3446
6741
4513
5246
6788
6209
4727
7036
6344
5258
6484
1459
1538
2596
6107
4776
3577
7493
4796
7494
4801
7255
4244
5575
2875
1259
6617
8192
1476
7009
5444
2437
5834
1397
1648
6878
2239
922
4262
5337
1440
1828
4246
1808
6755
7536
5364
8138
4623
438
5256
4241
1708
2170
5753
944
4773
6368
7386
3421
5336
3904
4303
6889
5446
8010
7933
1712
1404
6447
2662
8056
679
135
5095
2239
461
4027
465
5020
3776
6492
6094
8134
2996
5036
7468
506
7387
1180
6989
5074
3765
6355
4613
2083
6078
7756
1505
1154
1959
1173
6241
3902
2991
4477
5760
4371
377
1826
157
4242
3267
5297
1913
1019
7109
8045
7049
7565
5873
7850
3671
1836
3198
1344
2573
5761
7803
2786
1001
4639
3163
4000
2223
7571
2745
396
5881
1101
5589
3059
2340
5892
5015
4416
695
3266
3379
6960
7896
4616
872
2501
5283
8119
5426
6967
355
4412
7586
4312
119
457
249
5876
3912
2354
5018
5370
3265
5496
4064
3299
4543
7839
436
1362
4232
4691
2403
117
2069
6316
6031
7792
8112
770
1393
3002
4941
6258
6258
3702
2728
6516
2012
5614
4215
3891
138
2476
4337
2290
7532
5711
6296
1311
5860
5038
6460
6248
5488
6281
8008
2539
760
6265
6237
2312
7071
6047
4717
6781
4916
7548
3270
3057
5190
6890
464
1714
2832
782
4089
5142
7913
6080
3079
5831
7253
2361
4665
1934
5525
6492
4418
7780
643
1839
1913
1244
4495
1974
2028
2138
1352
8035
1110
6912
2672
2585
3493
8073
7942
5292
5308
433
956
6965
5507
8159
1657
5563
6822
2933
2397
1016
2732
3429
2428
3249
4652
6204
8126
6852
7267
5996
171
2565
4706
5854
2590
4870
2973
6251
5572
939
3270
4940
5397
7341
5300
4238
1429
7028
6599
2279
7546
6794
7849
4560
8094
4089
8143
1675
7471
250
4071
3467
960
1901
1630
4863
2873
2827
3447
5839
1189
812
2941
2803
4897
1950
1798
3415
3067
28
7077
2736
7374
5502
1511
5978
3277
3228
6387
570
2415
4542
8015
7377
5678
7503
3176
7158
1790
3481
4473
3398
1306
1914
2407
6458
7996
4320
511
6697
6570
1413
4417
6514
1251
6863
7371
3980
7993
5626
6607
2068
1312
3851
7597
2026
7584
566
2943
5368
5441
4117
7887
8040
5286
3708
4154
7410
1003
3419
2373
7174
7881
4425
3943
3130
2331
4990
335
6931
3598
7041
1967
5578
2324
2593
4047
3292
905
300
2852
990
2491
1167
5979
6159
2176
6149
3377
3387
4122
3553
6922
269
6546
864
5369
4308
6945
3701
3763
2460
741
7319
6256
6701
2916
2770
5186
5128
3874
7643
5440
651
2653
3046
8149
556
5279
6679
4999
4061
1769
5133
7553
303
70
4366
1367
302
7746
1249
7983
7244
2632
1346
4168
2434
4827
6207
5357
7192
7561
7678
218
1440
1754
5458
3607
4115
2025
1192
5963
3979
5578
1513
6539
3075
4456
3384
3608
7896
5591
6592
1183
7285
1071
1492
6721
6738
2038
4493
565
6729
3502
7697
4395
5074
1431
6138
2812
6073
958
7933
4307
3172
7599
6894
5594
2286
5786
3722
1583
3676
4340
2372
3355
1841
2451
3587
5294
253
4889
4450
7274
3109
7563
2885
2389
1444
7992
7944
3162
2876
7980
431
2879
5417
3135
5600
6706
3503
4147
6202
7640
1874
49
4783
747
7410
4819
5705
3042
6502
3621
5536
6800
6580
6786
4165
4927
2672
4041
3731
4105
1561
4959
7219
4801
7518
8113
462
6271
5141
6598
7333
4556
3756
2179
1157
6697
1018
1548
757
7236
864
8001
6397
3360
1628
2566
617
849
5257
2851
5843
3561
4349
6457
5227
5074
2383
3734
7746
7849
7285
2529
7243
4281
1968
1888
6141
6312
2105
184
1316
634
6552
6930
2497
5039
5558
7816
855
4433
2201
5445
4423
385
1920
6163
6513
7827
3510
6203
4286
5587
943
1636
5284
7843
8050
6067
4832
6031
1307
4756
1389
6273
3422
6576
4904
1942
5758
2545
6134
4313
3327
5301
2191
986
1124
223
4295
6138
6740
3667
255
233
2216
2609
401
7139
4308
3469
6248
4785
8189
8076
4995
4584
5085
5044
2491
1588
6818
5430
3920
4695
4373
1076
1319
7834
287
3754
6496
4970
2600
7398
5282
5281
2136
7588
5172
5176
502
7615
6758
7792
5235
3134
7360
5136
1998
7161
6605
4553
2994
6602
3729
3216
6903
3167
4907
2886
4228
3195
3318
3149
6414
7303
6947
6398
5473
5525
7508
8162
4936
2022
2487
5294
5772
1191
965
3388
3371
1011
5807
4883
1029
3159
3351
5995
3967
6221
5171
3977
7499
3992
8027
3246
1732
1714
632
6642
571
1333
1279
2023
874
5971
4141
6383
2909
4370
1495
242
368
7447
2704
720
1136
944
2787
5921
4371
4493
3921
7884
5136
495
4209
92
3240
3578
5143
6162
2305
4849
5221
1899
3610
1587
5487
4295
708
6520
4115
6972
1125
5873
3369
6355
3198
2650
880
7919
5252
95
2346
5064
6783
5496
6533
5624
6540
3938
657
7110
330
4803
2779
5338
800
1739
4981
558
7689
1949
933
4319
4879
333
7618
6676
4236
7078
7582
3703
4735
4821
4580
1877
3138
7231
7865
6434
4973
4537
6145
3503
3266
403
4674
5578
1882
5518
5004
7828
504
4566
138
3698
5941
7256
5216
1051
440
1090
4072
3633
5530
2409
6501
6518
591
6311
223
5554
3216
6981
4808
1565
1543
6249
3414
1990
950
7584
4218
1724
4561
2897
4420
6020
7329
3364
2165
2863
8003
2679
5916
4953
2485
4574
1690
5524
6407
3113
3252
6553
5746
7312
2256
4420
419
1076
4547
4525
7473
6097
5370
6969
3685
108
1074
1233
2081
1024
4119
8052
6412
7961
5948
7029
4929
5994
5725
2294
2275
5711
1633
5592
3724
3636
978
5106
268
7774
3781
6141
1843
713
7333
3880
3288
3329
5510
101
2187
4637
6590
6987
2797
2468
7371
7635
6830
1939
3058
3888
2917
7874
5726
2242
4109
3182
4541
3571
2100
1148
8020
5394
1216
6388
2942
7435
6885
4535
3809
6671
3092
5629
7352
6930
3336
290
5178
4744
3230
6963
4297
5760
5998
5186
335
821
7307
5952
4113
3486
4551
937
3933
8122
6090
6439
8077
6038
2641
6279
3882
4923
7877
3441
595
7681
554
4302
4497
4328
4191
1476
1603
5386
6853
1693
7645
1676
3907
4648
6378
7103
6343
4203
2029
4630
4244
4325
7507
761
380
2300
5425
1999
6517
2110
7952
3510
7858
654
2456
6890
7562
7033
913
997
7786
2272
2125
6976
318
1538
4551
7514
5278
1504
6938
1258
5649
6936
5890
3438
7873
2092
7189
2405
1828
6108
3661
5994
5707
1335
913
8009
8077
6772
2016
6018
1290
2076
1085
3250
2122
6441
4412
882
5295
1550
6834
4252
4156
4855
3417
878
1577
2126
497
6993
1384
5081
792
2930
1354
417
6714
6253
8075
7313
6136
5575
3657
1160
5860
7201
4485
6032
4508
7661
4055
5721
553
4584
2072
3969
4149
6003
5748
8085
7520
8051
4050
227
6608
3089
7837
4488
6923
7214
941
7770
5643
6736
852
3189
4517
5134
3894
4839
1096
5398
6187
7635
3946
2418
4101
2467
648
4904
113
262
340
4576
976
6622
6397
1832
7330
3431
2810
5743
1100
7343
1103
6034
2468
965
7511
7797
346
708
4436
1213
3607
797
7397
5497
2036
2270
5510
7429
4015
112
1000
7273
7274
2699
1483
7934
6173
4903
6541
3429
1636
6065
575
7608
3373
5425
8114
2663
702
4158
3571
7660
6561
1155
2357
7082
7642
6608
7767
398
2610
2929
1638
6348
2855
5092
0
7569
999
1786
966
5587
5830
2910
3278
3812
1655
8146
3896
7869
3741
776
3199
2864
7379
6559
1422
3015
2967
7085
4604
2577
3698
2309
5874
6728
3462
5699
4840
5050
1925
5246
2404
6262
6345
4786
5071
1244
7764
742
7056
4555
7239
5759
3801
82
1292
7671
2363
7098
631
8144
7788
7933
242
3078
594
1067
4327
316
3768
4294
4219
3452
7184
2130
6073
1127
4590
2801
5424
933
4828
1437
2260
4153
1951
4402
849
233
2488
803
6374
7431
3756
1503
6551
7202
1461
1194
7622
7351
5179
1839
7548
3821
7069
1597
6471
935
6573
7540
7854
1618
2943
5551
3769
2608
5088
462
925
8175
3680
1406
5486
605
7609
3112
6151
6324
599
6379
6640
4765
242
6943
4343
186
2800
5843
2988
7395
6835
3601
3737
6026
5540
6813
2833
1722
2222
6781
2614
7739
6312
3788
7017
5148
101
101
1770
3129
4149
6177
1283
6425
819
4874
3690
1038
7173
6218
4281
4251
1170
5443
3188
4148
5338
5513
151
3525
5852
3241
1730
1089
4298
7801
4320
7034
184
2536
2528
3164
4977
6212
5476
4321
3682
5469
7091
6137
5067
5671
5542
4638
737
1789
2363
4008
5632
5101
6677
4893
4633
4814
2239
4299
782
819
8116
5872
1202
3221
4420
6863
6828
5217
7346
5776
2672
3501
360
344
4975
1431
4989
3792
404
1567
3239
6667
6994
2802
5615
2776
5048
3205
5347
6971
7009
7722
7619
8102
4555
152
7445
3865
1757
3071
5848
878
4230
6683
3627
7277
8100
5714
159
6988
7823
4330
3383
6259
1218
187
1934
862
1218
6959
1380
7796
4529
3890
6432
4790
3553
4006
5943
1355
1961
2983
1253
6655
3824
4928
5650
7487
1474
1246
7034
7679
7563
3045
4825
2826
4212
3106
1020
2911
2616
5911
3900
5934
658
3423
5184
4319
7806
6023
1771
627
5041
7460
2926
4080
3499
393
1091
1168
1969
1337
4369
2385
784
6703
6952
2449
3488
843
1698
5985
771
332
5383
1306
542
7364
1728
3518
2496
237
23
465
7069
6739
6572
6980
2625
3905
7035
560
2770
5788
6990
5378
6532
2637
777
3675
3121
1479
5554
2232
5818
3956
7257
3773
862
3270
4288
1367
5496
1862
4369
3366
2705
649
3725
2161
4605
702
6275
6705
902
5558
3000
5714
5257
7117
5174
3251
7184
1906
3594
6972
7347
3535
6255
21
2830
7788
3349
4173
932
1308
4500
6725
317
8027
4465
5051
4790
6943
3611
3964
6610
7664
1424
853
5724
3103
2116
5020
7948
3362
6684
3486
2040
1329
4209
1150
8113
107
678
6040
1872
2619
5589
3996
6283
700
4209
5849
869
2954
6051
3681
6640
5634
6242
3003
5714
3059
2529
1910
6636
830
6968
1193
7913
6857
6875
446
4579
2213
987
3908
1969
7523
2048
3339
3836
1612
6466
3197
4602
2771
5194
1161
393
3006
5818
1928
7011
7812
7219
6025
5077
7625
414
6787
6789
172
6589
5022
4684
6867
4979
6773
365
4482
5776
6925
7967
1239
7460
4355
508
1271
4202
1899
7218
7119
2580
3823
4185
2445
493
2422
6056
4191
6353
3598
3247
5543
2145
4591
2345
6105
2057
4455
1317
3450
3970
3249
700
2356
5374
1838
2223
5383
1468
4765
6423
4650
4495
2181
4120
3944
8058
2014
6282
2380
3077
8087
7180
2106
6840
5208
7561
7923
6383
3222
1372
6325
1409
4123
260
3037
7601
34
3011
4
6525
3724
1217
250
5751
649
6750
3772
7117
6545
3115
2005
2356
471
870
7770
774
2769
5044
1588
4459
3290
5012
7489
3398
2511
3223
2815
4737
7535
3351
4344
6765
1192
4811
1043
6574
7779
4682
495
3278
1138
1098
2478
8105
776
5446
164
1813
4946
7593
4026
18
440
2214
5613
7168
2987
3506
7285
7624
1676
5127
255
5161
6588
3798
7043
2317
5618
6063
5127
6585
2677
495
787
93
3714
3782
2241
5269
4486
1684
2719
6377
7785
3894
2438
6665
3
8132
2683
168
2916
7516
7441
80
4052
256
2841
7454
6949
2604
7140
1353
3687
4160
5276
1335
7419
4927
913
3186
4414
4124
5099
8022
4536
2047
5834
5560
2686
2988
7155
4121
1237
931
4753
2027
5396
4515
2144
257
458
5998
5803
2137
2498
5856
3427
6717
6521
7361
5829
7156
8088
4618
4465
1361
4376
5592
4997
3933
4888
7284
3580
7659
5677
1902
2473
1791
5365
2155
7156
4317
7516
839
477
5466
7749
834
6983
7232
7766
2255
4942
7746
84
1961
236
3194
2180
7862
822
7032
6100
38
5164
6701
2801
2015
5245
6145
2093
1792
6714
3939
643
1610
63
7490
5845
3
7805
2235
2337
4123
4217
1276
7832
652
2362
4823
3019
6184
1353
1576
6901
5074
4581
4253
4049
6190
5385
3345
4743
6129
5789
2351
4425
4230
1178
7158
2359
6809
2320
2482
6411
4714
5927
7562
335
3812
4753
3755
2344
1804
6942
347
6973
4077
6604
1331
2402
1317
8058
1331
2661
3493
4665
3404
1005
3186
2141
7934
4074
3178
4446
7381
2175
4983
5113
4133
1286
7813
2202
1139
6739
1412
2427
452
1832
4432
4170
2542
5004
2918
5742
3661
1872
4612
51
5834
7765
5865
1286
2573
1178
7075
4066
3122
6850
1935
767
6183
3525
7337
3958
