8157
1172
11249
3302
7248
5720
9717
11215
2170
11449
8659
6867
10833
3828
3549
8569
9968
10167
5544
8011
9900
7752
10603
4053
2046
11624
5284
9889
6511
4290
9647
7357
2807
8971
11480
4561
9908
9461
1871
8505
5448
1800
4311
1272
11681
6274
10557
10678
12282
10600
8391
2189
6473
10907
11150
6736
11328
9269
8841
3528
4433
3458
1606
2611
958
6436
8467
6498
11298
6527
7096
9717
1675
2917
10133
5542
11098
1860
11577
5570
10824
1899
4196
811
4316
4038
10499
11028
4039
6958
1647
10941
7703
5030
6924
7003
280
11271
5276
7048
2701
9749
6752
5868
9193
8242
3380
3800
7781
3786
11953
3044
5016
10216
454
7583
11984
1713
2684
9996
5585
8468
11311
6405
3247
11199
8876
5861
11962
1463
9786
3902
10744
9455
4611
3996
9688
4670
2350
11951
7969
992
9192
2792
3985
3907
3941
4911
9013
6630
8752
3406
7821
11639
1883
6597
7713
1935
3030
9449
12159
9370
5111
10772
10066
8996
338
3817
2284
8158
1286
6961
11628
898
853
6809
4055
8094
6408
5148
3242
4965
6044
3724
3257
516
8963
1971
2927
5252
1984
9360
9702
3175
6346
3188
6521
7162
821
4154
622
7185
3457
1685
8760
7223
3729
6466
12128
1195
7846
6781
1682
7129
11789
1447
11052
10394
867
10331
9965
1344
10211
10945
596
8001
9278
1371
10986
1836
10694
11079
7182
1797
9289
5149
9145
7862
6722
11748
9361
7588
10213
313
244
11048
9615
4372
11487
7588
1178
4775
4745
1582
6515
3001
673
909
726
10989
4146
8738
1888
3959
2410
10031
2791
74
2567
8164
3495
4547
10634
11631
1697
2195
4360
7687
2838
3457
11346
7762
9192
3018
8069
8753
10915
11624
7281
10420
669
2404
5262
11247
10102
4445
11472
7962
2584
153
5844
1918
10467
9110
3079
11483
10897
7782
2993
6692
1439
6665
1456
11537
11489
1818
7919
8178
9208
10292
1848
8564
5543
4281
6265
7722
1190
5810
2863
11368
7571
838
6303
2536
6867
2924
9108
5412
8600
3647
9008
1588
8751
555
3830
2319
3440
12281
4229
3173
9600
9184
2548
11065
10861
7087
11887
2961
12267
11489
8304
2312
11925
12071
6366
2794
11220
3576
7984
11622
3691
7547
11967
10781
4740
5860
8713
8907
3728
1271
9268
11743
9613
8712
2190
8538
3827
1665
9957
5309
8062
11220
4662
7771
6456
7383
7866
8866
11414
5545
11099
5798
1764
4125
803
6625
11747
7354
8785
10860
1145
2850
8141
1746
9022
2876
4689
7553
4782
8165
102
226
827
6888
1077
11159
3110
4298
6106
11328
2259
989
160
10532
7235
325
4049
7267
6904
129
9143
10004
11316
9044
5050
4679
8705
10300
4794
6592
9569
9130
4546
322
1050
5845
862
11375
3691
232
6738
11146
3899
8681
8088
8825
10704
9101
10618
4709
382
5822
6761
8327
1554
7583
11462
214
2579
4954
6853
8010
9861
7753
7880
11760
7925
1236
3879
1752
6503
10923
2132
9214
11809
10815
7742
9989
9544
7435
6617
4315
6444
1169
10596
9327
4554
8273
7967
3986
4081
5059
2227
5860
2711
2818
629
1655
12277
10925
568
3537
4607
12244
9333
4864
136
9130
11015
4895
11313
7203
8361
7480
6898
11126
1574
11623
944
10962
12013
3496
11351
7297
4965
8120
670
1029
10133
10109
1172
10708
11436
2533
11376
10069
4073
3912
9818
9162
4078
7256
2013
8691
12157
6560
12152
10013
8558
6434
10570
12007
8151
10434
11403
11196
11059
9771
4012
3376
11215
9649
9182
9096
3058
1496
7971
9736
2830
10489
5776
12003
12206
2938
12216
8991
1476
2088
11242
11135
9642
4702
8602
11408
10400
6339
6687
7922
2969
7020
10120
5676
8517
4372
11375
467
11910
4234
3841
7695
11085
4507
10113
7816
8373
7192
9878
10807
1699
9960
10185
1295
2529
5858
7562
7743
11002
4454
9077
6427
7999
12269
12113
4461
5871
8123
11844
2277
6564
4227
6981
7986
7604
3393
5952
1010
6717
9425
5430
2523
1973
10953
2849
1885
8629
4800
10174
10097
6012
9786
9402
811
5358
2225
664
7509
8370
4368
9860
4237
5249
10600
2352
11480
4112
4787
8354
2150
4860
3035
2339
12243
9659
6560
6245
2845
5479
1269
9964
11964
1131
4271
6220
9888
4244
3791
6672
3402
11338
3497
12136
6459
317
10524
8813
3014
1237
2687
93
6589
3336
10061
5105
7345
4113
3385
6899
760
6808
1529
8633
3437
4359
1339
577
5640
10003
2818
2450
11066
6211
3460
11454
3507
9212
10777
7729
3103
7060
6046
1818
405
10415
3395
9664
2021
6923
12168
3617
8789
2797
592
6593
885
6558
1479
1595
7733
12104
8923
7736
11940
7101
8119
11786
1332
9814
12222
2681
1477
819
11661
4909
2471
11811
2497
10951
11197
9213
7347
6333
4508
11062
11270
9715
9974
1163
7804
9867
8553
10117
2680
11885
7739
3097
10605
7497
8940
1379
10230
6206
2256
11039
951
3823
4693
207
6441
11535
7482
4126
2890
1912
3969
8009
8456
12272
11117
4994
11720
11828
5482
6707
401
6716
6654
11011
3992
12210
8056
8047
8359
10612
358
11846
10986
1161
3003
9750
5208
7310
7561
64
8210
3880
3131
10425
2974
5486
65
2613
3686
3208
6518
6013
1467
10211
92
7164
4891
2303
9150
7637
838
3790
475
176
960
6435
2653
7488
7063
3364
6510
11313
1840
4751
4323
7249
1502
5307
562
8977
7498
10348
159
3811
4981
5734
6189
2996
4299
8114
8328
6993
12256
9344
9460
2770
9880
7109
6379
10615
9727
4622
7217
9169
2637
2575
11059
1713
7513
404
7193
11848
3783
1679
6148
7843
1310
9882
10783
7099
1190
9509
11459
10828
9538
4614
12095
3431
10201
5633
9951
6765
8407
8595
7113
2848
9865
12014
9525
2952
5337
7957
11679
1183
11760
6090
11049
10212
1192
7182
5041
7447
467
8147
5705
5551
7633
4303
6831
5548
5127
3364
9560
2575
8321
3215
3477
1031
8638
658
6993
10607
11301
9712
8012
5530
365
11565
3584
9971
10141
5659
2758
10543
9157
11293
9267
7012
3680
363
7068
3823
11254
3014
8577
3176
2983
4115
5444
10760
7962
7433
11516
7059
5402
9327
4160
10611
9401
2292
2828
5064
10278
2832
1029
6944
11660
6215
4925
1070
1152
5555
10266
6072
4828
4428
5534
4304
11211
8094
595
1747
8369
855
3385
10093
1662
1577
7160
4646
7717
11575
687
9637
8062
562
1021
1437
5472
4272
10094
12248
11663
7353
11055
3001
6788
3172
11537
8555
2856
11448
7047
4770
3772
11189
8956
11993
10005
7738
8909
9122
7011
10123
4170
1969
11201
6090
5583
11730
8093
1211
4994
4338
12121
361
6938
2871
748
1980
3261
7083
1257
5361
9837
4920
10872
611
5685
6590
3206
6418
1289
4494
9828
2739
2923
12251
3790
8820
5070
2650
12158
12202
8881
7969
3241
852
8938
8974
9671
9893
853
5644
471
4071
6449
10615
10385
4399
2560
4691
11561
1923
551
4612
2812
2023
4687
8009
7937
1969
8555
9432
6408
10315
1497
11864
786
10875
9011
9559
9514
1345
2225
1671
2499
3866
5004
10508
10347
10159
6439
2577
2667
9681
7599
11598
11807
10831
11191
11930
8152
1271
5780
9316
1435
4106
10601
1645
11995
8172
7113
11324
10320
573
11277
4042
6219
27
6047
1676
4005
10087
11106
6912
4029
10896
8923
2656
6460
168
7778
11015
1128
10925
6623
8828
12178
9245
2120
11348
6337
3962
5549
3588
4115
3352
9909
2783
5432
11683
7575
6404
492
8
615
11169
208
4591
2293
8126
2104
10629
10320
10916
1266
3164
8987
4016
11553
3631
11689
5462
8331
8831
7972
9189
4321
3592
9879
255
2248
632
3671
4472
4861
1024
2089
7749
6578
33
6114
8820
4721
4818
2870
4927
8886
9407
9416
11796
1675
11854
898
12081
10285
2626
9874
205
7992
11106
10968
6872
10112
1855
9427
11026
9452
5413
4002
4245
6680
3117
7773
10632
11726
1036
4220
7049
1183
2723
9317
8216
1675
591
3923
8343
1254
4891
2338
1804
8867
1642
12052
7824
287
7009
3567
159
11371
6469
4623
10140
10642
11309
9441
2518
10917
5445
2122
3491
2454
6188
120
9667
11582
5986
5761
2362
7760
11755
10889
9148
3727
9340
1141
3942
1905
5031
1595
633
3134
4259
9326
7107
10254
1202
1594
11233
9105
8076
11124
2579
773
6503
3057
2371
9021
2175
711
11543
6577
5722
8913
11387
4786
10527
1255
10837
11040
1098
11356
11533
11590
9368
3813
11963
4770
697
7796
6192
12105
3830
12137
11144
1232
851
7307
979
4003
11983
12151
9887
6079
10983
6433
9136
10574
6659
8427
1436
8036
4787
10968
4373
5829
11999
2526
7527
1262
7342
11121
137
10453
6857
4357
11851
1288
2052
3161
11332
3389
3324
2520
4628
2681
8172
4811
9062
5932
1960
7617
11153
7705
8286
1390
2842
8328
3571
6935
2301
9208
12035
4883
9284
2819
7027
250
5574
11036
7395
2267
8626
9531
11524
2461
2139
7862
3596
1677
10800
5377
10887
316
7810
7578
3940
6762
10102
9617
8695
7222
1082
5920
2240
6424
2288
6243
3544
8202
8746
11288
3114
1315
9704
9553
3004
6769
6885
12030
3899
540
3662
7886
965
6248
1143
9580
8204
294
3207
5307
9225
4651
2150
5222
8755
7823
5143
4835
2413
10037
4792
3118
6760
7281
4319
8261
611
4465
1245
9080
11042
9221
3385
6575
6457
7356
9540
9370
8514
8259
5615
2104
10842
4418
3006
943
2024
7752
10192
6917
1385
1369
9888
5321
11661
5488
1511
9439
1739
11215
3067
6502
9300
10380
1736
1860
9366
12110
8340
313
6497
10859
9606
4229
9581
1182
12213
4626
10707
11719
5875
10397
5581
6143
2182
3759
2592
1666
10721
4470
8659
5050
9858
539
2925
8675
500
6951
5579
6872
10123
10790
155
3551
9161
720
2407
1527
1544
8063
8639
6685
4449
1332
5217
1537
11758
5658
727
2242
10054
6666
5837
1381
3870
3168
7173
5408
11658
9449
1600
3144
8466
11593
8126
8754
7091
2240
9797
10121
6866
12099
8758
12066
6835
10692
4532
690
9209
8957
4222
7333
6095
7378
9813
10532
3769
11969
4006
1690
5343
9667
6127
7541
11440
7007
1564
6607
8372
3709
5717
853
1512
1501
5711
5175
9051
12202
25
9170
8300
6426
2193
5617
11381
4826
6434
350
2782
2829
9840
7381
2005
2633
10246
11629
9401
3374
3915
74
1438
3393
8184
4062
4173
5593
10372
2558
8061
1469
6478
955
1870
3535
9595
11974
10960
5727
2086
5098
5100
11227
7111
6860
3992
2367
12220
181
2114
1355
2328
11063
4126
10776
7691
7402
1457
576
6980
5003
11574
7580
5579
2212
12137
7606
9583
11990
11096
6983
7370
107
5099
4590
10342
5382
2201
10323
9726
8939
10441
9395
6706
4934
3881
9715
4060
4356
10595
10563
9315
8559
2005
1353
863
1725
4656
6790
10001
7713
1305
1135
9250
2673
7750
6498
10932
890
2412
258
3036
1670
6019
979
5162
8906
3474
10064
3661
10167
12062
9560
1290
5648
7053
5263
561
287
10932
9073
8272
5416
5289
8697
2592
11614
11273
2710
1298
3050
3315
921
5974
1227
4867
7910
10968
6517
5569
7201
10112
8081
6995
5895
2139
2845
9936
220
6965
2776
3776
10859
6109
6305
4861
1443
1367
825
11645
2754
1963
11434
1932
6483
1219
3407
4252
2154
8032
5371
8932
6475
9832
9018
11760
9816
2327
6647
7614
9143
4938
1752
5747
10715
4527
822
510
7748
6532
3750
10646
10554
1398
4507
12081
11976
1831
3364
4598
6986
7074
1581
11658
7160
8627
11813
7917
4509
2113
6279
4703
11568
6886
2566
11768
5628
4716
424
6332
4877
6431
2111
10695
4346
4211
8286
455
2560
6999
3419
8000
6423
12284
11528
4517
9960
8291
8634
9317
12008
6971
2450
6506
857
5837
9320
9843
2749
8279
11693
11747
3895
6394
3720
2077
11969
2010
8454
9102
1917
5415
3078
2122
4458
5499
8262
838
158
7955
9645
7254
8767
2562
714
2807
7315
1185
11298
11400
7582
6684
7405
11831
1314
2342
10159
4721
6041
11719
7623
11862
11668
1633
1986
603
10414
8213
6690
2031
7163
7753
3904
3267
10209
5360
11171
2829
1551
8979
11884
10789
9264
7217
5002
750
1380
9197
9859
5453
9086
900
4179
502
9499
2248
6106
8885
6438
7369
150
487
11151
9101
3855
8228
6002
11658
8655
6116
1318
4345
11800
1215
4476
4065
533
9828
7615
2334
4928
5442
9755
11556
4042
11152
8241
74
10425
2830
7508
201
9358
9731
7853
4944
7908
7463
4041
1031
8982
8039
5470
6162
1454
3468
11924
8669
11776
6603
10949
10733
7375
9768
3011
8129
4598
5755
7384
2902
6231
10029
6360
10798
8047
903
5824
1649
10638
7367
12033
8304
10884
1276
2023
765
1398
7215
3748
3335
2609
700
10977
1063
924
9735
9521
10272
2055
2685
6009
452
11934
5018
8845
5053
2359
12101
6675
1301
9615
1343
11621
11893
8788
9365
8249
1143
11739
6219
2305
3241
6066
11123
8035
2726
4537
10014
6362
2959
11952
10386
11466
9034
2461
3560
6528
5075
2763
2377
7410
6986
4258
11241
265
11379
3308
1349
1262
3836
9060
11624
8460
7003
8037
5710
6038
2636
2791
5729
10429
5977
9426
5292
138
6479
4398
9603
7108
5102
11399
6139
8440
12030
1370
5317
4383
6601
2562
1407
5275
7444
10368
514
1887
3404
9430
5284
1713
10629
8641
2671
6751
5839
7227
6787
3830
1321
3191
4381
11191
5915
6596
10862
11170
11682
306
11922
5312
11255
4139
7227
1167
5980
3160
8414
7749
1196
5983
6911
7942
1361
4740
5245
6827
10256
5918
9743
7213
10757
3042
2965
10377
12158
8275
2369
4666
613
39
5179
644
7038
3350
12264
5256
12190
7104
8799
4046
10776
7718
3842
3665
10585
6232
11105
2186
4347
7169
1814
4505
6101
2035
1813
11664
4880
4652
7844
1003
1020
3800
3976
7916
8597
2233
3126
2377
703
11053
8745
7376
4861
8528
11001
4600
1074
3901
10955
6511
5949
8557
11248
7077
9756
1561
11593
2813
4130
5219
5304
7705
11924
3559
4505
9892
2821
3144
2716
3941
7342
1459
5069
12272
9252
9413
9751
8875
6329
10611
9573
7074
5224
7963
7137
8828
10032
5744
3203
11842
503
11504
5419
5945
6210
10291
1095
1665
11205
8298
1874
8243
9570
8938
3036
7405
9832
12168
8083
925
744
4370
5440
250
10484
4853
11776
9762
7237
6698
1678
10669
10558
7985
1090
4047
5781
5615
1971
6973
7162
2405
2100
3532
5160
6956
10801
8348
5046
11855
11332
10952
4446
11475
9588
7080
4179
9804
2005
4020
4671
2364
10467
2359
6986
5030
7787
840
6441
7570
3405
7564
11091
4217
116
6021
3141
8644
0
1749
12288
10425
9181
10185
6587
5180
4898
1362
7511
8335
1713
2023
316
3438
4058
544
7372
8264
6973
5188
1081
11659
9073
10825
4109
8918
9363
2764
9549
3564
2388
11600
8644
6915
3950
3091
11603
6794
10908
6173
8989
6103
1433
8280
9367
2861
124
10168
6938
11302
1955
1856
5047
8076
8675
4973
3895
782
3103
9685
4228
5482
3764
1610
4174
1084
5022
4194
4280
7743
11024
6257
9901
630
10595
10584
455
2827
7204
5562
3621
9018
3943
5263
9792
1274
10966
4318
7740
10470
4582
6689
3125
3496
612
10716
7891
978
6995
4079
6181
2268
11043
5161
1184
2265
1920
7397
3376
5593
1957
6976
3976
5732
10290
10714
1674
10631
10906
3886
722
2250
6933
10818
2473
6805
7032
5094
1939
3838
2104
5131
4129
2837
9004
6107
2018
3892
5471
10025
11600
3100
10058
10766
6714
1320
7984
2258
1623
9729
1872
9724
11904
8717
6226
7462
8944
5581
8298
12111
2478
7566
11921
1928
11879
9420
6906
5065
5164
1294
2457
11872
1417
3934
8630
3411
6766
5975
12198
9297
10282
668
12184
11432
632
11338
6172
5544
10452
4028
10521
9980
4422
6778
12047
9017
3607
11953
2435
7755
2670
1567
9858
2838
4355
5181
4459
11677
10322
6971
8929
730
11864
5248
660
10375
3388
1600
56
10523
318
1947
1019
1112
7462
8437
3613
8250
2395
4479
4507
3401
916
9492
5538
1171
6130
1439
8462
9280
8834
176
3241
2665
1512
10742
7553
4965
4229
7071
6134
1849
5440
9371
8770
9787
11550
3438
11132
11690
3230
10216
5955
9791
8705
5938
8531
9309
2672
1900
10966
2936
11897
3435
7518
8348
11423
10141
1850
9318
11832
9470
7014
5411
8253
4485
7278
10967
480
6246
8215
2730
10394
11698
397
7073
11004
11656
1198
7369
5159
6615
1862
11093
11731
5286
3315
686
1022
7808
10108
11249
5722
4016
6663
2817
3981
10375
6234
8245
5704
6773
3015
10124
5255
3954
10015
8968
5151
10375
2623
7076
5559
8649
6259
11483
3342
2101
5254
2307
7264
481
3
9990
11215
3774
5493
3335
7381
2540
8603
2684
7547
12113
1693
1158
10196
5552
3149
8704
7806
11032
10550
3411
4885
9868
4428
4926
8665
8324
11827
9034
5296
5995
2724
6801
4178
787
6525
2271
8394
11140
6660
11637
562
694
10045
5769
8602
11991
9952
7886
10795
10610
1232
10457
5848
6020
4011
11520
6461
3391
787
11681
5927
4385
3396
8068
6593
5081
4831
6452
4543
2515
11916
3998
612
6779
10294
5143
9180
11121
4218
6210
9874
11507
1381
1715
5244
10955
11686
4337
103
1198
3960
4115
5178
2466
4232
4834
7478
2672
7902
4822
4403
6285
3064
4605
6342
9653
5231
3160
1596
2284
4172
4929
4705
4868
12152
1248
189
7529
8295
4915
10692
5224
3050
2057
2237
12001
1958
4480
3588
10232
10953
10201
2515
1636
8478
9268
1617
3539
1639
12028
3355
2681
8693
5396
10599
10131
871
674
3355
12218
4755
11234
3383
8573
3309
8798
10127
4000
2228
8108
10579
2179
5120
8528
9953
4262
6983
5815
1149
6737
3078
3062
146
5416
7787
4896
318
6417
5023
9495
8769
6358
10079
3381
1111
4014
11269
3394
5792
3872
6339
4320
3844
559
11966
1422
10661
1229
11597
7181
3364
7266
5436
3911
10869
11257
3354
7356
6244
4896
2673
4966
4567
10762
10191
3976
3824
8325
9633
6374
4810
11772
9789
1833
11595
932
5305
3692
5587
2262
2651
509
9024
10024
10255
12092
5230
1356
7012
7369
9932
2537
2285
7579
5514
2449
2597
8701
7030
11481
9869
5066
11213
4795
11503
6724
6795
4895
5793
8750
6276
5378
4356
1287
8698
3641
8274
420
4817
5447
7029
10551
1460
2916
3152
1904
3652
2967
8489
7652
11808
7986
11253
6548
7834
6097
8539
2846
699
7422
219
7228
7340
3070
3605
10044
8992
3213
8102
10907
8636
5376
10187
1631
9518
9391
9476
4227
10311
11005
334
5539
1642
9207
11345
8125
11680
5324
4157
2313
10270
7749
4141
6840
3413
3853
9391
1382
3026
10434
8098
5040
2903
4871
1091
11310
3743
11090
11952
7808
10448
7511
7842
325
3819
728
7759
5982
11609
6061
12281
6888
9618
6632
8195
1169
5864
10334
9832
8886
5773
9994
6068
4828
619
1601
5650
4575
2257
10356
7633
5385
6362
10428
2626
2669
10123
931
8858
3489
4904
7841
3479
8028
11184
10553
4523
11050
398
3286
2903
3403
3226
54
9579
160
1843
5746
6472
5364
1261
10304
3494
3020
11079
3834
9171
9362
653
2493
9168
7325
6052
5981
7674
4459
5156
9466
3619
3609
3257
750
1664
5121
351
4178
5919
4955
2593
3635
4046
922
1048
3465
11584
7378
9613
5290
9202
120
11709
7433
3105
6731
246
7466
6050
9062
1683
12231
2239
8406
11048
6637
10229
5173
9575
1143
9952
6810
10034
10858
8245
5576
10812
8773
408
11626
5989
10084
11417
11185
8975
6250
4333
4872
3232
6684
1526
9093
11826
1982
10001
860
2112
2372
670
7551
8801
3605
10104
5338
11116
5368
4123
6741
6378
10061
10457
2225
1685
9261
4172
11728
5246
3055
734
3001
8791
7635
5033
4405
2550
1000
743
8741
1517
7089
3920
543
1820
8896
1825
10387
8211
4776
9162
925
8325
3086
1051
135
5770
5231
761
2283
6366
6748
6609
4016
10972
6435
7469
638
3986
8451
10938
7264
1394
1258
2843
3012
7093
11707
906
5888
5303
6275
6203
2564
8710
2097
5476
8570
8666
1275
11191
3043
6768
5467
419
1421
11931
4333
1959
6117
428
5804
5837
7955
1380
8640
8159
3305
9042
9116
11523
4490
12140
5216
3900
8270
6231
9346
9560
3176
9011
11867
91
10633
6909
5626
10916
9164
8774
10935
7292
8655
10098
12001
3806
1009
1761
5689
213
11757
10172
10549
3019
9486
6625
10658
7868
772
9108
8212
4417
9172
6221
2143
1160
3612
10921
5668
1342
9025
7952
4305
2494
2854
1114
3781
3420
5517
11028
2551
11241
11120
302
5278
4931
8415
3176
7616
6606
6667
6879
4232
1984
12200
2757
3398
8225
7984
8053
3896
11266
7870
8276
3135
11104
10868
10143
11967
11051
779
8907
174
2728
7642
7903
6445
5255
2043
9248
2122
1338
4923
768
8488
1644
1292
7218
8207
8369
94
11526
3985
8483
7910
2152
7785
9315
9061
6886
11782
9372
7463
11540
7651
11304
7551
5372
2162
2577
6485
8667
4713
10919
5453
11827
12159
4957
92
632
2935
4929
5556
2018
10581
3693
2163
11512
6269
11050
8658
10971
7226
2025
1768
2656
6776
6976
9231
4072
8264
11111
8236
5228
664
12035
4009
6369
6317
7477
6364
10321
2823
9282
2916
7955
505
8302
25
1519
8045
3803
296
9312
9384
4090
490
6838
4288
10915
7001
10055
1755
41
11196
184
4162
2812
583
6650
10171
7280
12148
2497
6287
8007
1630
1333
107
6465
2224
973
430
11966
1386
2942
11682
297
1400
4642
3019
5612
935
437
12079
3825
10128
3984
12161
11423
5557
3309
10130
1792
2945
5371
5457
5259
212
3428
8391
10323
5690
1043
11933
802
5030
4920
11353
235
8540
11485
4596
5218
2487
1154
2977
9580
10066
7979
6517
6849
149
11891
6752
11773
10229
2207
5900
4603
4954
9931
3076
1255
7601
5613
7349
3785
6327
8147
6844
8852
5202
7798
7160
11483
4527
6332
11015
1546
7113
8683
1001
12045
8850
9914
9068
1096
8089
3985
9664
10840
6421
1937
11551
11015
6398
2635
2295
6673
3420
7541
464
9094
3356
9550
2284
10760
8270
960
1135
1330
11189
7500
578
4139
10796
10393
8995
5426
6073
9801
729
1138
9825
8917
11284
1737
8350
7417
6702
5956
3199
4591
1025
8607
2856
12166
9085
7588
11186
10603
11737
9975
12047
3529
10776
7178
8258
8471
3031
11890
10764
2255
9696
2176
3842
12087
1607
2158
2185
10300
5254
3500
1005
6276
3002
1973
3842
3909
7614
7120
4346
11377
11473
1813
4333
7289
6486
7807
5684
11496
2762
7029
4048
10125
5543
10262
7991
10752
6136
3496
3212
8620
8798
3754
1258
2848
5200
5263
7570
6543
3442
5434
2347
6512
2656
6231
8090
757
1842
10721
9626
10455
3161
10969
8129
11968
4921
8852
8619
10447
7250
8419
9719
7348
6770
10314
1944
2462
11401
7269
867
11263
6011
5436
7520
7371
10845
8292
9607
3589
700
12277
2345
12169
9074
2285
8966
10786
3398
6583
10348
256
6179
2726
7175
546
2257
5685
8060
7318
10109
6762
10206
11252
7496
3510
9601
2588
10283
5738
11895
11692
6060
7685
6515
5660
889
1774
9913
9280
4882
10021
9937
6949
3779
6442
6995
6283
7757
663
11521
5121
3121
1615
3523
3989
3955
8840
9213
5719
4583
10591
1398
2949
10393
3857
3197
8925
1300
1536
4130
6915
2849
4192
11306
667
5858
8341
8264
2927
9492
11268
8471
5378
10841
7977
7051
10851
3604
6556
4995
11906
2230
10415
3296
6106
12095
4386
10880
9121
11975
2453
2432
11500
2264
751
10164
955
8907
10
4046
990
11732
6478
3827
5357
2555
7727
4001
10067
7728
9305
10718
3219
849
3402
5959
11180
11418
9886
8041
10141
6866
9251
8120
6998
10898
2731
7479
4500
10780
4713
10949
608
8357
5757
9187
1795
4449
10477
11849
1351
539
3460
4639
10103
3533
5625
5237
1224
10362
4046
12126
851
11756
2693
6465
9735
5637
6161
10195
5871
11335
9690
5239
7811
5034
8755
10194
5187
4900
1424
3008
9264
5567
7851
5836
5367
7165
9245
2199
900
3380
43
9853
1849
8587
8836
5094
12076
11636
2251
5360
111
6043
7100
12193
4009
4491
8207
7502
6771
282
11409
3869
10637
4615
3639
10927
8116
5899
10157
9291
3564
5026
11692
9248
12249
4074
1660
1650
1389
10007
9803
11445
2075
9847
5344
4313
10023
3471
10347
7699
11089
4203
2211
7364
1649
11238
985
8806
10620
9735
4692
3186
11152
5564
593
6430
353
4643
5025
6067
9389
1498
5325
11098
992
5261
12223
251
2663
906
9437
1567
10285
5951
3136
2900
6570
3754
6654
10636
7797
4037
8352
7085
9309
6605
3378
6979
8875
8573
5246
3029
2297
2461
7180
7168
11335
11967
1576
4864
2880
7276
11392
8125
5157
3978
513
4669
8243
8070
6701
5716
4232
690
11183
8716
2545
9248
3631
3994
1791
8449
4176
11990
11611
4971
10719
10680
5548
259
1658
1309
4106
238
4836
406
7076
11159
2419
12158
1545
6756
7528
10763
12120
10890
6886
5158
1089
5643
463
2311
11324
800
9498
3519
10049
8480
4642
6707
334
9653
6798
10558
9436
1921
470
11518
9902
1658
4470
10831
3293
2763
8952
12171
2304
12079
4879
1334
5039
1200
649
10609
11105
2625
3252
360
8855
7136
2716
2808
1662
7264
11074
2041
3010
3542
8926
5098
3077
7325
9450
11786
6853
5079
126
10941
3882
10510
3482
12221
2345
418
10975
3609
11587
9683
10586
9187
8611
8900
5530
11055
5726
8762
8905
6703
4774
4043
2230
8678
706
11713
1418
7667
6905
88
3915
5964
9894
8703
3827
144
10548
7646
6315
11948
6975
11136
8745
268
7601
10225
6267
10684
7
10856
10303
11917
32
422
9412
3153
10118
11041
8506
12046
5407
7302
1553
5439
2751
5602
11726
6301
8539
7377
246
4504
3521
7698
172
3889
9773
8353
2928
5922
10141
11772
2879
9154
2668
9136
10528
10106
5495
1968
12136
1572
3579
11678
11269
9635
5965
7464
8804
7980
5204
3914
1573
5987
12248
10639
8134
2437
4084
7760
10462
6620
12206
10266
10393
6316
7150
5988
9932
11865
11335
5762
4504
9171
5171
9716
6096
9158
4860
8676
2775
2808
10843
10206
5359
8463
7303
3627
10372
2943
5681
3558
8621
2837
7372
5548
6002
7390
11858
7623
12227
9898
6957
10959
8789
1791
1102
3425
791
5990
1476
4481
11451
4082
1307
528
2990
11639
4511
9815
7721
720
3402
8246
3373
1625
8671
9752
8198
4107
10792
5694
5874
1524
5611
6648
3131
3408
1733
3995
10027
6550
1429
3323
4581
7744
5395
11251
3735
527
3317
8072
2301
10287
2919
3342
3977
963
3161
8116
2348
11434
9921
549
10891
3893
7299
887
1298
10227
4642
6438
8969
5095
3966
1597
11421
1618
4882
10352
12088
5725
6785
424
1427
8298
9269
1993
9176
20
9429
12004
55
3367
6504
6831
3199
3484
8834
10677
2148
3720
395
11243
11985
10547
835
9770
7488
9812
627
4703
11209
9683
827
9414
3732
9398
6911
12157
5883
10310
6276
5973
395
5496
2795
3063
3828
4378
387
2623
4525
6447
8017
5292
3939
9963
5344
9700
366
1417
9880
11009
199
11116
804
410
10133
9378
699
2099
11678
9217
43
4215
7837
860
10059
2756
10907
8379
8186
10613
8960
3212
1412
4306
334
5452
2740
11112
6205
5
4344
11654
11654
5470
7392
552
7162
7340
652
7698
4459
10411
10800
9290
8221
788
4269
10653
225
3434
4957
5088
10635
8579
10749
1059
11416
10482
4777
9222
5535
3110
6695
1977
6973
648
3762
10445
10024
10011
7071
6707
2294
9788
10916
4251
2882
3226
753
3583
11954
7746
10497
11921
4765
134
8694
7922
3989
1133
4169
552
7190
6133
8436
115
2891
1463
11005
7213
6041
5041
7549
12076
9246
11930
11000
10270
1009
6467
5799
262
10609
1738
6422
8106
11285
7711
7137
9508
2440
67
4976
150
2976
3846
7802
7670
570
3103
11701
2837
4504
10758
9056
7266
4934
6772
9560
11288
5651
8979
5727
2527
2540
8929
3281
8369
9062
2414
5064
6168
267
6781
2195
12217
8577
12173
5685
6249
8446
10944
3392
8001
6331
4176
1593
9921
650
5497
8547
4680
9055
9030
133
3523
11194
3787
9156
11373
9321
11287
9759
9821
10593
5661
7410
10806
11416
11077
7961
4981
8683
1798
763
7123
11533
11328
5490
2584
6060
10737
2732
8274
2215
3571
7248
9787
5468
12001
6634
3606
8941
9709
3450
4800
6788
885
5377
4670
813
2994
8606
5897
9789
9209
11730
11374
6754
7267
5983
9509
6576
3056
2798
3311
1871
12177
9235
9464
10884
2774
11192
1007
7630
3356
852
6247
2409
2412
4680
4913
8597
10750
11587
9864
10018
8036
7022
8460
1672
8752
7232
11504
10286
11729
5324
3604
3893
6138
3677
12003
6849
10650
2988
10176
2006
5885
11225
2684
4120
7588
8164
7711
4087
12260
1433
1208
10004
7544
4111
8327
7811
10182
759
1536
6353
9365
3138
9920
3184
3960
2740
11877
9087
4220
1049
180
2614
9210
11366
2008
1100
11532
11
4093
3382
8731
9724
6159
3361
11071
6004
2108
10799
2837
10608
6788
1181
8039
9425
8259
9027
507
338
3713
9562
10208
8688
11635
307
7184
11968
4172
5128
4030
3645
5049
3755
7561
2480
2057
2254
2662
4085
4292
10152
1020
4937
12163
1291
11144
6767
6082
2527
8479
3643
734
7215
4705
5637
8692
6543
9807
2754
9228
10268
8153
12174
11489
10213
1995
6738
4928
11254
6716
3117
3545
9848
4140
231
1985
9877
273
791
4786
2647
9295
2798
3134
8111
3521
233
6205
8672
5512
6257
3166
7918
6563
3000
2247
2243
3440
1280
1172
5455
12288
9080
2432
3070
1641
4775
10612
3888
5528
10488
262
9797
971
11098
2684
10870
11373
9466
1790
8014
1224
11794
9526
3628
8282
6823
11370
6945
8548
7599
265
1571
11509
7222
4546
5859
1404
2797
6111
7471
3021
4076
10834
9278
4924
8588
10783
8375
6521
7406
10977
2037
40
11228
12282
3570
1799
10298
10028
11609
9972
706
5111
11668
8860
1403
7561
5270
6763
11160
8146
6875
3653
987
1805
375
1282
2687
8145
7452
10949
1282
10673
2619
4344
503
10371
6714
8279
8994
824
262
2590
3949
6132
2002
3257
11493
10900
1364
11424
10157
6177
9819
8636
10083
2081
6249
7291
4556
6713
9079
2177
231
3431
3354
9088
5725
4193
3197
9662
8781
6858
1449
11727
9202
1403
4850
11804
5365
3005
3987
3086
1439
5049
8950
11876
8419
3792
7919
7284
3939
7916
4023
6197
4438
6989
11140
4350
8471
9466
8610
2485
10598
8185
1301
9392
5577
5326
11275
7712
1450
4022
8441
8755
9522
978
12232
7487
2425
2882
9979
8791
8242
1328
10343
7247
11601
10893
3828
1462
7899
240
7433
3636
11640
1837
3066
6871
2257
10743
7068
4279
663
2740
3795
11943
5766
3548
3839
1783
8674
2756
6944
10597
4693
2607
8705
3487
8190
813
10762
11463
7880
296
11983
5297
10404
6752
5776
4751
8359
4668
2845
4415
6246
6620
4468
3994
3785
5005
1428
8979
7098
3562
4735
3109
5149
5502
210
7780
6900
8972
12134
3460
10207
5589
11321
3480
1410
4700
11675
6764
10086
3294
3174
2545
4244
3901
3617
814
7177
1536
8253
4436
1773
1154
8532
2200
10153
992
9726
7030
1786
6986
7970
8577
7417
2939
5119
5360
6067
7634
7790
11017
2554
433
5311
9991
7803
10497
11036
8045
11058
10365
3505
5725
8145
8085
6601
1403
1594
1956
11846
6449
8477
6059
2050
7843
7330
11889
11059
8407
3405
3166
2618
10069
7164
7988
8603
1053
7323
3066
1865
388
9412
2460
11732
6757
5538
3368
4600
9131
11393
6486
2829
3747
1038
1620
5582
10271
6036
1775
9308
9883
2012
12004
9127
5763
6166
383
11350
5497
10606
7823
8677
3330
4904
6714
7847
4794
5028
11565
5357
11408
5116
12089
7212
7309
5250
2527
9836
7950
3334
4905
9233
10237
5441
4623
2905
3928
2546
1030
3698
7276
2820
10970
6617
2455
11181
2866
9588
435
11553
9772
1620
8026
10501
1843
11654
7769
9180
6883
7311
10169
4922
266
1832
5386
3148
748
10973
1816
188
1747
10938
728
5197
8082
11630
4466
10891
6114
10203
9890
6962
3965
4135
9754
1329
8803
2396
9086
2873
5979
11643
113
11851
11057
2067
7184
2221
8926
11803
8239
439
10327
3665
1514
9918
7996
2061
9276
11822
6944
306
3276
5196
1589
7991
5617
2084
11442
3423
6163
12259
7723
3906
8005
12033
724
7577
10669
8912
9076
5658
12018
5291
11489
5254
4521
6416
4888
8609
2649
8715
3238
11855
3568
293
7079
4763
2111
3721
5388
2837
56
1579
3840
6718
10966
404
10750
3796
10203
10657
7870
12168
2699
9605
12279
12117
3703
3524
12041
6716
6285
2770
7182
4900
8506
10304
2691
540
217
1119
8002
11777
11421
10864
1405
2802
9149
1020
4092
8304
2430
10610
8345
7815
8064
10006
7348
2377
5158
3090
11048
4833
8598
6800
12143
757
6575
9935
4454
7879
10165
9289
5717
12258
11848
2848
3349
4269
7409
10907
5536
6365
9834
9366
3409
4820
5416
6631
5326
5120
5500
10068
11743
973
11618
1736
4801
11162
4684
10747
6339
7680
3241
7998
4587
262
1433
2557
11102
4937
10148
8100
9676
1243
7231
2010
2739
4607
12032
5615
4425
4173
6810
11103
9577
6949
6178
3837
11487
10159
2202
8238
3716
9612
6673
5427
1389
9323
4336
5043
5428
8700
6563
2865
10730
2120
3616
10063
10900
11847
8148
3763
10872
5962
3972
8425
5468
3161
7347
9377
10146
1012
8219
2206
11407
2847
7016
11547
7781
3825
12209
11182
2950
9430
4561
8274
896
6554
8981
3772
1627
4243
8630
9493
10350
5409
10272
3688
4384
5806
2924
8517
9376
6179
11839
4696
5513
6238
2525
4969
9473
4051
1539
7947
5758
3868
8397
7268
5737
9972
10509
5344
9191
6078
8716
1424
1117
10545
9021
7368
588
6745
5941
9081
5064
7337
8927
11081
8626
1980
8465
10353
2381
3446
10193
9102
11655
3081
7074
1561
10127
375
5570
10970
10162
449
2343
5422
4685
1053
2402
7168
11691
1384
3155
6855
1408
7976
9175
9031
6018
3088
3005
8631
4801
10223
2684
6323
5403
8915
381
6239
8976
1224
6055
2203
8415
10180
5326
309
337
10072
2620
2975
6048
4618
3905
1227
3782
7369
10389
5386
10224
9335
4190
8751
9243
10052
11744
8234
4705
11398
6549
11830
5277
8321
11869
12120
6618
3469
7771
1424
11996
7758
1610
8488
11343
9649
1966
11478
1347
5903
4166
4884
1417
154
7982
3000
3257
3320
6468
5388
511
7133
12135
6573
8317
4017
11720
119
3602
4573
9832
3456
11257
7323
7361
10084
347
3343
6511
9065
10854
10031
5509
10848
8708
3195
10282
11141
10851
1981
8435
11021
2929
10858
7104
1884
7093
11983
5660
5447
4
11153
3345
11270
4469
3804
6604
8318
4144
7902
3494
82
2375
7505
5265
81
9931
2304
3450
907
6309
863
1706
7064
10270
9753
4009
5017
4555
5042
9220
11746
693
12192
3919
3578
3766
6294
4098
169
2130
3030
2605
618
8215
5922
7668
11293
2793
8134
4849
5942
5440
3309
3993
2163
10503
1562
8120
11448
1646
11940
4528
4699
6008
6313
840
8634
12055
2980
3152
11344
2470
996
6267
747
8020
2838
2573
1864
4211
2265
7640
8156
8812
2452
9934
4826
3739
10810
4562
8064
8979
3480
4307
3824
4187
8885
8885
259
3607
11851
12238
4640
6215
11598
1177
11607
8427
8899
9516
230
1364
7389
5443
11188
11286
5987
1144
11320
4085
5379
11228
8760
11676
8480
5449
11834
4191
9299
11417
3918
6281
4871
6734
5590
4638
646
1270
6144
9158
187
4072
4606
4704
11420
4765
7748
10760
4055
5706
1535
3823
3385
2154
11172
6790
2009
9981
1032
6098
3991
5223
8160
6501
9981
6247
11953
3906
3021
4858
6459
2695
5649
4907
6474
5678
7039
901
9705
10886
4677
989
6185
2986
3926
10436
12103
4182
2343
10054
10836
7984
2981
8420
4350
2035
9754
4416
471
9147
5151
9518
4020
10736
469
817
632
11508
8358
11904
4799
1863
8259
7818
11058
5508
4518
748
2692
4380
439
5921
12175
950
10770
732
12169
10343
6726
5432
4530
7193
1569
2425
10667
3107
8394
882
5972
3548
6486
8165
189
3521
3436
6340
5077
6019
4416
4182
8860
1271
9990
4188
7473
9289
7517
9844
10513
5544
9856
2912
8702
68
5420
3520
7874
7943
8422
5673
9178
2567
2417
2968
4789
8439
7884
10140
11775
906
11747
6057
4469
12023
3178
316
3921
8799
2866
4329
4467
7881
7095
12212
10531
6053
2275
4099
9213
9734
6938
348
1222
5448
5696
6042
8613
5212
37
11072
2979
2650
6209
8271
2656
10455
8531
3341
8318
3791
9205
2992
1463
4263
2121
9526
3259
2065
5690
1421
8759
1195
4923
6873
213
5010
220
10213
11581
12120
4099
1952
3558
10838
6759
5871
11549
6286
7618
6024
2801
4506
987
7550
3362
2363
9975
1412
11301
1931
10218
166
8806
721
11019
6834
4141
5277
9656
5685
8533
10109
2331
8182
5514
3844
9612
11469
11509
7839
10672
482
5172
11096
9274
8317
11979
504
4551
2103
8093
10134
2848
2089
752
10794
4392
10324
12194
2122
3181
4007
4543
2251
7558
11184
4064
4241
9131
9062
2939
6605
9947
7255
5416
12029
3156
3523
5703
4636
5223
4232
4288
4235
12048
3785
11681
255
7866
8636
7647
8574
522
454
7125
2874
2519
903
4824
3667
11628
447
10185
4304
4073
11056
5370
9837
3115
6085
3378
5487
10342
6067
2543
335
3397
1975
6560
6985
5906
6582
2819
2071
10691
4202
1069
10733
5747
11977
8095
7056
4111
6889
1763
5172
238
2613
10857
4549
10186
4420
417
9581
11101
10814
11102
3159
2138
8328
1440
993
1941
7644
6806
11142
1689
10401
623
466
3728
944
9196
722
10165
3388
783
6421
6407
9881
4819
818
10593
9209
11828
8619
2658
4675
4332
3604
2349
3168
12153
7967
4626
12199
9715
12217
9887
11822
6548
2814
321
578
2335
11294
4347
6324
8117
6626
3979
7360
9008
5125
7480
638
5862
7757
7383
6153
10417
8089
8461
8234
5833
5358
6792
9948
5585
6164
10932
8312
7913
7144
2680
6195
4321
4349
3112
3593
6762
4496
751
5742
10748
9013
8895
6966
1342
3659
4839
641
9746
9078
6985
1576
2270
6610
4951
724
9450
7268
6561
5092
9799
8083
203
2237
5607
5759
4596
5915
9290
2064
6005
1393
12019
9947
5161
3101
6359
9346
10196
7085
3699
9624
6677
42
11806
6697
1065
3157
5686
12117
8003
8034
6379
1604
9450
963
4388
8357
9924
3195
7336
6245
10375
11415
9746
8852
469
7854
11758
12124
7246
1945
7207
2822
5602
7968
6805
3907
2911
5669
5919
10049
2833
5786
7296
7517
10957
5116
5440
9555
11223
6020
11687
10660
7407
7125
6678
6595
4162
10508
6137
1645
507
9875
312
8411
4975
8256
168
3740
4167
5682
1482
1100
10394
11811
10430
5539
10596
3778
1705
12014
11760
5699
8951
10154
1224
2238
8920
8756
5749
1298
11781
3977
474
9049
11574
6440
5798
7828
5023
2742
10609
6355
3074
3482
11365
2977
1532
1063
2199
8178
1467
8964
53
7467
2995
1920
5203
5365
4825
9164
7819
1902
3759
4311
9322
10074
5317
3053
8227
8940
10845
9742
4063
10170
2265
7878
9107
4028
6118
26
6304
11290
2127
8075
920
553
2271
9155
6579
4229
11707
5459
1245
8465
4083
5674
4251
1471
3535
6244
1698
3755
11865
11122
11409
9165
5840
12086
11584
295
4945
7681
8292
7686
6376
9337
5579
5163
1642
5104
8747
4053
11091
3148
9526
10231
11892
9556
522
2440
8260
7067
11615
11853
9087
4197
1029
3683
3715
7726
1968
8061
662
1327
1776
7005
7053
2751
10671
7379
6057
3229
12261
10726
3644
7607
3042
8637
3903
10872
4254
5768
11968
2199
9983
3111
12013
2164
7102
1050
8566
12226
5340
4366
1551
10193
12156
2082
67
9095
24
7912
2739
3490
12189
9586
3418
2085
4519
10846
7013
5968
2250
333
9618
3052
6352
8832
10196
3275
4473
1050
3389
11473
1823
10238
11392
7706
5204
1442
8361
11923
3460
10588
7478
8693
3385
8703
7825
5324
6648
3213
760
3002
8316
6907
6039
9943
10585
2245
5732
1898
8661
2860
4289
135
9213
9294
639
4078
3561
10137
6341
5595
11310
9930
7314
8059
3886
6440
1935
6422
3697
2685
9333
1509
8074
765
1355
7198
3337
1644
835
10582
3777
7828
9219
10286
6543
3501
2351
3095
11875
7848
7901
5729
5808
9687
826
12119
968
11722
10338
10372
8578
4685
4734
3879
11053
2035
11657
4400
10990
2068
4802
1382
3404
4033
10042
3356
4390
11983
8354
11687
5022
1474
3136
11471
7929
6519
9044
7761
10817
7371
465
9326
518
10007
9642
11715
2039
4210
6821
5705
7939
6938
225
10656
3254
274
11344
11258
520
5492
5197
3403
10746
6079
8974
3250
9664
7133
5859
7813
9444
5209
8024
3660
11159
10722
2223
2301
7510
8308
7601
5119
6538
598
10959
11734
3041
7269
8753
9158
7716
8541
8611
612
8835
5644
8396
11119
11100
2543
1701
7865
6463
8732
11330
2566
8583
9037
1346
2036
1980
3398
4086
11779
5062
6387
5099
3373
4430
9619
7131
7919
6741
9540
11294
3424
10784
1318
9924
6285
4373
1242
10653
9157
5939
11614
1310
11780
2938
8770
2042
2781
10395
11597
11663
10972
4509
9663
11978
9530
3323
7671
8774
10183
602
6279
2590
7085
9029
10721
1963
6377
5374
11159
11381
10206
128
5451
8270
11158
4220
8705
6013
4295
5710
5737
10774
10677
8885
8381
421
3753
8312
328
8381
1885
5613
1771
6875
9777
4890
3898
557
7785
5035
2694
4577
8227
4345
6592
951
8541
5015
8647
698
7897
827
9692
9830
8210
8224
8155
6871
6394
2961
8553
4924
1196
11683
4660
450
3037
381
3230
6011
8940
6574
4857
4448
7890
9293
7230
11276
2015
1785
2716
9297
8761
7169
2776
9737
3812
4209
10196
2504
5477
8357
6664
9020
11425
7611
10463
599
7038
4495
7609
5605
160
7035
6244
10659
11343
10221
11071
10802
12032
2849
10488
6839
5612
12268
4394
2522
8556
7106
3078
5667
1169
4312
332
7751
9178
710
6010
10833
10745
4088
4214
337
6605
10953
8400
5203
52
6659
1694
372
6023
11037
12149
8186
2587
8198
40
7300
2931
5405
3109
11462
3045
1872
7968
3398
14
2441
2058
4507
10335
8627
5217
125
7285
5724
5882
6089
9024
10158
6448
860
664
1616
9736
3219
4062
7005
6413
9760
8246
11464
9223
3381
12116
3233
9561
4054
4306
79
8715
4647
9083
6808
2534
8577
4071
289
1373
3619
9805
2115
8656
986
5334
9883
5125
10612
299
7105
1963
7477
4339
12140
6340
7607
7445
336
8029
11309
5984
6448
7730
6571
4129
7649
6336
9863
6126
9401
4369
6883
8691
4417
6436
4059
7316
9962
4840
2367
6673
2351
758
8055
4356
6824
1033
3537
7854
1493
178
11682
6519
494
6564
8328
8756
2453
4496
7053
1620
2876
3846
7082
9363
7488
7834
4826
1154
115
1228
6176
11870
2550
5037
8693
3316
1640
9400
6951
9453
8457
1925
11965
2877
11366
5864
4022
9953
2843
4438
978
8839
6606
9134
7812
11519
571
1567
11770
8340
9290
4039
599
947
11661
10857
3956
7293
10873
640
10501
7128
8161
412
8567
6915
5301
2188
7339
8247
10138
4389
5426
5372
4166
6871
1636
10970
11423
12235
4979
8278
5924
10311
10622
8577
3218
7794
10408
10388
10498
11521
7118
9135
10280
9113
5078
8032
3378
6156
2631
1263
7001
9675
1141
9531
755
5438
6254
163
8662
9733
10258
8258
8829
7898
11347
11737
11127
11955
12073
2106
894
4826
6513
7523
5937
197
1659
1471
543
3703
8892
9828
7952
3561
12269
5138
6486
6615
1358
6916
6276
1996
6732
6024
5029
3053
4475
8251
6428
9044
293
6750
2825
3747
5950
3618
6528
8026
4435
5319
2005
11543
864
4592
1250
9151
8044
2889
6104
5683
7464
2939
4986
10386
2542
10767
7085
5825
2141
11564
8432
8863
7430
2982
6476
8720
9587
8795
9334
11940
1508
6670
5289
5107
4025
8718
8692
6680
4376
11565
10320
1677
3970
6344
1401
6608
1440
8549
9265
3716
7653
755
10479
11122
7788
9226
9744
11569
4277
6978
4308
7694
11940
8314
4736
10028
6480
6302
144
7181
340
3829
9885
9568
4327
4706
8192
9149
5399
10758
11422
7963
12266
11858
11841
64
6143
12012
4010
417
6058
5505
7440
6439
5547
7155
10976
285
1547
6756
3519
7629
2408
3723
3784
4010
1220
11036
3577
4529
3122
10118
5426
9175
10180
9024
2324
6100
852
129
13
2942
7616
5080
1219
11376
11889
8606
11502
6843
1575
5937
8771
11511
2478
414
262
11628
2541
11080
10382
2640
424
9157
7458
7325
309
8429
5231
3582
6495
4864
6115
4765
5500
937
10135
2497
6326
3284
5908
5131
4859
11605
2187
6573
6765
1753
11840
8904
9254
3075
1310
6474
6126
476
5085
4628
2400
1851
2669
9774
9309
4060
2608
10570
7999
5323
3062
7393
8464
6562
2143
1205
11531
10101
9200
10833
8818
9140
1283
3176
1624
8478
5754
11612
5212
10683
12120
4147
10189
7761
2101
8403
2476
6565
2822
2693
5307
9498
8946
7427
7169
11822
10378
6120
4339
3841
9815
80
847
10962
2409
6796
6100
2336
4880
7198
5248
5076
9243
4812
10005
3587
817
6419
1598
2433
2995
12060
11562
3712
5358
938
11052
4711
9203
2978
4457
312
11602
6357
7369
10602
4081
6211
10421
2644
5970
6825
1139
11807
10690
8435
2686
12229
2517
1862
342
6296
2967
10819
2313
3389
2469
3937
10740
59
8267
6436
11270
6420
11294
3790
6896
11543
9219
12077
1679
3058
5776
10986
11739
10420
11412
8273
1986
9637
5378
1533
3616
5482
6561
5207
2034
10097
4216
528
8314
8607
4088
10665
3445
1170
5322
10808
8397
12137
5308
3673
4917
3053
9946
2446
3965
7727
7289
6445
5541
10462
10900
6124
8248
7789
4230
5034
1074
2291
6890
3886
5834
6359
5142
9580
8234
7135
8978
10140
8913
3598
6836
8509
8965
7445
2183
5790
2986
828
11811
10484
4449
12180
12247
4560
11448
892
8204
1831
10973
11839
2493
9723
662
3811
9120
4990
5511
7762
7947
6001
10234
5749
7914
550
4542
6898
11541
2401
6772
10750
8621
6473
11335
1079
6871
7791
3895
1196
3298
4493
10751
188
6906
1895
11894
8971
6895
5833
5567
8324
9729
5093
8385
10860
9279
4104
4218
352
5
9622
11154
12044
11513
11359
1012
173
2433
7043
11170
3722
6535
1168
2376
7664
316
5675
4096
6179
4239
6261
7808
1271
5717
6126
12199
438
5643
9886
1758
5285
5677
4811
115
7163
6327
6778
11378
6814
11442
5770
8170
11463
8567
1498
10097
10742
12040
7772
4912
3073
54
4308
7545
9680
10857
10670
9381
5512
1015
4577
11983
2034
11465
5810
1566
10886
1459
11770
642
2287
70
8679
8826
10122
10720
9649
1337
12010
3327
2700
11287
8035
4293
3430
1770
4592
6839
37
10258
3174
7650
4144
12151
10792
853
7000
7006
3273
8442
8060
5911
6596
11053
1773
12085
11874
2200
11483
3273
1191
5777
9007
5959
10705
3028
6668
9928
4208
5356
6109
7130
9818
4689
4297
5125
11794
7493
491
9745
10811
3528
321
10829
7270
2829
11259
5580
5674
514
5374
4039
7385
4773
7529
594
4959
10874
10946
3864
6209
2043
9274
2841
9009
5247
6353
116
8337
10236
8339
2307
1641
9201
10916
5934
11048
380
10667
10631
9442
5270
8987
5612
3093
8917
8850
5214
2139
9718
4400
1643
5111
59
6770
4559
280
4816
11385
8712
511
8433
3830
9112
1117
787
11220
561
9816
3165
1159
1055
7482
9168
10076
4710
5102
10771
1751
1886
3804
5105
7716
8039
12247
7424
2054
11316
5696
10961
4043
7303
8031
8732
2791
11109
4913
8282
98
5088
1848
8897
1769
6036
8832
11523
127
5691
11359
9576
11778
10663
9398
9580
2404
5036
6650
4331
3529
9212
10090
3394
421
78
2662
10738
6546
8037
8771
5620
9427
4435
7636
6678
11481
7277
5488
6347
7844
3242
2893
5605
7646
7013
3425
10233
7542
3297
3441
3069
1629
9823
2561
105
6751
8249
5617
3529
7800
8262
9958
724
11876
3616
5223
5476
7293
2791
10765
3948
5809
4236
271
10699
10723
477
6442
894
8711
1827
5656
1025
7037
54
11305
1711
611
12205
2440
4343
8622
7912
8069
7755
8495
6278
4553
5328
10706
8823
5151
6379
1486
10707
9337
1002
461
7582
3667
1814
6522
2044
8809
2174
10242
6044
8183
5816
6093
96
10980
6465
7973
8991
12214
8437
7072
5621
4383
3804
4371
8321
6532
2721
11314
10406
11731
6222
7816
1785
10840
2142
338
8291
3162
12104
7943
2227
11960
5282
929
6325
5733
7921
535
1228
9926
7576
341
10783
159
7617
9514
1110
3822
11123
2795
8573
12057
9502
6774
7048
2741
6950
3005
6356
522
901
11457
6559
6488
11617
10723
3462
1045
519
9407
1638
9002
1897
7230
3462
8554
11917
3289
8666
4045
11169
2590
1032
6052
11155
9530
3780
7716
10667
5565
1777
1926
9584
11091
5909
10588
9800
3102
9812
755
12123
177
1615
614
7275
7773
1213
5414
5605
5600
9383
5389
8294
1630
4976
6427
8971
3107
11189
4683
7741
7136
1811
11510
6694
6022
3312
11424
3873
8598
10954
5209
3384
2348
10446
12207
10554
10675
1620
10839
11036
4745
8581
6695
7003
11257
10429
4052
2844
2841
4667
11394
8482
7960
7530
3723
9941
7866
5027
3916
1244
3774
6314
3610
5471
10650
6876
5250
2948
4706
4991
9194
3894
10669
2620
10782
11038
6190
4035
7375
7446
4825
5671
2
4222
10875
9732
4626
5428
10070
8847
8934
1613
2070
12173
8831
2023
11507
396
1439
2658
2908
11966
9602
10936
2981
11033
7409
12036
8654
3918
1543
12235
9045
3745
3757
10486
9734
7943
1838
6607
2556
3262
8447
2036
9244
10142
8325
11296
8824
1447
323
7149
11718
4808
10487
6264
10099
5582
869
10375
4766
7758
8561
1598
4060
1112
1410
208
7260
1358
4382
5344
2656
331
811
1479
7763
6156
11863
8652
9397
12031
6892
8552
8651
8816
8349
7068
2436
4594
6237
1861
10893
3906
9981
2995
3986
7334
2772
4111
4267
5886
5401
6507
9956
5754
6536
11259
4574
8335
10712
7046
2427
7278
4288
6012
2379
1523
11122
8420
10129
8553
7094
9421
4739
10340
9341
11255
5602
2560
10040
10206
11852
2173
6335
7976
512
5223
1381
1545
571
3382
11769
11754
1674
12140
2084
5966
12223
4677
11914
6477
3855
11428
10911
1751
8898
4322
6802
10368
8577
8233
9866
9335
1067
11755
9908
9051
10128
10294
6307
659
3833
1772
9978
8421
11405
2280
4875
497
7472
9066
1843
6545
6526
8594
3754
10834
3973
5116
9020
1005
5858
11434
3006
9910
400
11739
6110
8559
8951
4711
8807
9679
11283
2182
1978
6875
7086
7753
11064
3028
2435
552
2101
4622
10201
2849
1095
4886
4867
12111
8187
3847
10906
7876
2656
3931
2080
2650
6573
10345
5958
2704
2670
3306
7435
7427
9631
1191
8742
873
3494
3017
4106
2518
12142
10130
11439
2407
5866
10335
5943
8778
10495
3916
9767
2335
7058
9982
10547
1014
5408
1102
5261
2981
10870
5713
8842
8192
2927
10430
2531
2776
11271
9471
9471
485
6150
6591
1289
12009
10991
9273
6514
1606
8359
5819
10990
8102
7756
11990
7673
11170
5290
8182
10584
3483
8415
4228
502
11534
6019
5788
10903
6159
3492
2028
468
203
2794
7026
11522
331
3084
599
9486
1823
6205
8280
2601
8024
11203
7386
4878
6435
4641
10991
1398
4821
4580
5013
7632
9629
11712
177
11330
2812
4368
2020
12281
9839
3509
1857
1835
2800
7745
1799
697
6745
9879
1309
4302
12192
7466
1335
11053
3762
8799
1973
8788
11332
68
10746
8230
6001
10422
4749
11136
8218
1005
139
11020
10691
4338
3148
9035
10791
11508
1955
5571
3247
2330
9898
9118
9682
7919
5959
1832
7893
10264
880
1501
526
1277
516
6998
5986
6422
8702
7160
10776
9665
4204
4040
11397
2271
7655
323
10897
3865
461
4994
1802
8558
28
12171
7542
462
9106
899
4861
6449
393
10392
1501
6814
614
11271
5230
3935
2094
8836
8205
2811
7343
7696
2254
9517
9783
1150
5748
6916
8540
93
173
9495
9510
3834
1057
5172
3603
5231
11862
1210
1610
147
1136
9739
2371
1984
7073
9635
6407
10450
6851
12126
643
6833
3069
8654
1508
9144
5996
12041
10052
8988
4118
6303
4929
4215
11632
4299
11322
332
6072
4975
8172
1480
1645
2108
5991
2810
7451
9952
8394
7885
8981
2840
735
1947
2262
10450
8908
8015
2230
1082
12045
8739
8369
10409
11207
6623
3697
5786
8831
9042
3616
9
10286
2527
3735
4302
9790
12029
7309
6316
5059
1768
974
133
11679
4820
4945
9224
12022
4900
3774
12046
6222
2720
8344
2617
9181
8483
4242
11367
10582
10980
6894
3059
1001
12033
7589
7264
4371
10067
2894
7119
9839
1112
11462
5903
770
2176
2137
4995
738
7771
6156
3409
3276
10060
7747
11804
634
6984
4871
328
3805
6085
4067
10520
7986
1541
7761
1982
3617
12221
655
3797
1848
6484
3985
5770
2557
8302
7717
3985
1314
388
10804
337
2951
6151
12069
7193
6834
9588
11473
2484
9735
3128
7559
4077
3079
5503
9766
8595
10253
8844
12098
1561
7477
2136
10716
9640
5046
4354
11608
4703
5056
3170
1760
5580
11531
2405
8176
6661
10793
7365
235
7136
2680
117
4900
9711
11058
3651
11519
4739
4211
8246
2064
2882
7018
10532
11883
4328
1991
11906
2940
7249
8239
2349
7217
6373
3090
5575
2524
6981
3218
10515
11491
9220
1193
10594
6565
10028
1405
5577
11318
6852
8518
1085
1178
9924
62
9446
7963
7192
8954
4096
2484
1763
4936
5511
9118
4675
9239
4529
4148
9682
2387
4556
6088
329
3320
11219
1268
7150
614
4956
3440
9856
9417
817
10318
10281
9039
9893
4163
8682
5004
5116
6918
11087
10090
5857
2885
259
11245
507
8026
6871
8387
4637
11797
2620
11810
8931
9020
770
5055
10389
8183
2259
1441
8482
4012
10514
4152
7714
8001
3288
3375
9967
2192
2658
407
7865
8322
11366
9048
6510
8007
11051
8174
641
7462
10783
2078
2575
1714
11449
6957
3939
440
9399
12230
6107
6641
6143
4977
11298
192
7330
9676
9564
6891
6570
3480
1932
4431
1504
4294
11878
5490
5700
7587
8797
9794
9293
8569
9873
1889
8930
9886
4710
4032
9277
5806
4054
9380
2120
12112
37
10526
273
62
10598
8617
11546
2315
1407
11747
10589
6718
9685
889
2568
5941
3242
7846
6198
12174
8012
3971
7031
3403
3936
3827
10540
1717
10147
8057
9027
719
7447
1031
10789
9599
10410
10729
4119
5701
1202
10717
2018
3987
10551
1974
7395
2496
720
5931
12142
8895
10558
1635
11830
3074
8170
5631
9733
3508
7662
4077
7298
11588
8834
11488
11732
11515
2813
5370
9209
7242
6925
11556
12078
4949
355
3653
6921
4102
1534
8463
11355
725
6806
11106
1296
10560
4137
3655
11038
6593
6700
8692
8001
9498
8366
12024
2982
4548
9839
7145
8375
7419
8589
11528
3961
4864
11716
8769
64
3296
7717
5275
7211
5608
2785
682
5097
6180
8924
9170
1892
5443
1121
3482
1460
9429
7995
7563
9951
11118
1202
8192
3328
12285
7238
6577
11244
3108
4149
5081
11816
1014
1329
4199
10737
39
5563
6599
1317
5909
8782
11983
2597
7947
6152
367
4367
12055
11696
6149
12184
8586
2453
9114
2582
5550
4054
5847
8953
10286
1851
4023
6155
4244
11447
5144
5762
5914
7618
4615
7545
5464
1646
3900
4906
2730
9550
4071
194
1067
3185
8881
8985
7431
3594
10067
1155
479
11728
8539
4139
2216
7384
1482
2031
8256
10690
10972
2353
7684
428
1306
6289
4959
8106
8612
5155
295
11441
2941
10363
3938
6469
5173
9192
6269
3102
6036
3089
7544
9995
7407
9761
6719
8647
8948
8689
2667
10720
6015
11533
1439
7439
8921
4684
11184
2374
6147
10574
8358
984
11520
5199
3602
7897
187
12120
1128
1574
7797
11443
7316
6158
604
4507
9418
6169
8455
7199
11706
8143
6276
6075
8313
1358
8743
8895
5287
12271
5871
8157
8699
5230
2563
2095
4259
2614
8216
9090
2491
8764
7996
470
3288
1869
1089
2335
1753
10694
2845
12007
790
11069
8612
8431
2488
7600
4854
6228
5814
5168
4340
9879
2144
7076
9949
2940
10439
10306
1342
6133
1380
495
3912
10820
5781
6315
9548
2212
978
6446
3434
2573
2402
7150
10955
9765
7272
3447
1684
10458
6251
10289
5345
4082
3297
9567
2134
2655
10150
503
2420
1206
8470
7872
6754
2385
1500
11266
5396
11802
2142
7006
2237
791
9096
897
4890
10046
7475
12178
9577
4004
9658
3427
10589
4307
7784
3852
11141
152
3549
3107
8502
5025
12192
11661
2621
3719
3226
1101
608
4020
6895
1201
11884
12035
10549
10456
2823
4992
2661
2971
9619
5342
10658
3350
9933
725
9909
3401
1042
6933
10375
6466
8520
2471
4185
7169
6219
8659
6710
8826
5876
1094
8526
1288
4226
3912
9891
9332
429
7631
8083
2810
742
4606
4341
170
6841
3426
9445
6875
1220
10403
4891
9778
5543
4190
2816
5499
11007
11082
2497
7405
7192
10690
5969
6396
5955
10283
9883
11084
11751
10894
2053
361
11246
8085
6249
3194
1755
4246
7947
9616
9722
9373
4980
3502
1136
2136
9700
10677
10504
7889
4583
823
3031
1661
3468
10309
10651
6043
6504
6541
4049
6711
8121
10774
1605
4247
10419
10923
10679
5367
5327
258
3215
7202
373
3412
7715
3493
1418
12143
3592
816
9816
2485
9124
5288
9777
10590
6891
2927
559
1565
4436
5553
927
2388
11009
10130
4551
12217
7780
8996
6211
5495
11974
1883
11353
2912
457
2481
9627
5510
48
196
4150
4305
6139
6081
8402
362
2719
10366
4786
6785
4442
10474
3536
1577
2000
5673
9858
10436
9399
952
8285
3729
5439
10262
7493
11936
8858
8798
3041
10970
3269
12232
12106
8272
12173
8889
2739
11044
4931
5979
11243
2039
8375
22
11449
11883
4642
1620
3577
5757
440
2777
8639
10915
8124
7642
11834
9684
1312
9416
9508
5931
1078
8713
1528
8302
3778
7270
3870
6460
3483
3551
4465
503
9559
5774
7279
5969
2498
7611
5229
9802
10578
8464
5173
778
6764
5188
468
10911
1580
1592
4078
4310
7040
6354
9215
5450
11166
7756
230
4531
9958
10100
382
7730
9132
10914
234
2396
3580
7375
1372
10122
9151
3789
9774
6446
213
3330
10825
10877
7289
11750
5873
267
1209
11359
9892
491
1108
8971
11593
7562
8091
560
3025
10352
10759
466
5494
2005
3668
10073
1808
9420
1570
3964
9146
8122
7196
1040
6642
8440
472
8069
2051
6835
4636
11988
10312
11034
12198
8696
8370
5406
9636
11305
9479
2659
10201
8075
3794
991
3134
11578
6301
11460
1126
9753
3419
3908
9576
9906
8081
4328
9645
5665
11338
9273
10353
3796
9257
5442
1663
11878
5164
4181
11088
4735
412
8352
695
10446
9783
2777
8430
10252
2084
5948
2290
6663
4801
9304
3894
6603
10536
7529
4663
8413
9532
9209
10399
6230
11806
5842
4009
4442
125
12178
7531
9280
2482
9559
3754
10926
10141
6120
6521
2080
3768
11688
1835
11969
10147
9278
9066
4065
9025
3105
10980
6477
9851
6310
7824
8178
9207
3814
11328
6990
1603
11206
1896
2523
6804
2831
11709
7735
809
159
5299
2054
8188
4302
6326
1347
82
8751
4054
4141
322
10679
10428
21
10514
11608
1395
8119
3314
7260
3461
2196
477
8126
5941
185
4506
4749
5599
9462
6587
2813
2858
6309
6458
1208
8367
9736
2747
11862
2001
3292
3247
4398
867
5152
4452
3005
6613
9974
8578
10657
3599
10430
11560
8279
12272
256
11590
3251
7113
6843
11910
4939
104
6381
9868
1916
9588
11394
11514
3785
8011
1898
3655
7031
3151
12071
11934
8390
4904
7628
6653
10083
5366
2037
10682
6722
2126
9412
2740
5801
11753
7829
10296
4252
9060
7694
9372
246
2544
9212
3209
11911
7655
1494
6023
8144
548
3517
3218
120
5779
11336
10252
2298
281
731
8834
630
10966
2487
7579
11928
5330
1326
5633
9889
10931
9906
6048
9685
9847
1378
2007
8362
11707
4620
12233
12181
3911
1398
3034
10578
12253
6925
2591
6112
12110
3066
7781
2523
578
4613
10053
4688
10197
1785
4391
1587
11796
11629
1834
11286
202
10900
9402
9912
1757
1084
6266
5777
96
9265
4231
2164
1500
7593
5024
5281
4084
9804
4242
7699
7377
5173
4391
11232
7043
11100
2258
8300
1704
6108
7741
704
1842
6754
173
6670
655
9644
8285
6513
10532
7382
6428
5331
7903
75
8428
5945
5723
7410
9976
11980
10386
11611
9075
9002
934
5613
10151
9394
1572
172
6645
367
2216
8286
749
11294
7327
1396
11778
10172
6075
9451
5533
8108
7048
5031
9914
4304
8140
5516
10679
8805
1768
4355
8757
10747
12140
1962
6848
9229
2902
10125
8960
3327
7850
1702
1232
10372
8661
1253
8490
10336
11865
8544
1748
860
8547
8217
1252
9294
1195
12185
686
10091
10130
11982
4380
3443
11829
9943
10808
11132
2719
3506
4486
1375
5716
6108
1099
7417
5091
11573
5274
5911
8388
7915
11863
3773
8965
12119
621
11693
6980
582
7957
10074
6014
10398
1191
5399
9362
5623
5006
4096
10097
5524
8903
331
2234
4096
8396
7793
2493
57
10859
10797
1506
201
1814
4514
8556
167
7168
7171
5814
3885
2291
5438
1009
5873
6276
11445
10799
6843
4221
351
8762
835
933
4713
178
5591
8428
8508
5026
1684
12024
1773
1017
2152
1237
11116
8691
4632
6703
493
3468
6899
3279
5059
11594
2269
10542
11000
482
3774
10753
251
7088
11270
5695
11999
3386
4256
8358
7225
5154
7783
10862
5286
10432
4096
11045
7916
11607
2358
11494
759
8853
2555
9041
8251
1151
9849
852
4443
1960
4897
7230
1216
6921
1171
20
12176
917
8803
2246
7858
1364
7037
5674
9482
1033
5691
11765
1945
9434
1896
3543
6550
3097
6567
4363
7933
5641
7618
1963
10208
6507
3231
3019
5567
9404
4391
6458
266
3369
9468
5420
4675
7045
6539
2575
5416
9103
8999
10108
5793
11731
6973
3980
10213
8850
10773
8586
5983
10489
4477
6333
4759
9073
10174
9999
174
993
3995
631
322
8787
9325
7422
8248
4335
3408
5914
6318
12092
11994
6608
5284
3645
2537
5878
7745
1975
4935
8331
12224
7954
739
4399
3967
1080
1598
3035
5716
8698
8663
11681
5885
1686
9954
9545
3131
2289
10405
10146
6885
471
9130
11165
6530
2834
7710
4284
6729
5387
6555
1834
6903
11362
11171
6247
10849
479
9225
3505
11761
4409
5711
6206
2020
11114
10668
8430
5069
6800
11180
7857
3213
7050
256
4871
11335
5802
7139
10180
5406
318
1746
10255
10124
1875
10872
1871
4956
2024
10365
4598
9191
11284
172
9678
6670
7064
9649
4514
11697
413
4246
8931
6951
2407
9395
2258
6519
11770
7345
10977
587
9362
9256
5838
2508
11961
2685
6474
1616
11894
11596
4588
5028
10848
6116
7624
1058
727
10448
6885
6510
2559
4860
1689
568
682
10698
3733
3959
2372
2096
7514
9392
6621
2641
8687
2674
9033
11929
8731
9693
2306
115
11330
3861
11942
7668
9687
10941
8626
11113
10055
5991
2576
3383
2074
5300
3850
6146
9422
11074
5130
8605
5810
2423
6724
2936
6394
10909
5386
4234
11589
4024
120
8950
885
8692
11284
5927
9354
421
1229
6600
458
6731
5766
2470
3823
11303
2599
4335
627
4156
661
7035
6990
2086
9784
12223
2431
1638
2794
8017
5540
3345
9840
1402
10052
3504
1145
11779
11939
4004
10076
11596
10663
2555
11343
2961
3529
5913
8885
9835
9988
6488
2675
7500
8030
10617
6167
6146
9769
8957
7057
4994
12287
3045
6945
2978
1049
6741
4123
8332
2721
10060
8271
2854
8280
10452
8745
6716
5722
3989
11749
10568
10420
7320
8353
11796
9479
1714
1142
7717
7967
7846
10490
309
309
3430
8001
4757
5401
6628
2910
6359
2095
12112
939
8895
395
4812
7338
10765
8250
3529
9345
10279
11854
1657
5829
1430
5924
5684
11038
9909
8036
8161
2865
9948
10141
1774
10310
8512
4819
8237
1912
5150
11878
11306
10456
11590
5918
6105
11403
130
1621
9471
6917
9748
2555
5983
6550
10188
11504
5850
2090
1035
4143
763
5699
2268
7812
5760
4524
7523
7536
4044
835
9900
2469
9929
1931
1776
12101
8179
108
8697
6535
3204
11042
4063
6016
5227
5055
5888
4994
2773
2735
2484
9296
2072
4711
11449
4690
5411
3523
8381
3613
7235
4301
202
12030
10709
10263
6634
8770
7967
7961
2736
8110
5783
5546
6375
2086
10899
11738
7723
2565
5032
6219
7692
7713
7028
2020
9835
10811
5800
12180
11041
3093
10747
7780
1088
5743
6741
8837
6172
453
7982
3752
5757
8743
2926
7839
7700
1469
3111
11165
2035
2943
1677
3740
11333
5842
11385
1983
4306
9371
7954
12210
10975
1295
12225
11111
9372
6722
10553
6807
6652
7592
8209
3220
1326
10276
9791
8959
4292
6667
9230
7849
1893
3731
7140
153
9611
2527
5697
6708
9958
8475
11525
6687
1967
8053
11824
11336
305
4480
10349
73
9259
5708
2812
616
2095
5033
1356
5591
9694
9772
1399
4518
6897
6251
10228
8050
969
10515
3180
8691
587
1154
4070
5864
3960
1779
6075
10517
4026
1544
3085
3909
943
2707
8568
3005
9031
11633
6882
9460
3517
6285
9720
2888
9060
5064
1295
2171
3485
372
11368
10833
3310
8657
301
7411
9650
6611
5623
10187
554
11208
7460
8278
9318
6359
7109
3493
10760
11619
9049
7757
1758
11817
1369
4066
4475
86
2023
9956
11571
1815
10711
7260
6242
2049
1770
758
7120
10273
5428
1816
300
3496
10536
523
554
10675
7529
3354
4782
3434
7021
8347
538
1810
1610
3132
11704
11431
8033
3875
5186
9249
4454
7253
8965
9231
2536
3752
8456
20
7253
11696
10974
10776
4844
5287
1496
7186
7583
1089
5758
8107
3159
9584
8044
342
10843
6284
8366
3863
1805
7002
3347
5162
1586
647
1787
8670
9341
5853
11451
3173
10759
2506
7591
4514
205
8969
1361
6623
6910
4250
8787
2944
5866
2109
10988
9879
3259
1827
1054
3095
3642
2826
8878
2393
10108
3522
6395
4468
8036
6355
9459
1118
11907
1204
2961
10169
1397
9530
10817
2453
3306
4221
4368
378
8380
11460
82
4757
9918
2750
2399
7924
6295
1734
8382
10398
2840
9975
848
4460
5031
4977
2489
8301
5181
3465
9234
7275
3431
4117
8757
6593
8030
9525
8353
11506
1918
10441
8610
6188
11706
10631
10642
3938
11245
525
3845
2367
9300
1366
6366
5321
10424
208
7135
10700
9296
1509
2671
2708
769
7171
12024
6541
6483
1863
4457
9167
9608
4606
140
12007
10348
7478
9515
3124
3132
2908
3447
7540
412
11088
9347
1953
7261
1621
697
12037
2411
7446
11479
1801
11026
3767
1863
4257
6209
7936
1370
1954
6043
2524
4284
7126
3483
1075
128
7823
5935
5190
7052
8306
196
6287
2994
2424
5435
12097
14
10093
5018
11500
5412
10030
10434
10282
4266
9638
4675
2018
3588
8879
2742
10310
7
6951
3450
5472
990
212
10224
10707
5474
9006
8680
8184
5119
8019
3051
5548
5485
6891
726
179
5384
10110
5543
9173
5024
118
128
7015
10129
503
8288
7220
1925
1741
1858
12130
2291
4865
3287
9810
10963
5307
8446
3014
10508
7199
936
12055
2752
7526
2610
3255
5111
2560
9621
9258
8170
1053
2454
607
9506
11703
6959
6762
11810
9185
5335
3612
8495
4313
4307
5323
6160
969
7057
5964
5696
676
5908
5966
2954
1520
8737
18
8413
8952
4735
208
5510
9149
11939
11195
3686
7972
121
3659
4362
2516
1780
9368
7866
8600
6927
3110
1594
1185
5496
5303
9178
6529
4767
1485
6263
886
4990
11895
7660
8620
3293
11798
2160
10105
3408
6230
6736
9922
3228
8836
1530
288
10314
11555
12287
5233
10626
5914
1169
3999
11041
11233
6586
880
356
9153
3965
10138
11150
4627
2694
3029
3527
1369
8537
10861
4271
1453
9259
170
6682
8014
1317
8336
3769
11810
5868
1111
12139
6503
9600
1107
10096
7468
5488
11298
2258
355
6549
9245
3299
1029
18
11974
585
1598
10331
7061
7901
4039
3951
10828
9408
5872
7164
2822
10236
11358
6541
912
11291
2382
5390
5085
9480
7871
3020
1300
173
5728
8717
11960
10720
10218
2109
2872
5497
11840
11486
11519
2372
8382
5951
4627
7951
3627
7125
8187
9464
7821
10035
137
1653
10895
675
7430
10833
8071
9921
11243
7507
10664
4252
2310
11585
9227
2162
10686
8470
4794
2977
6156
10452
3842
6388
6093
4928
8873
1826
919
6507
8056
6052
4165
3453
1887
7734
10888
1981
6554
12077
6001
11829
8049
2943
2710
8867
11970
7369
328
9411
4271
8698
8024
7200
8171
6775
7261
5775
4488
460
1444
9513
9351
9912
5990
10052
1562
11818
5245
3938
6639
12208
2969
4626
2724
5762
3678
7011
1669
10140
5987
2250
7557
3944
5632
856
3034
10283
8618
11899
4805
5435
2588
5042
3503
11012
7051
3669
2012
4548
6814
7705
1165
6050
9315
10665
8203
5030
4845
5513
6096
9552
1007
3173
7065
2958
8094
7241
2141
6114
1910
6397
4107
8169
6560
6054
11487
3535
6689
5890
3135
962
8074
3980
441
12265
2066
10697
9594
3113
2223
10908
2546
6910
5088
4217
8660
2726
6817
2532
10256
2454
11435
6745
2860
4683
10286
4256
1408
3050
10077
755
11831
5599
12174
2529
8724
663
12006
6638
8833
9424
17
8883
7844
10249
580
189
4142
10571
3375
10096
802
11172
6522
1252
1714
5783
5388
7459
11212
2166
7795
7613
12190
474
3543
3012
11045
5503
11677
3366
1078
4707
939
4149
3724
6633
7368
10789
182
2347
9223
5639
6967
3294
1057
11975
8161
9877
346
9608
5699
7497
2004
8638
5304
11259
8745
11775
7389
5254
53
3499
9736
5235
9468
1856
3369
12062
6385
9499
10452
10412
11945
4033
6972
7544
9480
3343
6042
8490
6227
1226
10166
2345
297
8423
4787
2210
10114
10318
1490
11619
3258
11084
807
9140
8084
7749
5741
9896
423
1294
3362
2173
1593
9340
7952
5512
1992
1497
2541
3346
10855
11238
12070
7814
8725
3036
4141
1613
1150
5712
4459
10780
74
5228
540
7042
5937
5340
9992
6606
10080
6565
8601
2989
7225
421
3077
11436
301
2765
7603
10897
4490
8626
3610
5193
3356
9765
45
9547
5066
5702
2379
6651
23
9058
10965
1044
8906
5197
5662
250
6421
5421
8108
3030
947
4638
2347
9141
6278
9177
3877
11585
4267
2012
5861
1330
3399
11446
5838
11362
7595
77
2455
641
5583
6627
10812
9137
9565
683
3546
2976
8492
9852
2457
2301
3744
5730
8706
692
8946
7061
11502
9372
3416
1078
6606
4453
2680
11426
9009
3567
7194
9663
2578
1828
5767
3610
11343
2355
9681
12106
11096
9268
6792
2552
8852
4596
7815
10212
10884
12093
11942
4080
3633
10687
4111
5229
5700
10226
1674
7276
11920
4723
3037
2705
3964
6671
11660
4130
8558
8069
3354
6814
5583
4266
94
5694
6291
1398
3132
3518
3045
8281
2845
7041
454
11476
10365
5490
5293
824
8595
2604
9942
8839
9646
8967
164
810
3899
7728
3007
2111
10944
5384
11897
7555
2788
9625
7376
2216
2801
3257
2767
11953
10200
3045
2345
6573
6536
1621
2799
3275
6784
8150
3306
8001
642
3569
11805
10436
4010
5970
10767
3957
10558
4276
2862
1055
10340
11
3168
15
10726
8387
3085
1488
1604
12117
2240
11974
4507
7156
2892
5888
8702
3972
6964
1618
9262
1984
6632
2690
6511
817
5104
8234
5333
6298
10675
8066
5264
3802
2225
4081
7495
402
7217
6390
160
2516
879
2460
9654
4636
6435
1006
1831
3812
5068
8723
2178
10054
2356
2496
6602
4182
9683
10577
4597
8349
6377
5052
4228
4656
510
984
5139
2961
8681
2010
1225
7423
4314
2746
2160
4174
2978
12249
3767
10088
2846
5638
3295
9453
1751
4060
3740
6031
4759
1961
7909
1328
8641
2013
6357
6178
3358
774
1513
8628
6017
8356
11656
5638
2859
5421
11692
1350
904
259
9114
9569
7338
11258
4
4512
2685
6412
616
3015
12108
9292
3799
7749
7925
10293
9596
11878
2066
8829
1052
10375
11427
7869
2649
4006
2102
7151
6887
5137
11690
923
1388
2362
3869
7311
3552
6202
847
5572
8994
4688
12144
10192
8340
6568
2520
5181
415
9013
11991
10333
9184
790
7172
5776
6268
7606
11696
8669
5404
11451
4015
8474
2345
7931
7582
4095
4376
9134
7927
7754
7024
4693
4259
317
6466
1062
3327
8198
10437
1063
1299
12176
7053
4959
6327
1632
10701
5089
6986
8803
1963
8325
5438
986
1761
2044
4811
5364
11043
3049
6519
7625
12030
9205
6095
12234
7657
9523
6239
11454
9608
8869
138
5681
9326
942
595
5532
10993
11942
2308
5982
8058
6253
3561
1088
5434
11245
11184
99
10985
1076
2422
1887
604
5858
7447
10875
6098
672
5030
6751
4154
11705
3321
10219
10608
2066
11031
8382
11440
3579
9044
7930
4204
11410
9900
11849
8526
9878
7129
11891
932
3909
12073
5279
9258
11847
4180
7132
329
2263
6178
3616
2157
7849
8130
10773
5470
10385
9266
3299
810
4591
6246
1124
2152
2354
7011
5045
8455
4892
5758
8209
6261
3056
7155
11469
11062
9346
7170
7025
11958
921
10274
4794
10127
10594
10673
10630
3407
11465
3147
9577
9407
10212
3093
10080
7773
6875
4775
8719
10510
3674
7877
8803
1918
9351
8910
7019
91
6636
4725
11929
11096
511
8782
10358
6587
8868
547
1611
1752
5743
9245
439
