512
12863
4515
3607
7942
13064
7452
9022
15842
8664
12928
4584
539
1654
15706
7914
11319
15215
11457
13323
4390
2788
9336
4656
481
5610
313
14051
10252
15673
2402
15575
58
8600
10594
14956
12916
5553
5049
3873
11738
12796
4072
10833
15971
11537
11
13570
13258
2870
16110
118
831
10144
2991
6185
4708
9679
14174
4444
5332
1966
9647
5883
12735
2903
13328
15505
4873
6499
5235
2398
13629
5800
5086
7602
6735
8204
4608
8680
16381
5334
12898
7015
483
7466
8930
243
8985
15387
7638
13725
15612
15630
8824
1436
7270
12988
16155
10592
8638
3601
5341
15566
15405
7992
13990
12901
14696
12762
1250
13490
6749
1143
8412
10806
10923
8286
5687
2963
11009
5573
1185
8253
3170
2672
6407
10039
15025
7514
6715
6636
12369
7630
11349
5415
12618
15580
13229
10069
6550
5713
811
976
1426
13871
14428
11501
4898
15231
6350
14095
3546
9833
7717
1510
1958
9681
3452
10756
11300
13858
456
287
13170
11005
6370
2438
15101
4622
5103
13213
12085
2924
185
5568
11271
11644
1120
6385
15329
9773
10677
12384
11676
5252
15775
12703
13157
6822
2559
6155
4677
7779
5641
2388
3735
9971
3373
2085
15961
12285
15968
9116
15827
8891
12210
2695
8684
1003
7717
3044
2767
6568
8221
15888
3766
6188
2403
10654
7419
5616
1074
10262
4477
10973
1427
13700
5483
3131
2676
2672
2888
10861
7522
14937
8737
10054
8473
43
4834
10063
4630
11923
15041
7711
4670
4252
12219
10480
9888
16038
13090
8021
507
2960
10265
14735
11900
4527
3163
2206
13881
1186
6497
3205
14122
2725
11452
4924
7803
14484
801
15231
16075
6712
7482
14473
7847
3765
14106
10298
6824
7423
15267
11970
1688
13601
13711
13991
14030
11725
4860
14905
12332
13307
3537
8085
10018
9077
10763
1314
11634
12785
2235
16262
8191
7943
13342
11371
3250
9170
3916
9563
3621
14235
6205
12036
1246
4727
13333
8589
486
9699
10550
13441
6950
11583
7665
3359
13598
3029
2893
14884
216
6940
13971
10406
2605
6724
6707
15937
6869
5065
1858
4943
4886
191
2975
4886
7717
7979
5375
3624
7076
2338
8563
216
6014
5588
412
14763
8568
12751
7404
14839
10590
16236
12246
15371
15287
9941
10942
14969
7176
10897
10478
732
4350
11608
9216
5142
880
11963
9591
15610
7127
2722
5792
9958
11034
3731
5097
7540
13333
13704
96
12147
3169
14011
4740
13091
14644
3230
10419
8863
6186
5835
11950
13848
14757
4643
13974
15371
13295
12136
3217
12079
4600
13700
15420
2504
782
7643
2031
761
896
4941
11159
14202
10396
13668
5388
3231
8554
13755
1917
12755
4647
15689
15806
7222
1955
10988
2613
2447
14031
11838
12396
4014
7477
14466
1012
2411
3733
8384
15013
394
3400
377
4265
5213
13945
16159
11110
10124
3879
13421
7496
4821
4659
8782
4959
4619
15796
13722
5713
1303
359
15186
13611
8645
2393
8834
7274
16091
13743
9065
10952
12303
2119
7400
7451
1389
7725
6095
4061
13039
12894
6668
5659
1921
2874
1915
5381
7243
5204
6055
789
8448
5871
8394
2658
6873
3437
8408
11172
10310
13009
14288
5131
10113
9070
15164
11195
3908
1535
8057
4492
8290
15556
3922
2171
8751
493
7178
11272
4507
10532
9876
5645
8954
9180
4238
7288
5550
5650
5429
5914
11605
12913
10558
842
3240
4298
3403
3380
11456
10067
12093
7248
3960
6528
13755
958
12649
5009
2197
2750
7186
13287
15622
5466
14465
7348
15765
15560
12286
870
0
13670
5982
5820
11976
3184
9453
14514
9664
15649
12397
15723
13275
2769
7256
4698
6463
1503
16312
439
12532
16080
12986
63
5957
9944
6983
6242
15992
12608
8100
5827
2741
5317
15805
16255
7785
3385
10487
12550
14865
6598
12638
10515
779
9377
4924
4657
13232
10993
5230
12801
8119
10007
4388
13031
10554
1598
7039
13954
9602
550
13185
15339
14231
4419
5787
9212
10781
6601
15158
13542
3761
5538
7713
9413
7265
5958
13518
5641
845
4007
3993
10182
15554
5332
1308
5486
6037
11906
11571
186
9306
140
4159
4245
9630
10148
10848
482
1664
14414
4108
5978
6586
11552
5956
15802
5008
9780
6485
2695
4871
6628
6976
10163
378
7525
15775
11428
16185
4258
1237
4539
14684
5589
9989
13276
7408
7759
6229
5510
5943
8319
4988
9837
12332
7010
15843
14201
2737
3079
13786
6515
843
6036
592
13629
913
7149
8091
2490
11707
9849
9310
10045
6696
2482
4906
7122
1022
2531
3299
1619
9336
4414
12510
12474
2593
12961
4450
4972
15735
3256
12471
4094
3558
12911
5351
2957
1763
1295
8418
5192
10056
12933
11135
2181
13138
3499
9715
10988
11791
6455
14387
11240
12832
7751
15443
907
9883
11313
1568
10641
8700
5035
3291
2381
2683
1033
11864
14969
7766
12101
2844
2379
5149
15497
8610
10093
15317
5547
4058
1146
11428
10538
8497
7798
5792
2252
8978
4564
9023
2248
5742
6420
12240
16049
1319
14362
8514
7813
4211
6299
9227
10304
11
11305
6982
12263
5915
1730
6203
9313
13592
9414
10752
169
11948
15322
5529
8980
11011
3189
978
13234
13383
5067
5022
14979
2566
14094
8199
7380
5778
8156
2021
11711
16204
7608
10992
10675
5315
759
2794
11262
6271
16308
530
1529
15702
6873
8407
9225
10623
5559
5217
610
3974
3280
15168
7759
6366
16269
6743
794
15583
5249
11996
15943
1741
3458
4434
16204
10471
9150
13406
10541
13633
2054
7850
10245
8784
3158
15095
4191
10966
2709
10756
15301
15287
14040
7462
10780
10488
9328
2622
15802
4153
11559
6905
6835
3248
12126
10036
13366
3510
8132
14826
8030
14345
7826
5895
4816
1183
4915
8874
8876
639
1374
268
2746
3591
10871
3166
15044
7892
8069
8093
16055
4018
14705
11228
15178
11468
15347
4986
13338
11704
7185
5358
13997
1382
5604
2235
13479
10285
8509
11494
7857
4944
16364
15059
2829
1361
122
3918
7660
10303
6004
10431
15563
12091
9207
12951
13038
952
3745
3985
11529
11893
12410
11242
1372
8030
12665
8309
13552
16258
7077
3505
14226
7584
12199
10836
14053
12523
3511
13382
196
11903
12831
2979
6554
8960
3993
2866
8111
2475
7120
4800
10642
2296
2849
1258
10580
3635
1495
4499
14540
9243
4839
14882
10066
6599
7946
15433
12976
15478
1140
13337
14926
244
5533
9490
7212
11815
14319
13988
13026
10480
10053
12840
14081
6523
354
8392
12357
2812
8471
3015
7941
6685
15187
9826
13727
8026
7123
9323
13835
8845
10569
11874
8372
9275
12577
4820
6383
14337
1395
1087
12463
11979
6597
721
9483
15032
13307
230
2557
1674
15422
5943
1047
16193
7977
5266
10489
9019
8013
13808
10398
11517
487
9898
12384
13519
9249
1050
8396
12843
8464
13049
5224
5065
10906
10570
4615
9324
2019
3427
3081
13170
4557
193
3567
1728
10746
666
4353
8796
1635
15480
9867
8221
15959
5842
15376
8507
5933
15604
13738
9157
1139
3289
1730
15776
15694
9181
1582
9191
507
13710
3073
6602
10810
3903
12064
7929
15978
15042
6331
15327
15885
1971
5768
9500
10455
10698
6039
14659
14153
4436
11414
3462
8999
12539
704
4708
2016
2475
15430
6931
15220
4842
5106
5445
6083
15496
9175
993
2290
4137
10702
3295
15121
15650
10165
9801
10915
8605
6924
15530
1372
11254
14048
3086
6997
14256
2115
15581
16347
4403
7466
13344
1701
4372
6060
14258
7021
10098
11282
15878
9055
7710
7015
14809
793
7489
419
14717
8507
3972
940
5937
12601
6303
12493
13910
7784
1559
8715
9923
9035
1483
469
6977
3352
1703
10918
16358
7779
2781
3199
14635
994
13448
8720
2786
4071
1425
5944
1275
2420
15272
6085
424
5346
11478
13774
10101
13194
12293
16152
4045
8993
7589
2303
2245
9448
606
14296
229
14524
8152
4213
7716
7105
3061
11483
14895
11638
1177
13275
11
2445
3497
4820
12608
14331
14742
347
15945
2979
13572
16335
4697
3232
14875
15750
12200
2421
9441
10843
12155
2050
15733
9871
6171
8657
7668
11123
7734
14765
11161
174
8455
8130
4081
12367
3428
13390
10056
5209
11944
2829
7143
4675
5966
13303
12221
6490
15098
7697
14085
11170
10204
8425
3324
13643
13136
6323
10001
2245
13774
14362
13344
12510
13650
6153
7068
16039
9616
2166
6162
5999
5456
9738
3307
3508
2805
15284
437
10110
13171
16367
6660
15098
13908
2333
11184
9718
12452
11754
12265
5939
1719
6698
2024
1372
13868
8874
4999
6773
14355
10743
13381
4487
8438
7526
13599
4524
7743
1218
12867
15242
8643
13579
4057
2586
16345
14183
13415
10920
6538
4841
3503
7175
15364
14175
14118
14137
14290
2661
5277
12060
7807
11067
2219
9287
15318
1284
14153
10653
3041
15508
338
15768
6833
16152
1121
12496
1549
10794
12990
7106
12030
6543
7017
9113
3533
926
11147
15573
3985
16363
3900
11017
14842
12399
13827
13896
15489
11214
9661
12041
6005
15025
5061
15922
13832
4184
7123
1760
10440
14571
5525
615
15940
10279
1425
16311
5520
3863
10321
11989
608
5518
11043
6745
8011
4396
14133
14461
10680
14493
8157
15871
1438
10277
166
7424
2048
15680
5451
10366
15847
5499
12382
291
3611
1717
6570
2503
319
15598
1368
16325
14692
12462
1512
684
14741
6031
13113
747
122
13497
2984
2356
15967
16056
406
16176
9462
16356
2502
2745
10045
208
9469
1215
10020
4280
9095
2635
8579
10764
784
11877
15852
6207
10079
2302
8878
15977
6871
2224
11065
7780
4817
3076
6506
14477
1299
6046
761
14856
7072
10825
8852
8670
15790
6871
1214
13089
4530
10916
13485
3155
1980
8175
9797
15684
2111
5420
6195
10252
10571
14083
14944
261
4974
15531
1693
14130
14917
6308
2447
9655
1734
519
8724
9578
13278
10666
5051
14713
10234
6632
550
4229
5990
4831
2329
14034
7795
10718
7050
12823
4694
2113
4801
6311
4997
207
989
8614
2375
9619
859
6
8825
13909
6198
213
8399
1669
10651
2763
10386
9272
8301
8689
10307
1002
6069
731
2327
9751
11969
6035
11865
6544
10373
4881
16280
8610
6276
830
5340
4451
8911
4127
12299
4769
4345
10508
12950
6257
14760
5229
8969
5505
4294
7730
9759
7572
81
8249
1183
10621
6186
4490
7753
4968
1605
3776
7870
15959
15555
5483
10517
1559
12366
9598
5297
1465
4706
9184
5528
7002
15620
236
15109
2004
11368
3460
4983
5373
15176
899
3632
6165
10877
13748
11206
8668
10798
2031
2684
13774
13866
3206
7400
6446
12981
328
3604
9676
14931
15254
2163
10571
13967
2106
16162
12922
8339
13427
7147
16029
781
10525
3458
10391
6599
8056
10934
10410
13593
655
13497
7247
2011
15119
6059
13654
2282
14382
12697
15256
3987
9274
12041
6754
15286
9645
1038
9488
14086
1334
16217
636
13675
643
12288
11330
1451
5639
5149
11964
2411
13577
3551
16150
3955
14149
6361
14861
7156
5209
8522
4927
11869
1557
5236
5136
10196
12868
14309
5636
11956
1430
10993
11013
10386
3758
11048
13432
36
4380
9734
2852
3050
1641
3908
2891
6961
9538
10979
11305
15752
625
12727
4960
3510
6611
11397
4195
973
1559
342
2281
4668
10119
14826
9327
11147
7007
14414
1019
13309
12106
13579
6575
13499
1731
7298
10913
10263
13693
6555
11928
13127
15980
15800
10345
2798
3665
1446
9001
16206
11289
5121
2136
4702
15271
3170
5482
794
10178
14903
999
24
11840
13985
3121
10729
2561
12284
10324
1527
1618
6541
3401
12107
2134
5456
12860
3660
11946
3770
11948
15227
12496
4875
11287
7761
10179
364
14616
11864
11044
7953
15580
14462
13364
11207
12592
11971
1546
7385
14688
634
10530
9495
7916
7835
2731
2702
390
15540
6065
8057
2115
2928
1273
5468
11789
16070
7655
7444
3004
1090
2605
1820
7301
1863
2970
13999
5471
11219
4203
7248
11046
11244
1335
4320
2255
12645
752
16082
2707
6227
7084
10296
7323
8102
1525
14257
13628
9874
6778
7768
4457
587
12482
6590
161
10402
4686
13197
6398
15515
4793
2147
4333
6208
993
16053
7158
15618
7847
1242
4874
3453
1728
8743
11600
13211
15939
15809
14620
8036
10440
6656
14903
10526
9444
13507
14884
2743
1540
66
15473
5816
2770
543
10344
7902
1273
10419
15009
9834
323
13223
3016
16187
12266
6193
691
1905
3465
8703
12797
6366
15687
530
11055
6871
11584
3123
7525
8707
10757
10720
1287
4115
13605
7715
10357
2299
9086
6129
9222
7181
12984
2667
11808
15557
11829
4002
7184
15223
14735
1891
15944
6162
4429
7849
4978
2805
3660
9522
3724
12285
11204
3266
8710
6057
16063
367
16228
12692
6011
6493
5035
12049
5512
3590
14422
7965
1042
3877
3473
16028
10284
3870
6991
7471
13253
3717
1602
11846
4554
12847
15681
13023
13292
13286
7304
13526
11328
8290
8951
2484
3582
10803
2231
5607
5721
10462
8397
16327
12692
436
12240
13617
14980
10541
8146
9554
16365
10799
2499
10918
4851
14729
5694
1585
284
14726
9992
13362
8506
8879
10955
11420
14018
7183
11752
1703
6333
9935
5629
1782
5841
3018
14652
2317
12650
5030
8241
4150
2088
10526
3477
16163
8715
13019
1262
7835
1900
3781
9198
9
8125
7190
7706
4364
3658
6762
359
8080
10028
11240
15232
15403
12470
12927
1988
14707
1631
7027
5496
12778
2971
1084
5288
1331
9715
10019
14042
3758
14687
4988
8998
1271
3960
11625
11265
1621
11253
13162
1533
5314
2526
2672
15482
10790
12719
15116
14315
11250
11423
13325
13987
6870
13215
7695
1656
11412
2301
6576
10763
9997
13027
1784
3093
3038
5356
13690
3907
12505
8696
1436
9943
176
11031
12324
1646
1700
12769
9074
4043
10171
4121
11852
11003
12614
3976
1508
5758
4329
9782
7991
1896
7540
2271
12830
13946
3001
15046
11797
8345
3098
9843
2304
9618
1743
3490
12428
13870
2292
5127
4454
1350
5872
8762
1299
6229
11667
5864
15685
13918
5358
13252
8377
3959
321
3789
12006
6634
11751
3286
8946
15313
13215
2111
9178
7889
5172
4295
12370
8923
4214
12350
13171
6169
1563
13481
7008
3622
6849
2518
8006
7795
8873
7151
9023
13951
5624
16292
12911
3376
10911
9950
13993
14383
11226
5187
15760
3609
2488
654
12275
6972
1745
4686
12238
4916
9351
8483
10910
11690
4206
4802
11368
10652
13072
10693
16377
2908
8607
15718
9369
1553
2221
10713
529
3705
5404
4413
439
14867
2278
6256
3405
12697
12719
547
11882
4602
8531
10420
5774
16057
9815
1337
5308
13130
15734
54
4056
12858
5983
13641
15473
9788
8088
3462
4500
13215
6990
4430
3471
3257
1096
14273
4766
2521
10203
14500
10839
2776
16286
904
14470
9068
2541
12620
742
6760
7594
4352
3115
6850
16118
5699
11190
6832
10107
14903
34
3711
13605
11386
4890
15016
4217
8065
3781
2584
6043
15444
9007
12678
4669
6109
5717
11578
14518
9622
5017
6408
5038
15179
10246
3632
10781
13045
8831
13592
2629
5911
12461
13350
7717
13343
12579
592
2805
9333
1598
13719
8084
10861
5862
5799
10106
10163
7658
13129
12211
1802
3621
3411
6418
422
12250
11293
4623
13872
11798
9044
3298
15146
9059
13659
294
8098
10996
16056
5508
1015
16353
3189
7920
11531
9024
5734
10843
2641
5456
8661
5810
16014
14158
14802
11425
12269
2363
14848
1549
15478
2273
1805
11007
6294
4809
12139
7304
10413
6772
12950
13017
13374
14140
10960
12339
4778
10529
8724
12685
591
1279
12774
8498
5790
5104
7429
5142
10912
4324
12641
16266
15384
13115
5969
10457
5621
12813
15993
2334
14406
14428
8289
9553
9025
5114
449
2688
11607
13387
12001
12008
1249
428
1986
440
4562
11028
5812
1370
12106
6574
13691
5791
5609
2231
2701
10939
1283
896
4566
820
897
2095
5206
13173
10143
4649
6597
5200
13882
3903
9684
11038
8690
8904
1716
2785
7211
11066
11994
3913
7572
11541
7253
13425
10285
10073
15647
3225
3081
9219
13613
12396
2208
5200
561
14648
3631
10998
13855
3974
10374
7461
5115
10343
4120
11933
9610
10649
10757
8699
11428
15065
15322
7517
6679
8408
3746
13845
8780
12233
11534
11406
375
13600
5657
3462
13086
3519
4423
4247
8458
6688
4466
14153
9993
14467
9470
13784
7181
2786
1206
5144
7393
5826
8361
3706
13792
10852
9356
8188
3792
13741
12902
5963
11879
2094
4790
10750
2563
15625
858
575
7629
1705
6106
11002
2117
1094
7170
12647
1400
5419
15641
4781
2819
7354
11626
57
16297
11132
3959
15623
2429
1440
6180
6135
863
7887
187
5630
2013
9622
13262
16347
16334
2410
1258
15121
12389
4821
1276
7238
12674
15444
2700
8766
6920
15528
8846
14129
3332
10768
13598
13434
11689
16258
15717
2820
2808
15865
15622
1013
11553
14044
3718
9044
7478
8509
11768
10719
5575
4486
11966
1148
942
14406
14899
7507
4837
2127
8369
4169
3600
1208
12742
1617
8184
14242
9455
4731
12832
66
7854
8585
2808
886
5401
3478
10135
6074
1526
15401
8783
6487
1929
6970
603
12555
214
7593
13461
15539
7770
12112
9308
7646
7763
12807
162
13180
8797
11744
11497
1605
4089
14995
8548
15096
6626
8745
8106
14334
11492
1785
9304
7672
13503
8051
1990
117
13647
15361
13739
16228
14097
3625
2593
14513
14210
7192
11637
3498
14468
4813
11666
8915
9615
15770
294
14050
13579
283
5382
15799
4158
9362
773
10427
3859
295
8759
2732
4990
1587
9798
1178
140
1597
5577
11402
5143
1379
189
3353
4995
3539
10734
12646
14776
1881
2597
3918
15037
1837
2014
9024
909
11844
11111
16180
8961
1705
4282
12695
4140
12064
3607
11397
5312
3259
2405
5522
8407
6613
14298
10364
4302
4572
9668
7192
4074
5219
1589
13551
1199
3063
3869
12788
13761
9727
1111
4047
12536
7880
5890
13730
14552
5897
11696
11667
13095
15467
12735
4882
10231
7879
3298
11143
4878
14122
12167
5688
5925
6980
12454
13273
12313
9333
11375
11185
13717
5170
15229
1798
7188
6574
16348
12256
14777
6100
16236
414
6862
11737
3122
851
12246
5461
16166
2071
14773
2162
12668
5756
10590
9894
8171
15966
12455
1733
15136
4471
1890
7723
14864
6029
1346
1328
15733
92
16196
8162
6528
11721
1956
9960
16028
14215
8846
350
15013
15131
9137
8818
2138
12664
13275
12544
15513
981
3426
9467
9042
11826
8155
11582
14502
2327
5751
4544
6509
8120
9171
360
14246
3106
1909
16336
5163
13093
13186
6713
15718
5709
13195
4254
14885
2606
562
10982
6650
8333
6138
16305
15648
260
2972
11449
16303
7980
5293
9550
992
13044
6097
897
10342
10875
2056
3636
16301
1484
15385
8267
4832
5299
15532
12326
5632
14507
7530
15679
10229
5450
5946
14718
500
7731
3326
11643
2630
15473
5747
862
12834
7061
9081
1733
9591
803
5686
15053
8164
8257
10686
2334
11494
8219
14671
13877
8296
7524
13301
13806
14981
7427
2669
8473
10240
3223
12216
14998
14068
5923
3519
6150
14766
12548
13495
3780
13274
427
688
8121
3090
3293
6017
13731
728
1128
8767
2832
9017
9642
15320
13175
1746
5763
6276
9450
9638
3289
3055
2946
9637
10237
8863
11745
924
649
14943
5120
13805
11497
15244
9114
11521
6932
3888
14407
14657
745
9240
12455
325
10873
6522
3413
795
13121
9166
3697
7797
6234
12711
4529
14412
4375
10661
9592
11908
3385
11770
14047
4933
12653
9834
14127
9186
11387
1936
2662
6482
10805
6859
11297
4359
2718
1468
13397
14831
9164
5775
15669
12223
803
12153
8592
3828
12680
492
6009
13729
15143
8397
13439
14231
11060
11361
558
12376
5137
3133
8911
9656
14201
15687
6012
976
14861
698
831
4363
12694
5490
2085
8481
11029
10690
13140
11803
12714
11803
11620
9715
9114
60
3957
1002
4447
12330
13042
929
13069
3329
14417
7368
9640
10597
6832
9597
8899
13940
3761
2735
9219
12226
15897
3957
5959
8646
13096
12293
13781
11622
15035
3076
10932
2026
15023
10241
1924
13589
720
5144
14718
3217
6492
7469
13981
12822
13366
6480
15804
2691
5066
457
4761
12702
15465
4957
7526
14287
345
310
1377
160
8781
6367
14075
12862
6024
7710
779
8439
961
16194
11545
12038
8837
3106
15553
4611
580
13952
5280
7025
3680
14012
13171
15626
9965
8578
14369
3699
301
7068
11826
3906
4989
6789
2887
789
13014
15897
10067
6664
15368
4340
15834
4285
15964
13709
16119
8589
10075
234
14221
7289
6734
15049
7411
11433
1102
10542
10577
14493
2636
2808
6640
9368
10831
8050
12101
4933
3729
898
2446
7589
13521
9867
8173
13398
3040
14715
5687
1347
591
9336
11852
15274
10448
14477
78
3605
6884
16224
10969
8505
8490
7394
9543
8278
9727
6814
4319
10083
6683
2850
1399
5018
12342
8530
16072
68
2390
4763
12009
10226
9178
326
7855
9125
15303
13025
1084
7784
8800
3101
9111
12708
470
4890
16044
392
15744
9339
4436
2248
6546
9425
1200
13852
2991
9475
11364
15448
6145
11835
11024
934
4806
536
14042
13402
8932
12888
9085
9978
15279
6769
9783
5854
13423
1524
10571
10834
5060
5763
12991
7511
12973
12736
10200
12204
5199
16201
15918
7519
12220
3553
4323
10454
8570
15582
13391
13043
11515
6830
8704
5579
9266
3575
11337
11249
2220
5050
4251
11910
8899
6006
12448
14666
3516
2412
3305
3548
12949
12861
10630
6422
7950
7699
12064
5071
2740
1735
1912
4881
9765
13009
5181
3729
8671
2902
11866
208
9248
14315
15899
6767
2895
3583
13186
14925
8909
11136
5789
7832
14628
9012
10858
3773
4063
10462
14530
695
2234
5990
14019
4031
8734
1436
10361
5780
2207
684
8679
6137
7179
5360
14932
15728
3074
12819
10850
10131
11225
2678
2586
8188
5609
9984
11401
6999
5985
7404
8081
16236
2529
1817
5090
1823
11567
7775
13665
6781
6362
2163
14945
13995
9747
7776
9261
1131
12577
863
9257
15850
12452
1102
931
10093
10405
15648
8522
9764
16268
8829
1205
4230
5764
4591
14211
399
12418
6792
14436
13027
3066
5577
10871
5517
12235
5391
5810
12623
15190
12656
12779
12047
9371
4971
2774
13608
15910
257
6556
15777
13416
395
10283
13892
7769
11241
2945
14860
15714
8874
5781
14603
719
13966
12944
13563
1170
1322
15563
448
10932
5723
6490
5422
6932
10656
12900
1087
6714
13148
16159
3388
2045
3859
8000
14514
9241
5918
14941
13760
1254
3933
8022
7695
6338
8579
13031
9600
15922
10665
11375
6977
245
10548
3941
11038
1329
458
2600
4674
9459
8874
1323
5992
10306
1459
8788
9423
8928
13315
2852
15176
13079
11105
1331
2586
5219
14619
14719
14588
1051
13108
9836
998
5970
270
12178
1064
12944
9129
12982
3727
6573
14838
15156
13483
13274
15697
9671
3783
6994
9432
13536
13301
13197
9925
10000
16301
674
717
8336
5610
13141
448
12829
9681
11632
9541
10094
8023
1659
4357
2851
11618
8510
5666
1304
6195
16368
10094
14552
14649
13923
5826
10946
9707
6948
10295
16077
8966
12638
2619
3105
11543
6019
10707
13903
11476
9476
522
8197
6314
3484
11748
12213
425
1610
11001
8337
9285
426
4276
10185
1155
1508
10078
13816
11748
1727
11129
460
4442
13994
9132
5162
16365
9420
8212
13756
1310
14245
7334
16264
3251
2584
3732
10343
11616
14545
16223
6948
9839
11109
1689
3242
9994
2251
2984
3543
10633
3791
8854
304
10872
4786
1632
2779
5620
10998
13207
3207
775
7774
1600
61
3094
16293
12128
2243
6793
5003
4170
15533
10667
4709
6323
2181
2
7188
9708
1279
9375
7314
4063
15165
14566
13711
14924
3748
2739
2039
5148
722
63
15813
15031
12311
14975
7141
14076
1702
8424
5397
5414
7168
6195
13010
1379
13881
12697
6438
4252
6584
14479
6590
2936
11433
15059
5782
2661
12408
5147
9590
1062
6077
10880
12106
10176
14342
16094
14715
10741
10445
6268
5160
9153
7303
4209
5526
5530
4673
16222
10130
1085
15386
1142
10541
3510
2409
5869
9105
1656
2071
13407
14461
14899
7273
11478
1638
13310
16235
3839
6175
5549
14543
15671
1453
12826
6037
14943
9515
10641
12118
3607
6748
5698
3973
2101
8134
11805
8622
5676
6585
1577
3673
5133
10413
14107
6006
417
13871
4573
11546
15658
6601
14675
4053
10595
5146
1041
12184
2965
953
577
5436
15709
14039
5359
13095
9336
13745
2771
5701
2819
5673
11703
2922
5825
3178
13458
7032
11108
12829
3941
16234
32
2426
8787
5520
5646
1175
1140
5065
7597
7954
7263
5103
8564
11071
9222
13827
13403
13212
6166
14646
2303
228
7996
1433
7546
12301
296
13898
12216
16308
9632
6274
14981
11529
10460
2905
6489
9028
13081
4547
7325
12671
14498
6633
1607
7578
12885
10896
782
8393
4006
1746
15523
8739
12086
13537
9044
2705
1494
2162
5416
1013
4712
9643
15945
16119
4294
10335
10805
6818
3100
891
5684
10493
9612
16072
10671
326
7052
13733
10729
9507
7670
2832
7993
751
14840
2975
11613
9680
9754
13483
6838
3714
4967
13698
4152
1573
532
3153
4487
14129
5833
3636
12251
15687
15156
7804
3983
3129
387
13175
4112
13876
15728
5444
1243
4377
2069
7179
5088
14330
11830
12491
4529
13315
11125
7546
5961
4773
15720
15015
12606
4521
2789
7288
13658
11135
13462
4316
6608
30
10411
1764
2146
4336
412
3733
10600
4474
3409
11521
14703
13281
1493
7153
9
2108
14631
6079
1283
1079
9523
6640
15932
818
1964
5075
11975
4026
7332
9718
4236
1673
13353
6401
14642
159
3887
8383
1352
16068
3684
7524
14525
12184
2532
4275
10970
8683
12905
12740
3729
12973
11766
8719
2950
10283
12791
6947
15779
6425
8238
11998
643
11990
7978
13739
1390
11506
13353
1279
7609
7817
2694
1156
5306
11069
12289
1366
9096
5775
6910
7101
14447
13052
8856
9658
10697
14716
11053
308
2745
10664
5241
2541
15277
5418
2356
12117
83
6166
7230
11144
3404
8655
3597
13915
1599
8593
5379
4357
7252
11236
15902
15437
10299
14513
3986
12092
1898
8726
5110
11376
16009
2017
12616
5416
5340
14130
14119
15654
15738
11459
8448
10177
12602
13044
3048
12600
611
14089
15703
600
1641
2127
5511
15650
4149
893
383
14486
13142
4715
7159
2131
427
7554
2783
213
4522
9991
1568
10688
6733
9727
1750
14135
11644
7170
6116
8438
3149
11535
4633
12842
11501
8323
7215
6894
14292
8366
3462
13014
15566
787
12664
5884
14928
1582
14333
9779
14178
16329
10757
5779
4865
7701
5947
9358
735
12523
15739
14998
12117
1065
15428
9153
3406
11851
6727
5861
10448
7203
4200
15474
5737
9649
5352
5408
13376
15760
8851
5700
7794
1811
14073
12342
8520
2412
7786
14774
7018
10741
13095
6045
10389
12580
4783
5876
16346
12310
7806
6009
7292
247
5417
10792
11122
2096
12341
7209
9176
2712
12267
5334
8073
13550
7115
14314
5497
15933
10641
5415
1821
13027
8129
14046
2207
9155
12085
1772
3912
8893
10656
1471
1268
10523
16294
14320
6873
9700
12879
6706
10960
8660
7858
12556
13286
1325
10468
3334
12441
71
7420
3721
6084
14182
8615
4775
11944
4669
5050
7653
13161
14476
2469
10576
9197
7134
4009
14288
4916
4995
8576
12681
2953
14934
311
14075
5889
7538
11809
157
6559
4725
7466
2985
10359
1410
9052
15201
1751
5452
15048
3684
6348
517
13287
1288
6054
3720
8571
357
7960
8054
3840
2230
14079
13193
1818
1735
6746
3717
12744
14700
15258
2139
13606
9710
10637
4012
5732
2529
5394
4294
13916
10352
10043
1787
11866
3083
1597
1122
5949
1457
14866
11209
3161
14493
3591
10588
2757
8946
11548
16191
14582
3785
9393
9684
3723
10378
2902
11460
14643
14984
14193
5922
8486
14974
13183
8925
2423
12804
12840
6837
3959
12750
2592
690
7486
11095
15365
12494
5150
15331
406
5251
3386
1320
12874
3289
5597
13665
8861
116
6604
4284
854
9349
16252
7071
3980
9478
5891
9922
8664
7056
8144
11768
14246
8986
3493
11930
4850
12460
13226
15476
3353
445
14873
3254
6569
12311
9321
4836
9819
3280
10687
5903
3370
6995
11495
12567
13227
1270
6129
232
9115
15192
9575
1124
3892
7284
322
7102
5549
9378
9913
9340
4250
5498
787
895
641
2739
3511
9084
14131
7262
13303
2825
12596
9333
11388
7715
1438
1965
8222
3035
10775
9142
4067
14593
13621
12097
3509
8398
5572
9653
2030
8650
9186
4621
5063
1682
3912
14627
12553
5968
12029
9774
2341
12512
5951
15358
12611
3434
15777
10810
6818
6104
16055
14905
8190
7214
1710
14971
10641
8226
1816
15188
4030
6041
8798
11204
15922
15400
2320
12520
7396
9525
4345
7968
1057
9114
9152
1387
12995
447
6608
11638
3084
14612
5400
6899
3448
8213
6631
15804
14027
3587
11626
9327
251
677
15210
15666
15074
4613
12863
1465
6122
4524
14147
8386
8535
9660
13050
8605
12152
8900
13032
7008
6054
11893
16207
7547
4045
13382
7558
11796
9628
9209
2701
1195
951
1306
9151
12546
4274
13801
4475
10186
12631
589
13301
2256
918
1873
5618
6760
9011
13391
2428
317
8355
1196
3662
12392
5385
7504
14584
3034
14319
12666
2402
9849
15212
15240
4721
6276
16259
9603
25
12232
16363
1780
6694
5674
8216
6470
15986
9157
3228
11818
7149
10042
1307
14446
6033
4950
5178
1300
1281
11535
5203
12095
16339
10613
9474
9245
1966
12039
5010
1565
9206
9895
10320
13555
7727
11642
9499
3641
5570
13187
9476
2849
306
1703
4162
7990
13942
14863
13130
10722
6252
14036
3946
5767
2464
15417
13815
2408
2595
2330
10024
7261
8846
2751
14138
1266
13782
6670
12306
8376
13401
3651
7103
13989
15001
13666
4264
14549
11706
5454
6758
1674
9696
6347
8016
13481
10805
6247
15792
14348
11757
6072
8265
3547
7517
2109
9987
5316
12974
9752
6805
705
3477
251
3219
13049
9066
11137
9936
2857
1742
4731
2851
7678
7106
11392
13035
4571
7038
13693
11880
10025
4924
14937
6477
257
2480
10844
6147
9123
12486
1295
3477
7986
3792
10579
3055
1051
9087
1138
13728
14320
15858
14685
4886
3663
6877
15885
942
924
15585
15283
3343
7853
15381
6236
4001
15193
8132
7734
3869
12732
5155
12733
7132
11739
6099
11301
15060
3464
918
14098
5393
3135
3406
8195
8576
11689
13745
13639
2686
2449
3994
4798
1974
14046
15335
2103
1805
4590
5512
4947
6560
7537
11858
9349
15245
4768
1392
9268
12516
28
14788
9933
9273
14920
11089
11344
8470
14705
5737
8350
7018
7844
7315
679
1758
13066
3471
10187
15106
4007
3980
11402
7413
6118
7043
13052
1848
13530
8029
2932
15113
133
8844
5136
10575
12321
751
11431
171
4985
4248
318
191
14497
7391
11971
16342
13656
13414
15606
14642
1899
2339
3257
5593
14696
4607
2221
2534
11413
6685
6097
9792
4359
2695
15757
7533
8595
2695
11288
10346
6561
3645
960
10262
2391
15281
703
11131
4629
14041
5923
4361
5342
14003
10810
15589
10330
1037
4660
9947
5757
5073
2907
8897
8151
7733
7706
5975
10664
9326
5838
8733
3305
5413
1202
2915
9840
6489
2278
6754
9641
9272
9630
3278
11021
9914
9368
7458
4154
6858
12854
25
10975
7860
1541
9047
16260
8944
2272
8892
9365
740
10135
12807
6637
9415
4696
552
8827
10708
7979
14620
4226
580
12027
4130
7869
15036
14990
3253
7849
10563
3056
2767
14597
10345
4469
3111
5024
449
12847
8410
1635
15426
10164
15445
4033
13710
2008
1932
11349
4058
1795
11569
8896
6423
2735
96
852
13059
4471
10820
11601
5472
15677
5307
10358
1187
7316
16333
3505
850
6837
13452
9249
7745
14737
3991
2840
4735
13641
2912
1581
11592
9536
2670
7804
13708
12960
8656
5365
9503
12934
11377
10868
6015
12904
15168
15489
978
1322
1925
4087
11602
5281
10477
3160
6546
11798
679
6106
6093
10182
15573
8154
2473
101
8758
9026
13571
15264
384
7009
6005
9828
12118
13720
8109
10945
8030
8367
2667
141
6590
4565
3162
9928
15306
15969
3800
7295
11313
16209
3895
1461
393
16353
7221
12568
6226
7695
16279
6805
3136
14307
15773
10248
13511
7402
15950
9432
2562
10659
10070
14368
2453
12637
11378
12385
2817
3099
1058
3013
10664
5101
12063
15732
13647
6133
8492
14882
7019
15458
31
10036
5177
5457
2669
5130
14611
5871
13344
2303
5587
11979
14266
15616
11412
10143
671
12791
1769
15270
8717
6508
12888
7841
9027
12258
15363
8143
6751
7514
8897
3416
16331
10564
15345
6541
4031
9656
3282
8974
31
8755
2926
5280
276
6495
12044
2597
710
12850
13866
8806
7187
5130
3350
7068
4434
15818
1495
14086
7553
4797
1160
1122
141
14189
2717
11121
3283
14711
10216
15332
5194
1503
9298
678
5001
12850
12628
5072
15223
4896
3752
8265
5788
2196
7324
14862
8418
3725
13039
15673
5275
8226
12493
7377
11851
13277
5503
11137
1913
9540
6580
3991
1050
4426
11446
6250
7133
6946
2393
4645
6969
13538
6348
14121
3656
13307
6166
8277
11763
9436
7016
11115
9708
4178
2669
9541
7020
1292
11721
5531
15701
12085
12648
11328
2108
15903
11817
5417
3866
7141
5980
3875
4735
11610
9886
3655
5413
6681
13638
4198
11601
13585
14532
9149
9638
11408
8534
10488
6061
7190
5626
6129
9531
15026
10243
8580
11393
2701
6304
12392
9035
15729
8906
10535
9462
4311
15680
2622
11599
4167
15364
12660
1432
957
14859
13539
14483
12030
477
2364
2037
9850
9009
1491
4349
14070
9813
7359
5940
16066
13379
8736
2589
5359
1024
120
1081
8248
12210
9548
7202
14562
2701
14696
15407
7654
11891
7201
10152
10032
16280
3689
3110
12362
344
15260
12508
725
3899
8624
14083
10057
1237
1834
855
2451
215
2401
6624
11113
12454
12543
9271
12527
6999
4955
7755
4588
7114
1220
3745
5491
12185
11134
970
11343
15962
1665
15249
6108
12362
434
9454
10054
14833
11508
10766
15148
9488
11370
10568
14391
12353
6402
92
13751
2414
7473
1940
6351
14256
2884
7305
15977
4777
10646
11386
16138
5209
16280
7672
2212
1901
503
9709
11775
15588
10721
402
9768
14551
12371
8456
16115
15098
16109
3850
9134
3982
6537
15181
11996
5942
3945
7996
1907
3948
7833
877
7271
1939
2853
13186
2422
5176
3094
3411
12762
4877
10145
14201
10403
2045
1665
3689
7939
13884
8800
7259
4367
14119
9841
14933
8703
5190
6157
11224
14741
14382
15278
4227
8829
10034
8446
1511
3031
7674
10593
41
13833
5092
2669
1593
5689
12318
1924
7501
10198
13335
10876
7591
8887
319
11920
4072
4135
11970
4282
10647
4888
7228
7152
15008
839
1868
1060
3891
12370
11322
1448
13312
415
5236
9395
8576
10266
11545
549
11210
305
10294
1202
16326
10502
14991
16080
5365
6867
1330
14497
6006
10343
12762
1049
6048
2931
13852
5819
45
10317
12544
1772
10662
12031
9396
11037
2121
14829
7468
11013
14016
11300
8142
7349
2293
13026
4074
13607
10748
13875
15833
7712
4851
11134
197
13566
6310
13614
1279
8425
9413
50
4113
3788
3655
11004
2538
10457
2894
10527
11455
14923
7772
13746
3730
12487
6278
3362
4664
10014
6427
5581
13212
10627
12900
15741
57
2751
11575
1811
7457
13103
13013
5230
10224
12661
3161
6838
5337
11302
13262
7091
8161
12899
8708
4083
15479
1306
2044
2184
2914
12156
12595
2326
3310
11609
7390
3217
13047
2080
1057
2178
8063
12897
5703
10659
3109
6570
3619
3632
4782
696
12652
13506
15397
10160
1049
2297
6222
3919
13585
14984
15168
4226
12021
16027
7691
13589
620
9542
14210
6989
9224
6599
9246
12713
1658
10822
10376
7471
7608
10559
16214
542
6406
9896
12056
1748
12057
1307
8045
10275
14386
9642
9975
8724
3101
3392
8161
14170
14760
10414
11853
4920
7331
1873
9913
4840
11066
12392
12730
4588
12142
14551
1196
15556
11679
3010
2035
9038
12956
11700
14569
7896
15883
15886
14039
16155
9153
14411
6865
9525
7754
4632
6379
7489
9173
1490
11475
4499
446
2513
9261
3961
4665
9647
1040
3202
13737
15696
1333
13227
14518
5309
12484
7646
13879
16271
7148
9497
15756
7379
15923
10403
13825
11641
5346
13679
14683
15186
16228
4272
11288
14383
9282
5627
3479
11707
8099
5243
11902
13584
5816
15359
9252
1316
5401
1806
12600
7167
15773
8616
9187
8844
9211
457
9892
10429
11275
5069
2910
13740
10289
15301
7673
11907
1390
12022
2692
1487
10858
13531
5283
15757
10606
13148
15130
10524
5501
11693
9408
8586
8878
10338
1881
5421
3345
4776
10144
9685
14759
14560
4173
5690
16107
13449
11953
7112
12219
8201
405
11455
3311
10771
15093
6243
14927
16214
5040
6360
9050
11824
8773
7963
941
14786
2566
14825
10039
11963
2113
6681
1795
9314
3187
6052
3362
9499
13418
5478
7445
12694
4588
4921
13342
3344
5572
15271
9251
7995
11529
6705
10230
12233
2132
241
15605
10119
7464
15906
3345
10469
14691
1725
6467
11281
5896
7368
14366
3984
14979
3253
763
9299
16066
8012
414
2333
24
11364
16319
10468
14674
717
6189
3763
10023
4943
6210
10622
15651
6759
5738
6063
15031
7070
4183
5608
2125
1514
1859
10537
14576
1575
15787
10428
2922
9882
12826
3705
6454
10282
14790
14533
15370
2651
14762
8186
1505
8787
7858
8431
11627
11502
11392
9754
3772
1141
5792
12485
1341
15113
14989
2499
6047
6142
2822
5224
12767
6132
3553
8854
6779
13884
10427
2049
5493
14140
13053
1853
2237
10164
4628
12844
13156
10773
13002
10955
13454
670
11527
3290
6207
15320
4984
498
4151
7178
11026
5739
5287
6384
5670
4671
2225
15841
14837
11053
4089
15644
11083
3520
11944
584
13820
5657
533
12597
12627
10633
491
7658
12033
10142
12493
16009
12684
2035
6155
8543
15241
16155
10339
4906
4930
6470
13841
5509
11656
3572
15730
5559
3432
8946
11488
590
71
4965
16173
4138
12191
11072
9230
1458
10771
10401
9796
273
4375
13848
5164
7671
2112
3960
2880
7188
4315
12510
3855
12400
1525
1129
9216
6241
9590
5385
5817
8806
11104
7114
9401
1569
13052
870
2985
7914
8948
12256
11942
9576
14224
5588
768
4475
14226
3521
10759
5794
11243
15345
1330
14360
8580
7349
14742
15808
2696
6528
10188
4365
11284
11807
8835
6115
11293
2077
1968
10321
6304
8666
6456
309
8542
12412
14324
1239
12668
3965
14602
8671
2877
2974
12881
10334
4784
12879
12283
11315
5070
5763
1707
3470
7988
9016
8778
8955
748
10659
14057
6002
11001
8666
7613
12075
7971
10475
8479
12377
5708
6955
1463
15233
15855
4046
13832
921
12060
8133
9859
10914
7175
6019
6159
6254
14823
14049
4110
2572
13586
4420
3516
7462
14696
9822
13189
9150
16332
11786
12809
13644
1175
3839
11683
1028
636
5371
10098
12862
4802
16040
5709
12968
12224
15720
12276
14672
2406
12003
5161
4197
5406
14670
3782
5121
9313
7090
15774
13049
9609
10685
5519
10222
3285
8119
7078
8953
13704
5025
1683
7385
1994
3336
13573
7893
8003
8269
12907
14509
12597
10576
13436
13663
3895
12158
9134
5985
7634
9396
7415
3940
14088
12042
12009
11318
694
5659
13949
12717
3932
5935
14254
8328
4639
7225
3286
15951
3752
6537
10346
1545
10615
9173
3790
2849
388
9975
11285
3222
2665
10652
7116
16020
4876
3167
5392
2030
11631
12033
10871
2650
7271
1846
8478
6325
10957
8559
14337
10022
7366
9621
427
5708
3265
11418
16383
11867
2500
12841
1336
6710
6540
12519
12903
10118
1481
10576
8428
4776
14422
10551
13501
2669
14292
1001
12691
4519
11210
8130
14380
16170
3735
10328
8375
16342
14495
6722
15927
14364
12926
16104
10611
8407
12933
13856
5132
9017
10817
7413
11460
4824
2913
5255
13578
13215
14188
14747
14793
6321
15466
1397
14609
11789
797
14672
15654
11863
9720
3279
6121
6340
3168
11819
2569
3233
11291
8725
1303
3693
8452
9909
8322
7676
11620
6239
3818
2365
2388
2293
10137
12916
6516
1896
13487
11267
10155
4667
7470
14325
8711
2696
8755
3748
16234
772
3317
16357
8504
8256
10476
8466
16314
10358
15257
10719
6644
2600
10574
16046
15094
14916
10445
1341
9470
15955
13301
10813
1662
1614
5801
1537
6239
10181
7893
540
4244
15408
5426
15244
1843
12896
15761
11877
12805
11637
3141
389
8542
3386
8365
12298
13219
5282
1533
6533
58
9256
2666
1098
9823
15518
7274
2043
5835
11766
11638
7216
3200
5680
2473
9031
15733
12373
9917
13742
6171
12321
7401
1030
9551
14866
13816
7529
10884
6832
10425
3431
8905
6908
10713
9146
16112
16363
5825
12677
14881
5994
5248
1639
4324
8767
15168
11006
4532
8568
16090
7120
13706
11779
16153
12661
12297
8003
1543
3389
8036
4235
9095
4513
6026
15582
3919
13577
3458
4283
10263
3710
15066
13632
5645
7330
6164
5182
7136
4312
10387
4280
12041
10459
12907
201
12752
2455
9357
14771
14727
12600
7008
8229
13931
4066
12031
7075
1654
10223
3236
13853
6838
8723
15663
5438
12592
2184
14981
4578
2465
8770
7670
2301
6238
13218
1288
7427
8692
12148
16309
10521
1414
12548
6202
11421
7366
10213
15612
12
8278
10096
8973
235
11513
585
10168
9342
4117
8143
8605
172
5899
8753
323
7794
14852
16227
3017
3851
4732
14545
14179
3486
15010
14353
3752
4921
909
2956
4513
5951
13289
11316
14104
641
9984
7039
3385
14479
13045
12244
10878
13242
10095
12345
9808
4438
5929
10462
12610
6754
15337
10249
8149
8112
6313
11434
2201
461
4428
14114
14124
7308
7244
11795
6160
7829
8877
7148
1829
12421
7323
3371
14617
10114
2119
7830
11164
853
9478
16286
14004
14321
2257
12898
3768
7902
12485
2371
16313
16014
15715
7712
1184
5029
5869
12546
10483
4748
2339
9576
11981
1380
3534
3014
9244
6303
4585
958
1530
9868
13295
14837
1507
9748
1756
15789
15224
11109
11980
1635
11700
12419
5435
2316
14979
6711
12837
14818
11163
16060
3806
757
10846
1583
3977
10398
12791
7395
7667
10287
4395
15954
3912
4306
4508
2442
7863
11142
13263
300
6528
10215
3877
8610
397
9003
11511
14446
4119
8541
10030
7631
14078
10790
10156
6514
7258
4001
6851
13642
3293
437
6319
5590
11671
6673
14774
3716
14560
8768
9772
1951
12721
4986
6530
12494
9218
15120
14133
7280
4796
150
691
14183
13433
8321
3926
6791
9744
1115
12185
4666
9582
10825
1854
3864
8194
1274
15850
1837
12205
8530
2225
14338
6130
9425
1968
6991
275
3669
11805
13051
8225
197
6793
12297
6043
13026
6130
14732
9668
2104
103
10510
11560
9589
3878
2236
9854
9533
10924
2555
16023
13790
2497
1196
5587
4632
12519
1594
8726
14804
11935
2318
4926
3396
2645
12491
2888
3582
5282
4781
3042
5377
8276
9304
1716
6445
7925
3224
5644
13802
3093
5702
7698
58
16040
12962
6220
8371
103
9150
14442
12606
8696
13791
2469
11116
6872
1804
7775
8087
15909
2247
7979
14504
9814
3967
7221
15574
5259
13717
3365
6785
7411
7570
10206
1857
7137
9420
7211
13456
14653
3849
589
14309
15059
7994
3137
1787
9872
16319
13512
5062
1266
9089
10115
15153
12119
3865
2446
7752
2027
11467
6654
14258
6273
2849
13596
4038
6012
10030
3580
13657
5525
9270
5323
11004
10964
3877
6252
8816
4557
8256
9867
13604
3760
15652
9646
10002
1982
7179
14521
5575
4607
2895
7840
11790
11242
3831
14850
3623
6694
9381
8742
2991
15753
6578
456
2278
5408
11368
5239
11001
913
4028
11232
3409
15721
14298
3802
9976
13309
7052
331
16361
7449
15335
12247
14446
14313
10850
6733
9084
9542
1951
11091
4205
3555
13676
2398
13110
4474
6175
594
12943
293
15636
7334
7628
15848
680
4655
4568
10260
265
12266
10606
7927
11830
6471
15388
5271
2377
2713
2460
9506
14117
12933
3621
5114
3341
7716
11368
9099
12005
6224
8422
8245
6325
14236
13856
9672
10251
12806
2879
1208
2805
1537
15115
14336
6829
234
8258
5451
7720
11248
14048
1781
10248
3966
6208
19
1904
12516
9724
3903
2570
15073
6418
1789
2138
5561
7540
8995
8942
3960
5048
10273
7725
6616
15418
2605
4182
11929
11778
12948
4891
6900
15400
13584
12489
3428
4098
5265
7818
14065
1842
4435
1524
10386
1186
15059
14619
6944
2651
1770
11096
16164
16130
13249
14333
13959
8198
308
442
13806
14105
7276
4959
3016
3014
5494
15595
8899
13893
3211
6101
10716
906
11869
8890
16330
3897
15947
13424
514
8184
12365
2389
4429
14091
3518
9679
15863
1187
10955
14678
5599
13587
14290
15589
4910
5716
8383
15222
4093
8985
15577
9158
9335
6501
819
5132
6695
7415
15335
11100
4576
5573
9719
12646
14815
246
3776
12542
8432
161
12063
1263
7867
2619
6508
13440
10026
185
12529
2283
730
5228
6841
6336
12931
12714
5008
987
15535
7375
1501
9400
6677
3199
14746
9649
8849
3026
5311
5028
223
3233
1798
3234
16344
14696
11693
10270
6814
13002
1986
707
13739
8371
106
16364
8107
10985
14370
15202
13189
1453
10671
15567
1056
5371
6451
5943
301
1383
6671
9829
13929
4397
15591
349
14265
12525
10995
3540
6213
15092
12069
3912
9555
16368
9186
6462
8097
874
8258
8729
14745
6728
13099
123
13539
14938
11626
6803
1085
9510
5937
3870
13372
7095
2593
11051
5231
10835
2211
2800
11083
10706
521
10906
13
7605
5030
1244
14228
9664
10900
4785
15326
14397
7605
1604
403
13560
9864
6683
9477
8732
413
3343
1063
10884
13972
10149
11360
11270
3443
6626
4237
12931
4318
745
6272
11781
266
2128
11823
536
12556
2921
9947
14601
15578
3078
8299
15941
260
9194
2236
13000
9122
11344
15253
13690
12620
2332
12532
7792
12469
11350
11388
5972
1804
10138
6156
2476
3115
8529
13201
14465
13525
12061
13380
2599
6916
9047
14087
6522
5539
493
6992
4827
8431
13890
11233
9795
4919
12415
9133
15945
3706
12893
4731
2454
9651
10639
15075
1123
2014
6883
656
7084
1831
1172
9139
5348
8361
6595
7082
1251
9498
230
1818
9949
12233
7543
2693
3816
12117
2847
13993
3913
10451
7269
7445
13889
271
10130
1443
13622
9653
11634
1929
6650
11276
6808
11945
12976
9864
4076
560
8593
7613
7672
14766
9116
7570
2921
9700
3388
2683
8331
1641
12948
12054
13766
14976
13028
8898
14527
11808
3325
10005
14486
13560
8000
13177
7818
12790
22
8007
6528
8550
13245
14582
16072
15758
3882
8328
8161
5302
16246
6205
15496
12523
14864
7777
12704
5310
13868
1395
3959
1736
4662
5922
13173
114
6824
13561
5650
9572
16075
15715
15595
536
906
10436
14929
9691
3951
13389
16267
3725
16373
8276
6365
4668
3832
16367
1392
13450
8749
0
5432
16010
9435
908
4457
7020
924
7671
6127
6867
7166
14400
10761
8485
7639
16222
492
4194
3201
8196
6109
12418
7131
1170
13928
5161
9390
1906
15594
15146
8633
6877
2967
14579
6487
9594
6128
2852
3868
2668
3708
60
6309
9075
8517
13327
1040
11857
15098
9258
7540
11162
9885
15118
13545
7406
2068
1447
11842
10143
9574
13778
15720
4135
1693
15228
10481
7611
15524
9853
11366
13372
14090
13193
14605
12089
14428
10325
5887
6403
8689
12177
5533
2828
8675
3232
15645
3212
4125
7908
1346
10167
8210
7297
12114
8841
813
12242
267
14421
9169
4299
58
13307
1353
5047
11826
377
12200
14075
15151
3701
288
10244
13379
11432
9079
3091
7236
2324
12157
10382
6684
9790
6519
16297
4249
12659
8173
14294
10707
10351
12665
14846
10401
12891
7918
1476
14565
8451
10175
397
5957
5213
6949
1291
3835
4135
6725
6911
591
12649
2351
8474
5367
1387
5650
1341
4761
1834
121
7626
3203
4056
12107
5486
4355
13957
11915
8710
12487
9916
5844
15719
13575
11716
1132
13193
8045
11110
11179
4015
15037
13657
1822
5169
12648
7814
11258
6583
13514
14139
9970
14083
2353
2399
16223
2837
11875
10311
2967
14414
3917
5168
1624
410
5734
11945
2058
1522
7685
15774
11033
16322
1568
4675
4382
3227
2614
15169
9094
12621
6537
2502
10300
7605
9395
9276
2222
14041
2735
2879
5550
8518
2028
15782
10698
3797
14677
330
4605
7335
3506
9711
1395
5631
9327
14369
13657
12977
4450
1564
6825
13162
15026
14242
2275
4374
9249
10703
8309
13446
58
6384
5315
2476
427
616
9092
7037
1947
11971
9701
13621
2602
8803
10221
3267
10312
15208
10630
15161
5683
10880
2649
2507
14451
13533
8586
7628
11194
2742
486
6448
5772
1437
9962
12185
3090
10063
13031
10087
6380
3256
4503
5073
10666
4167
7338
15138
2804
4101
13108
15
2321
14566
34
8284
4539
2766
4026
6314
1744
1170
6231
3189
13113
13349
16309
12699
5754
13337
5161
7815
3502
14916
7974
6603
14482
1825
11198
5805
13104
15887
10428
10158
5976
1467
1261
13794
13972
716
13886
12873
12178
5342
1353
8792
10826
2766
7443
11179
14166
9192
14170
2722
13070
16322
1664
9830
8268
8685
1942
9771
7887
14930
9173
13294
307
3177
14072
1378
10607
3725
3981
12727
6582
12611
9105
15679
1607
5724
14944
5542
8150
15838
10674
9769
11027
15197
11425
3222
15814
12417
5673
14620
12481
14964
5403
4394
10479
927
5717
5015
6361
14602
4226
12497
4958
11990
9506
10273
16319
2220
6427
11643
15199
14685
11688
14009
2559
4287
8120
8273
14655
12783
7276
4387
12639
9378
1841
15355
4816
8093
2707
6224
3845
9495
5478
3666
15635
16277
8381
10833
13836
16316
3181
15196
6657
16036
14117
10667
4545
8532
4300
15353
14513
11300
8396
8281
10729
6286
6671
11678
1811
13060
5353
15555
2256
1546
6657
2395
15418
13162
13221
11685
3737
11412
8763
15920
12136
8182
11285
10731
3922
489
11892
14141
5825
8425
6143
1417
326
8027
2503
15311
16146
14797
5576
3207
15883
13797
10944
12510
11710
3965
2403
664
3124
13583
5603
3806
14411
11816
6827
2525
80
10009
7915
313
9944
10741
8448
15740
12163
8686
7591
4907
14715
7784
1946
99
11013
8780
10571
6522
6486
9313
15444
12102
1597
11420
8348
6847
5755
107
12425
11243
15366
812
10257
12640
4392
1328
12133
12645
7391
8247
1775
2449
14646
2206
6447
12737
147
8804
13356
10758
13964
2516
10824
14961
7478
5187
1779
9798
3917
2942
794
11404
8356
9585
5745
8604
1329
10139
15346
7298
14847
11499
7148
10100
12764
11897
14361
2310
1987
3683
8828
2227
2407
1853
9374
14073
114
5197
12915
16152
3325
8416
6777
2308
11976
7613
7966
11962
6742
8372
6885
3462
3343
6836
7350
4446
7412
5380
15047
2404
15224
8081
1793
308
894
11898
8104
5085
2347
8490
15309
12211
9334
591
8248
8492
15481
7019
10687
13486
13352
8222
4025
3985
4350
8413
1475
13024
12912
14615
9215
12352
8270
4795
3122
13178
2799
3883
4429
6679
8596
3038
1839
13952
4675
6106
983
12798
10087
21
11157
13726
10431
15123
6262
2847
368
5815
2125
14086
13826
11949
355
12743
15350
8277
6502
501
11329
14001
4814
7020
4900
28
9565
10009
16359
11974
13407
5816
3122
12903
8960
1004
9163
12500
12777
2082
14587
10651
12508
8335
14360
4940
12741
16175
10780
5588
6874
3929
7223
10293
4578
11286
9232
4579
7598
5321
14016
15780
713
13942
1672
11422
916
6272
12474
9956
8567
10333
11347
9207
343
3157
2535
9539
10923
7907
13876
6722
13790
1039
9008
4273
14129
6242
4837
9423
1493
15849
4153
8295
4008
1031
12979
1425
15706
9894
5923
8966
8110
11294
3691
7539
7184
13360
439
9010
13272
6846
8378
8130
1690
10239
3608
16383
5994
11366
8858
9925
2639
13573
9978
14298
11206
8710
8234
7641
11078
15499
9958
1201
7162
12149
763
4640
10422
3043
11837
6879
10155
4237
2466
4511
5122
3144
12282
623
1995
3733
9483
12474
11581
6056
8602
772
6692
10400
7769
5773
8629
5142
14380
10528
14868
12441
6625
5996
5690
8860
4430
6391
13501
10356
10392
14295
10525
1173
6177
4960
3121
9493
10856
9018
6576
5819
7649
9966
9929
4706
12252
8752
7538
13989
3533
13287
4551
7577
231
3072
523
1728
3663
6949
5317
219
12207
8580
3479
9883
15139
16101
10219
6168
12559
13593
2811
16091
5244
12446
5699
8342
2142
2386
14171
11101
13636
6635
542
4803
13834
8561
3697
7090
2208
12949
73
12026
11034
15243
10788
4974
3509
567
11537
11494
10923
5438
14008
8960
11515
7186
2598
2817
11139
7201
2154
5661
7572
9562
13689
2014
6292
9453
3068
12293
5002
54
8224
1011
2182
9062
8254
2849
110
11807
10265
854
4106
9203
2794
12582
12767
6638
6556
13928
3694
12505
12444
14848
6811
1778
11968
146
7364
2194
464
1033
2538
7336
6879
765
12745
6270
9389
6304
7596
12881
15167
1916
6799
8792
14286
1692
10243
12754
5674
5569
9825
13975
5097
981
867
510
11744
1495
10755
15151
2193
7335
12471
51
1202
10161
11733
2435
5218
11589
5665
526
2289
7531
8953
12799
266
1726
6972
3057
6778
6547
16317
4290
1805
5678
6547
15172
7929
10839
9621
3476
14807
7304
13482
12571
7114
9522
37
15171
3485
8988
9255
8944
6191
9399
10845
16100
10887
15791
5218
8598
3327
1532
873
10163
9230
10119
9665
7918
5047
9746
7485
15862
8024
4402
6453
7885
9208
10029
7397
7101
3365
12343
4441
13335
10525
14341
14658
5456
11360
5353
661
2701
6263
2589
10570
6636
10424
5693
2079
12409
7593
12606
5573
10406
13765
16351
14574
1485
13312
15439
5173
6216
2122
9494
4488
5632
7362
5898
7886
14662
9135
1436
11956
2421
8533
8021
9354
3781
6068
15125
14121
6249
7755
1622
6557
4008
12776
5155
15441
12653
10298
16375
3026
1192
44
7044
1762
9147
1779
15309
9490
7909
14056
13084
14107
46
7970
9290
6145
8752
8933
5017
7750
2063
13341
7631
15119
7543
10628
7328
8316
1421
2821
2496
14969
16
7029
13873
7409
9972
5555
9600
2130
132
109
9079
9124
15275
10160
15824
15836
8590
13924
15468
1224
8353
5974
909
16169
11987
4844
6040
3581
2455
5233
8884
6975
4543
12811
2614
6995
2762
2291
15307
5768
13686
5895
11929
1567
16006
3073
16286
7765
5942
10415
7930
940
2880
15451
9393
3182
3982
4999
7155
11521
1809
8867
5347
5045
6893
3188
9533
11380
5247
13989
16038
5342
10719
814
10502
12143
2365
13221
6319
14810
2222
9258
14759
5121
5289
7931
5202
2235
6211
4096
7996
12220
3035
4618
3219
12984
2209
4961
9418
8623
1162
294
6369
5969
15288
8078
2014
1236
1926
5217
4189
11952
11176
7614
5865
396
3840
1028
3660
7547
3549
6704
4100
13172
1757
2524
2603
9841
8545
12861
10473
16373
2078
1274
14070
11376
4708
61
15918
5309
1291
6531
13247
9867
14476
15481
10928
14017
12021
4259
12686
2926
8067
16074
12823
12645
712
1402
1540
2287
13396
12991
9995
11082
2830
13032
5686
13574
13613
1726
7727
14952
2610
14665
2526
13153
10022
1734
15569
7987
8355
10699
7916
6037
5810
11867
3653
12042
5337
14202
8853
4031
5772
3923
3293
13635
8925
16127
11656
7457
13230
5544
1766
13965
7616
1585
15931
2472
923
4536
10481
4633
11165
6000
1224
7737
11299
15797
814
7750
13312
13376
8962
346
424
458
8862
14531
16154
10583
5653
10119
9598
1912
2942
7068
10075
7192
15852
10977
6771
5234
5876
1832
13147
2794
4560
10513
5135
8414
7932
44
11557
15367
5933
2772
10452
4502
1385
8819
9812
10366
9813
15707
10972
5930
11235
14628
4297
6053
2007
12186
12989
13678
4446
12254
9278
10026
8806
11566
8527
9749
14912
11182
8628
2098
7761
9550
14864
9405
12682
1383
10543
6249
9004
8459
6936
10827
6785
4503
14589
2886
16124
4603
9852
901
5341
16187
8037
3443
9238
6959
13061
8504
6729
12716
6275
9232
3565
4639
3901
5163
12868
11335
5563
6644
14032
16274
5602
5824
2039
2052
11699
1144
7221
3660
6269
13438
8748
7720
605
9903
9182
14895
13559
5176
16210
470
12854
4087
7445
4428
189
5005
13608
5447
9456
5818
2074
10978
14657
4381
5453
4246
8615
5059
4023
537
2829
14629
3082
3816
6447
8646
5855
15871
3758
3360
11708
13433
12478
14194
6450
8401
9551
15413
9987
6667
14650
1689
3595
8438
11828
3397
8089
1583
11989
9108
9157
10036
2232
11947
6628
16031
15127
8212
9986
10588
13919
14384
9117
4159
11658
5842
8677
7178
8616
9896
12137
1791
7164
4910
2526
1854
9099
8375
5097
12956
4714
65
399
4790
14874
6971
9685
9170
884
1279
14849
6403
6931
1208
506
3533
10597
4326
7822
379
672
6263
12969
9345
3348
11801
4601
7446
9970
3318
1246
6165
8167
4792
15048
1622
6698
9433
9269
5517
3996
8144
3685
11844
11576
2556
2408
9198
9084
1266
3853
1859
6170
8702
1057
14079
5690
127
10198
15150
6462
3999
15232
3867
5413
15851
2968
12605
12952
4581
16335
9827
3457
16224
6202
7558
2281
2385
11637
11147
3827
10666
6258
14402
6448
2881
16039
12341
14875
8910
8328
3653
8346
9453
13271
10561
8164
12429
5906
14681
12928
21
4556
5232
1453
11059
12531
3826
4537
8210
3171
167
14210
5698
15966
4462
9932
10278
4043
10709
1923
6730
1484
14051
4666
9757
10234
3871
7189
15269
16012
12413
12794
8349
9103
6088
15527
8966
516
10112
13667
6312
11746
15100
6782
16193
12128
4257
12596
11062
2817
2743
14557
9348
1900
5021
7811
15848
12024
4027
11764
9725
11668
4661
15989
8169
6375
11499
576
13829
13189
12558
14430
11417
7162
14507
7780
4052
7398
8226
874
6171
14551
447
9009
1624
3388
4505
1514
13821
15950
5029
603
9537
9057
7494
15458
11426
12947
4405
2476
4275
13854
8741
14954
10380
1930
14924
10081
7176
16337
8280
16218
14478
561
14433
2712
2471
14306
3931
15289
7238
6068
15277
11958
7514
12968
4113
5767
12338
12155
3973
3498
311
11722
10056
16205
6067
3532
10054
2643
11035
1294
14866
8138
5868
15216
12112
15566
224
9250
2468
8714
6066
5889
5306
9445
4930
2057
2305
15872
3358
7476
10001
1762
7673
4887
11502
3805
13218
12800
12813
9152
6637
13620
849
10699
7446
5965
948
11783
116
15704
4315
1648
12478
11009
610
10545
284
1847
14871
6373
13810
14713
9019
4850
10075
5855
1576
856
12488
5799
6707
8133
10566
14557
12827
13388
4270
9474
1113
6187
13074
6284
3174
1291
9744
1002
14141
15663
15077
6892
9032
6182
2959
4225
14898
3830
11339
12662
8712
6740
5675
6745
997
11200
9915
13609
12019
4082
15767
8958
11563
10356
12556
12174
10823
14003
2387
11685
15551
10689
3088
1170
278
13229
13669
15428
14886
14152
16250
1491
864
8420
12062
14825
8749
5229
8423
5882
10535
5032
3138
2453
15521
6296
10356
2003
437
5384
3713
1973
840
5086
12702
9771
4436
11885
10390
3018
11034
4786
7459
15885
10145
13865
9254
8430
12345
6559
6912
1707
14216
2452
11489
4239
9548
2696
15973
9755
11655
12053
2594
8805
14080
6881
6656
3610
15828
6431
6789
14692
5307
1657
15167
9152
8545
143
7555
8
15452
14094
6836
16268
6636
11189
2267
2276
13154
7476
12846
5902
8837
7963
9320
7135
13599
13969
14136
516
11617
9014
4928
824
7843
13934
15903
2319
15772
3298
5472
4238
7771
5930
13798
993
12323
5716
18
13590
3944
13615
13452
2535
15118
5590
1089
13065
11821
133
11119
486
9295
10740
7595
5673
14007
7872
10795
10753
2145
4526
2970
15265
331
11733
11878
458
2179
2693
555
2751
3664
5000
13910
11829
7984
9855
13758
8229
11052
3330
1366
5953
7246
16255
2385
8042
2371
10199
9762
7768
9568
4313
10594
11044
14064
7393
5338
14935
2683
1602
1336
2288
13168
12780
12474
3426
11079
301
13043
11487
13070
5526
6599
2253
6461
4117
9507
5951
14900
13423
6663
4539
6679
2549
707
9211
4833
12019
10869
4262
2720
11714
8189
5883
5647
3247
5837
13100
9328
1207
1464
1312
3647
1685
15628
9188
889
12124
6180
11218
7411
234
9305
9673
4338
9846
12909
9137
12892
1942
6819
11752
10323
319
9695
13479
13794
5439
9258
4977
6812
587
4038
15040
9661
8403
7883
15011
8160
13615
8217
11939
4095
2493
11413
12654
1030
3293
8056
9119
6534
11736
897
3440
14981
5540
7841
4963
7077
3650
13631
721
7998
1859
14356
1008
737
8669
11149
14205
6098
14443
9903
4421
46
8819
12444
11091
6576
2504
8468
1928
9885
11338
5382
10688
10320
9464
12225
3704
4557
9488
8551
11780
7469
4325
7599
5005
13046
2395
12143
14343
3642
2689
9208
9661
8493
15947
5161
6637
15948
6720
7411
12063
10912
1551
15157
247
7062
9358
9244
761
15706
651
13975
8151
10315
16353
12742
11793
10211
3160
8236
15432
3656
14882
6983
14223
4954
13164
14678
1822
8798
13518
7983
11215
1497
1637
4677
5176
7628
3172
14300
11352
917
14049
4121
6330
10540
4155
10126
12921
3052
7986
4548
11191
14490
15346
8148
7458
2058
10127
6668
5053
14625
6533
11078
744
7913
3164
16012
4384
8214
4584
2906
10721
13705
4439
8056
15035
8576
15515
5940
6866
2620
8863
10494
6698
11140
12926
15238
14910
2150
14621
5795
6362
6117
1860
1556
14309
5002
16054
14981
10390
3586
7337
15038
13757
14550
9512
14177
780
7962
3123
12667
5823
4196
551
6527
3301
6386
12430
10024
9008
10935
5278
10609
3643
15222
15727
13888
7812
9863
8373
7055
15163
13018
9298
8407
5486
5605
3093
8579
1774
9183
8738
14546
5642
7351
6853
5981
938
7428
7423
3436
226
3800
9648
7427
8138
15939
3278
1056
7686
13862
4951
12822
6706
5832
15787
2125
13476
10111
7508
3982
14646
9144
1090
7778
6385
13220
11377
741
7201
10077
7325
1574
6095
4917
7222
3650
13676
432
10552
8049
16371
1233
4300
16064
11198
9558
5512
5541
9797
6783
6171
5058
1278
7667
12933
909
10431
7490
13011
16313
16152
14014
11512
15461
10026
4391
3981
11210
12472
13066
7305
10128
2969
8384
14602
9444
3882
6988
6325
6945
11766
10939
12231
12580
2472
10072
6654
9582
6472
14096
15686
13081
97
7914
1707
1251
1980
7473
7540
13804
11532
2817
11478
7616
249
13190
6387
15745
14678
37
12548
7793
15604
5320
7836
6834
15271
9288
7648
2532
3168
7383
4513
4538
5723
6564
8910
15560
1308
12517
14900
10830
3872
13867
10741
12748
15441
11320
9290
14991
14754
7387
6406
15979
10802
6917
34
14889
13970
823
2874
3017
11507
10279
6936
8491
1763
12408
4282
15218
2462
8752
1489
3051
15170
3405
1325
15181
11050
6662
14870
5384
9620
1672
14191
16049
2602
8272
15902
12111
4086
3967
6632
11563
6298
8788
1464
307
12701
11713
522
5796
16225
3037
3274
14652
13998
15951
12018
16305
10021
6203
11990
6919
15014
7998
15137
13988
15872
11523
3403
1251
8140
1987
14675
10098
11947
10891
14960
14523
9664
4959
7973
5191
8297
14609
15445
3726
12727
352
15683
1336
2756
12361
447
10281
3957
14266
13601
2952
13215
15561
139
5581
10992
11565
1972
14036
3164
15438
10517
6542
3020
2736
12283
10911
1955
448
3160
14152
16117
8499
4250
4144
7771
1212
12277
14282
325
12783
2755
10016
6938
8656
11601
15409
7392
5647
12456
11455
8336
11635
3122
8802
3929
2707
10546
10083
2025
6516
5873
4885
4140
15052
15967
11970
7022
10321
15769
8309
1968
3456
2583
7407
956
13106
16090
5947
14210
10602
1294
11704
7368
8450
11090
10074
8672
1881
2262
15553
11094
15697
13993
7515
7026
4417
5961
881
11935
10625
15243
1775
10695
11797
15505
15152
6385
1416
1748
14922
1934
2258
3518
2274
8518
10738
5125
1877
2262
10582
927
5348
12538
2992
13784
4543
12450
39
2977
9513
2162
8070
16220
9513
2245
14776
9548
3693
4903
6556
15654
9196
16338
9095
4341
15127
3918
3210
4794
7318
8892
11282
8942
7893
13758
14528
9511
876
10070
14897
9251
10398
2249
10286
15189
5246
7855
4200
6906
10349
9193
15425
3371
3920
5522
2369
12774
4626
13366
3390
10745
14727
6295
14400
440
7324
8782
5674
6694
6714
16190
15716
2533
2768
6039
15006
4757
3444
14813
9644
16334
13840
9484
7343
3817
2089
12093
11125
2971
10665
1702
16144
12599
8316
10473
15433
8795
594
6606
4682
15475
8291
12675
1975
9761
1544
2198
4030
3053
10835
9434
16382
4114
12191
4088
377
650
9619
16081
2050
14719
4834
14080
11358
10468
11166
10243
4027
7987
578
11065
1085
12012
13299
2844
12184
16161
6769
13949
5227
8825
1554
6815
1559
13055
8281
911
3505
4973
8925
6570
9432
12617
9169
9202
446
8701
14365
524
2004
4415
12737
7589
524
719
13624
12209
1332
498
8703
4884
6221
10839
4535
12394
5763
15865
2390
12633
10293
13180
15739
6556
1302
4786
12500
10204
9931
5286
9222
4166
1627
7399
11263
11449
6447
13077
15889
13940
2094
14002
3445
8144
3587
896
3540
7469
412
7810
11017
11542
5086
6756
4141
8244
11361
247
9343
5867
12800
7404
12265
11941
6169
10440
647
8862
12410
7954
15499
6681
10587
3162
4807
4764
9654
13480
1036
12122
5324
11866
3033
15684
7552
6043
14337
7631
10889
385
11385
4060
8493
5881
8549
14263
2676
876
15368
4015
5918
5979
8631
1729
35
3915
230
12763
5732
685
5098
6031
2325
15397
12858
6198
15070
44
10549
1407
13125
7818
3443
1173
5184
7585
2545
262
8208
13350
8897
10908
7170
11371
9886
3856
5259
13229
7627
10400
9709
202
111
7910
12890
15172
15308
13358
7816
8690
2937
15509
7716
6181
6363
820
4402
9773
5562
12551
1750
6340
13833
15516
5066
5957
4010
6137
14366
1676
4523
1833
5229
356
9732
1263
16321
2186
12451
8175
7545
2357
619
13786
247
7277
8193
2875
10080
14790
14062
10742
14042
10634
8350
9645
278
11557
12240
6237
15037
13575
4180
14840
9311
8778
4661
10927
3037
15792
10528
7264
1682
12475
11753
14857
12603
7072
4614
3802
15290
6315
8346
11978
1057
10137
7676
849
7094
10040
7140
14790
3119
12220
1364
4958
9790
15129
8515
3255
16056
5346
15637
12605
8763
2425
7960
13044
15489
8614
2861
10242
12165
13236
13634
16329
1271
904
6131
11399
3982
4545
1383
14921
4947
9795
16054
7034
6384
9201
13307
2344
10757
8876
13172
6274
12615
4842
15032
16261
3857
8999
999
162
13814
11837
6504
3998
6429
14772
3913
10161
9171
9409
1850
2711
8263
11770
4000
9255
3370
1043
4134
15919
3026
12199
791
8968
9114
1360
3958
6403
295
9282
15791
14976
2128
8321
2068
13206
7407
8501
4600
10717
14133
1452
6080
14682
4961
9325
10354
14977
6881
2439
251
5794
10540
3803
15937
5666
8300
15151
11223
1812
11921
7836
14401
5577
1948
3712
640
4493
5551
11858
13809
5736
12983
10151
3329
11097
10253
2847
16048
13216
2438
6894
9256
15456
10081
6733
14599
1059
6798
1677
5169
6417
1709
7060
14699
13728
11485
7150
15547
758
15656
15237
12450
1911
16164
12171
2053
11727
6234
6997
15074
15187
1223
16216
6311
2925
14250
8226
6332
4227
1165
6041
8215
2371
5031
5452
11317
10628
15681
9979
15304
2620
12198
11012
3155
11087
2615
3535
1100
7964
5916
2409
1382
11268
3358
760
12054
9178
9896
5041
5725
7905
14915
10184
3263
1464
9813
7003
15393
14087
4167
7360
14998
1250
2755
1151
11636
3574
12332
12603
12260
12617
9936
7752
5600
5149
11521
9996
14426
8881
7514
9094
9648
13899
8938
16053
11138
4661
22
7741
13149
13325
760
13742
3673
3046
817
13879
5806
1843
212
8706
16273
8262
3869
15393
6573
11274
5957
1870
450
11350
11774
12629
8186
13139
5463
7753
14505
7817
1123
3845
6594
5248
8165
7845
2018
13470
2794
387
13142
5162
9116
2481
5417
11721
3487
13795
13179
7201
13878
13436
14646
171
2196
6044
13832
12614
3715
3438
66
15073
15126
2022
13950
13089
9091
3906
6771
5262
1120
12602
10295
2672
15606
10342
14445
2543
16200
13064
9014
13691
16106
12893
15122
13502
8823
10598
5878
5871
15575
6471
3139
1992
13182
587
15894
13998
14055
1853
14648
16048
8496
142
8138
6050
14578
7618
12511
2331
7274
10983
7640
2265
10186
6725
5255
6466
12664
2549
2160
6893
14868
9408
6070
3646
15209
15351
11950
13275
6439
8268
4305
7117
3510
8119
5515
5433
9448
2739
1512
2846
15911
6573
319
3576
6026
4859
10540
8964
16022
5710
13544
4745
7371
3409
7386
8490
13724
26
221
16088
1094
6656
14246
3515
15938
14246
16360
2698
5633
15020
11618
7351
11152
11677
14983
1314
14776
4293
15548
1500
3129
9975
3524
3634
8364
8713
7855
11104
15536
1523
3854
15492
8628
3678
15283
10017
11279
822
4249
5867
5828
6799
5440
10209
5723
11720
9385
11714
1982
1344
4871
9701
3685
1700
5428
10145
15904
12217
15701
14259
9422
978
7391
14337
13331
110
10463
658
4177
3838
1985
5858
531
16013
15302
3702
12302
2139
12745
8617
10932
10370
3667
7817
8209
11842
15618
6227
1667
1382
14465
140
7863
12458
14136
2384
12602
3647
12862
12624
13710
2226
2703
11029
16081
15050
10417
13851
16307
8410
5351
9981
8424
6857
6215
8231
13760
2024
4670
2904
13800
5318
7428
12315
10408
12448
15890
2854
352
8073
366
10720
6761
15380
5990
12736
7886
7331
1642
13934
13876
7643
15531
8591
5002
3618
10828
8884
2831
10104
11499
4160
9158
11867
5
10343
8968
2345
3590
12644
3356
14203
979
8640
1207
7644
13243
16370
2201
4439
12751
6800
14869
14758
16367
4064
11740
1950
16357
12068
5148
944
15247
10769
9648
6482
9129
1699
4223
9753
12369
13646
6395
15136
7550
3767
1932
2802
1591
3574
8191
4625
8291
12648
5373
956
10527
16160
378
8480
12864
6499
15086
5433
3390
10961
2950
12462
10584
9286
14644
7867
10747
6520
11461
8791
172
11813
3323
11323
16295
5797
472
7924
7364
13061
13086
3643
5150
4287
5282
10578
14718
7680
7242
2117
4152
9653
6199
11139
2785
10482
9777
2950
815
8556
10225
7135
4402
6471
12067
4652
16090
5189
8802
1461
6276
5492
10034
67
11193
8113
461
1227
15579
4019
14479
2903
14578
8791
14357
2307
1546
1802
10617
11331
8936
9159
6415
11838
13700
3791
15302
1132
10071
14990
15571
489
3483
13017
8431
2825
13803
15700
3020
5980
6381
14066
5960
3205
15243
7591
16197
9213
12429
14070
7859
2273
12610
5336
4922
4205
12013
10327
12174
1978
15234
1335
3161
3698
8670
8671
3052
16076
855
3473
15129
5730
10318
7188
3950
10815
3535
5868
453
3779
15449
8362
4725
15214
7457
4427
12534
6069
3865
5558
9107
12866
11501
10532
3042
12416
9682
11893
2261
3346
222
3200
9012
1976
2723
3159
13738
11653
13916
15137
15039
5312
709
15147
7985
3570
8005
10224
5637
11386
10769
15819
14380
14345
10051
7079
704
16134
4840
1855
3910
14707
1246
9334
15463
2980
9130
13985
8578
892
12671
5787
10204
10513
10726
12011
16322
5819
7
14287
7781
2686
6810
14696
1388
15484
11740
3075
5268
13559
4311
5668
4136
4980
16055
7403
9220
7873
16065
1506
10316
856
8471
21
15139
6471
12686
13504
2966
11803
2794
16199
7258
4075
2938
16286
6485
1654
2965
5519
7820
13902
9325
7335
4856
7258
15388
16221
3212
15207
11987
1625
2303
15538
6860
7354
5013
9386
2411
14157
15779
14253
7990
5428
11224
15377
16094
8933
6930
6822
15910
13936
3000
15735
13787
10182
9818
3854
11106
4088
4029
9512
12526
9233
10471
15697
10994
16274
15701
10701
11176
15537
7532
634
888
7531
13199
14634
2661
16347
58
13385
13516
11338
4734
3355
9842
15244
7742
9717
12112
13918
13814
14932
9678
14960
4703
7116
8215
15872
13354
10657
3649
8048
4068
9548
12505
6647
3940
1368
2246
5626
14208
3930
3668
13318
4240
11318
8351
12232
3505
1744
14417
1855
10407
12027
1241
1901
4732
4865
4056
9598
15108
10199
9572
15014
9296
9777
349
10443
5927
4065
8656
5492
412
5270
15933
11981
6333
8911
5434
1060
11456
11785
5956
1814
9359
1706
6462
14246
11159
12916
3990
6971
6319
4432
15524
7857
9741
10545
9371
5771
5137
5438
6501
2573
2902
8873
5865
1779
16172
4844
12137
10339
4165
7738
2127
6356
4320
16271
10388
7347
1736
6753
11859
10426
4899
5118
9543
7089
13762
220
15852
9032
16308
8170
5787
10912
12834
6210
6867
4621
3599
5863
515
4246
10245
14981
4994
8294
1364
1566
7786
9211
4283
10012
6170
157
3846
6990
3487
5855
1486
13834
16030
14135
2482
5869
1889
1742
4594
11001
4356
2414
646
5573
6096
5994
10587
13578
11443
3626
3806
8993
1799
233
12481
3283
14033
5435
6726
6417
8954
10937
10835
3903
14307
7580
6567
1628
15894
8712
6835
6260
9836
5774
11673
1167
13479
766
856
14290
13076
4528
5241
11390
4727
5924
9866
5792
7061
13216
8972
12066
5213
13463
126
1171
3811
447
7831
11526
10483
13491
16170
4819
13617
4607
3828
11776
3410
11878
644
4484
15649
11837
7149
7797
12766
9658
657
9258
9929
7628
13934
7912
10872
2702
13435
6810
15380
10885
10390
1692
493
6637
8235
1731
8624
4351
9678
546
2019
11972
7818
6504
10183
9730
9145
14776
13389
4948
3588
1100
10932
2536
13535
14958
13101
2294
1069
11552
6970
14245
911
4527
8577
6777
5780
13499
1151
1675
14689
2306
7104
1141
7269
10209
2681
1249
13950
1770
9981
9923
443
5230
10268
15805
13412
5154
8997
11032
13439
13585
16139
8520
10699
9585
2093
15016
12921
13936
5189
13839
12197
13343
7122
5317
7205
13539
3476
5453
13057
8222
5576
12848
13451
13813
7286
13334
8682
5158
6124
8871
1828
1645
821
2951
3684
456
15615
4580
7811
134
9222
11230
4468
11948
5590
7371
12113
10904
3346
4445
8285
11360
848
1286
12911
6455
6687
7599
3588
6680
4625
13241
14413
9060
4611
3806
15911
3185
2279
574
12451
6177
2741
8794
6818
8580
4696
12350
9310
10696
2753
3724
6437
6021
9091
10811
8742
7604
4911
15721
1
10604
11374
14771
5874
9719
1681
4679
9963
435
11360
10276
13394
5492
2103
9624
14942
246
12374
1973
8277
5938
8657
10392
2861
11698
1693
13341
12853
6826
10207
14251
7070
10508
5417
5175
11267
10795
9098
15699
2157
10038
8052
9998
14249
9133
13893
12928
12328
3982
10843
10271
8169
11409
7948
15790
13225
12363
2176
15441
1501
6992
9167
5285
14381
14877
12706
8986
275
9317
9162
9827
7054
331
13577
13573
15343
2760
14907
6011
13270
2479
61
789
4882
4504
13569
10656
7023
9693
4679
3932
5891
12838
6422
4084
2129
2055
12910
4090
14046
1766
6917
1120
12428
5124
10873
16221
8894
1721
13106
5948
11111
12265
4058
7774
4275
2311
5813
15484
4165
4986
515
4609
10221
10810
12238
3414
10665
774
6600
6298
14525
7519
14297
15297
10234
6699
2248
15256
16123
1160
16223
8747
4663
15984
3266
12475
1149
9254
1200
15716
8283
13362
13601
12470
5470
6316
1561
6091
375
2369
16139
14442
4632
13380
7147
10459
3328
13676
15466
3680
1200
6355
11486
3834
6989
7000
4876
2084
4732
13391
72
14085
1389
5274
7693
2596
13459
8752
4439
4439
15288
6660
8339
4733
5652
6463
1151
2407
316
6179
4459
11718
10847
6686
13078
2000
6262
3485
1898
2096
13366
12927
9362
10500
12481
12320
2803
450
3599
7963
1641
10602
5653
5728
10710
1823
2244
14450
8005
5012
14794
9542
1359
3408
13812
3766
3045
8677
14615
430
9403
15454
11660
5956
11924
86
10029
7651
6986
12926
10749
6212
10447
13554
6390
6898
4624
4146
8429
11475
1212
5142
267
3038
9598
8698
5637
872
784
8648
14928
11423
4727
3331
4651
7386
1975
14812
10172
9375
8786
14587
12792
6254
10614
1998
3940
16180
7520
15558
7102
12691
14365
14279
16272
1520
11359
7169
184
9611
9420
13195
10195
12864
15306
836
8954
7235
2094
16316
1696
3026
2440
5279
7380
12987
830
15284
10602
3821
15918
2977
2473
14645
4575
4755
6063
5475
5693
12511
12015
6564
1726
10143
3423
12287
3667
3503
4274
8147
7123
10093
9301
3715
5248
12867
6440
8156
1804
5335
13066
7696
15353
8581
11957
201
6711
1017
12932
13540
12412
12872
14027
15225
11482
7859
11177
2097
3738
3149
5083
633
10481
2643
7841
11477
13689
5384
12251
14202
15288
11596
11313
9174
8545
9953
6427
7111
14933
7041
12840
8103
11048
8504
918
9500
3971
15494
15500
12085
12568
5497
6616
6296
10476
2063
13918
904
5632
5974
12296
11263
12800
14076
14904
7908
5932
10760
2555
7593
8313
9853
11536
11551
6239
14984
797
14073
5343
12728
12498
12634
7486
14247
10514
9511
794
10371
10192
14034
7793
6556
13986
3057
6167
8539
3695
13226
11810
5790
9444
9947
13569
3204
3342
13350
7673
6974
12694
1632
6742
3721
13543
4933
14787
8130
201
9990
3864
2369
9888
14476
10910
747
13836
7595
15499
8197
8720
1892
14214
12102
5947
13002
14156
1418
583
2430
14919
3605
15840
6897
10491
3932
14859
16017
8159
14664
10431
9939
1432
9443
6339
6069
14375
2105
15167
8491
1819
15487
8353
2528
183
1032
8887
4428
13528
7390
12518
5092
4630
11305
7359
15739
446
15320
13056
12437
11305
12804
3924
5968
12668
9058
577
4868
6451
15879
5776
367
15566
9912
2432
15947
5177
3502
13724
4934
14275
627
8182
13561
5551
2595
10333
13473
10307
13700
10345
4395
12441
11965
1428
16046
11564
12368
862
4101
7607
12441
82
647
1363
12141
13344
5268
14379
15021
1081
15565
14333
7850
6052
3221
1540
4501
13895
10453
2406
2714
14562
8440
3672
13840
4438
3608
7305
7760
9365
12275
2836
8062
7343
4312
8152
1269
11119
2494
5204
14024
7239
6565
7956
15765
5649
14892
3561
12787
1739
545
276
2090
3648
1683
113
15274
4325
10821
12408
7008
13145
15889
2028
3089
9336
4247
2114
7337
12492
7800
5524
5178
7444
4335
9531
2188
7501
4116
400
8551
5378
7332
15878
12185
10974
1263
8661
11711
4443
1693
7208
12670
1313
200
13505
9976
15025
12405
12435
4305
1058
6626
10555
11712
14747
4685
15777
4364
11323
8227
8197
12232
8828
15184
9284
12147
310
9685
1595
7850
13812
8783
9058
15775
7020
7552
12849
1292
14784
14180
3407
8973
2271
673
10522
11387
15094
2732
8010
1418
16191
9995
3028
8438
3715
15991
14428
15227
12432
6520
5945
10434
14075
14514
12598
12483
15173
14497
15003
1654
12110
12745
1798
3272
4925
15300
12199
1682
2125
2983
11086
11424
12952
8133
14247
2190
8332
4376
12410
2699
10770
12322
14683
11957
9704
129
16161
10687
3272
2554
10449
14064
9202
754
1374
1225
13587
8155
7431
7063
15227
6360
11717
16380
15041
4615
11178
13241
10659
6591
15831
10941
7450
1467
4361
886
15615
8076
8379
14227
4879
16267
5778
967
10172
10524
4936
6682
3351
13131
7995
3087
14440
10270
12402
9985
3435
14012
7524
4564
4050
11105
9119
14329
9468
11563
1092
10917
5880
2719
7585
11966
10645
9484
2121
2355
10584
1137
6376
11213
7222
15340
12457
4204
8712
3575
14536
8400
16122
8984
3759
6758
14079
7917
11355
6439
14984
352
16329
12808
10418
10263
15029
8811
13938
10826
5534
9929
1392
7709
774
280
14810
9573
12070
5192
13882
194
13597
16281
10280
8575
12329
414
16164
10731
14065
8304
9454
5437
4072
11163
15927
15517
13826
3888
8205
3561
9172
3936
9151
9427
11613
9872
4455
16327
13367
593
1576
14797
7933
15769
6214
12013
15766
15954
5866
11627
7283
15220
12965
1644
5894
15432
9821
13955
763
11
15518
9040
13018
5814
12565
1600
13663
3091
1343
8529
12797
4987
14335
13701
88
6522
14560
592
16150
6406
15685
1828
4739
5189
13097
15728
3351
10760
279
962
12415
4934
8206
16144
7494
4602
12406
12243
12160
3012
12
1977
2531
6312
11514
10591
4125
13072
9744
15630
10272
13190
12599
8286
15410
16080
2709
9666
644
4164
576
13723
10952
10049
13688
5502
9538
3211
300
11296
11459
4094
4559
3772
11010
779
10500
12017
11594
1231
3894
1047
12371
8479
12138
15843
8545
10758
11325
3278
8143
15433
1197
10985
8549
10353
15387
2387
4342
15113
10045
2574
7264
15609
12100
3041
11153
13712
12118
14790
14241
1781
8992
9973
12059
1313
8449
5930
16268
795
5348
9596
8167
6130
16186
1477
6997
9276
13823
12006
7129
12347
552
2919
5762
1377
13330
15304
1519
3812
4662
10004
13064
2275
2053
14415
3758
3302
13181
4938
9441
6584
2214
5407
8051
5239
9497
11089
12322
379
3805
4397
10890
10513
3945
8622
6690
4806
7557
7647
7302
1395
2882
4247
6008
7045
11640
7731
6946
1053
370
11092
4260
6026
1410
5950
7580
8759
9281
1649
6275
11300
10769
5931
6238
15325
1503
11292
5251
3583
15247
8926
1538
2629
2993
14788
5847
6925
12998
10994
8974
6466
14086
561
14211
196
13301
1321
13109
10443
12617
15773
6009
4277
7590
11876
3386
10548
13545
12756
11757
1815
15994
5300
2754
6250
11028
15729
11855
2340
11210
4881
16046
5871
8374
15450
5009
5495
6746
8992
7942
10152
15800
10509
9711
4982
5487
15998
2357
12989
10797
2242
2459
7433
3794
16376
10816
13216
4062
5672
15994
15076
7777
4317
11968
14364
10221
15614
110
8850
14069
4363
8206
9094
4972
10437
5666
13835
11332
9806
3669
9580
1064
12385
9222
4141
6724
14521
775
8074
4165
13591
10146
1099
15835
8248
71
3838
5727
3551
11425
3743
1651
1206
15192
2013
1194
12996
16275
12183
7797
12368
12727
12048
5432
16167
4202
16112
5420
375
5313
15201
7979
5342
3175
9671
1064
10069
10059
7396
11632
7206
9008
1101
2658
13525
15057
14867
2573
15064
14744
4573
12162
6095
13606
15105
1823
8587
12360
14363
2988
11620
10658
3961
14318
15059
12230
11757
5932
4600
2235
15446
6152
15767
6938
4532
5294
15680
6721
2801
12472
13506
15820
14692
4306
14914
10683
13974
12524
9317
9148
526
6130
15946
8782
14222
5855
2307
3102
6237
9124
1139
11512
6115
11054
11504
435
3061
6100
640
11898
6896
5373
3143
13255
13108
9195
426
10895
366
2735
15316
14957
1824
11396
2788
1105
296
12086
1722
14153
863
2201
11577
9817
14324
10991
4070
3028
14358
15151
14029
15961
10993
210
2038
13958
3839
11499
2954
15636
4274
9659
13566
13545
14580
8022
14099
5530
9593
6722
14519
7543
2271
2047
3063
9953
8121
2468
15515
12391
5095
6884
3196
16308
14459
5018
11134
10953
808
1510
11956
6438
14586
511
4672
6261
14661
2646
429
16250
12874
7944
8246
13812
7058
794
6248
549
13427
1472
3273
6602
7531
7887
3512
13526
14486
2146
7665
16230
2409
10749
4853
14906
6094
6143
14025
9852
927
15628
4282
5009
3975
9283
5676
7493
769
12064
81
12398
5063
11086
12890
14448
2201
5684
5791
3058
12143
5257
11472
11194
3332
8825
11197
10448
14893
1063
11778
1862
13150
2090
6120
9719
12573
9896
9023
16040
5484
6832
8840
7038
5694
14144
10580
1368
3671
3586
7002
5384
5090
8948
10559
8620
14958
14751
12268
13287
564
14758
8849
8665
12187
5580
16223
2165
11351
11366
10609
15393
4793
3479
10512
4095
6896
12857
11513
14699
9512
13951
10775
6772
5562
11628
15654
7520
4753
14768
12747
10428
5917
3103
14588
4181
612
12231
14589
403
12320
12087
13085
15029
13153
15160
11961
15624
182
14694
14524
10742
9146
9314
3858
1758
14573
13109
16008
9070
3412
8531
1233
1817
9645
400
14792
3153
12808
1655
6009
805
10686
11323
3294
4264
7775
12961
2091
6071
15993
3434
13037
10139
10744
6699
688
10116
6660
6451
4980
15476
10153
13715
13840
3158
12168
8357
12351
1492
679
13509
7178
8648
2574
13112
1242
6809
3178
28
10273
5822
316
7325
8484
5394
6488
10836
858
15712
6627
7355
8515
13856
10230
6163
8641
12805
1696
3589
14848
16182
4726
16196
8354
10567
15488
7724
16002
10852
15898
682
15991
11023
7162
1336
8282
14127
5997
8949
1530
13290
6243
1481
1925
6338
15287
2659
1339
3762
15690
3859
12931
6772
3035
1131
10008
10590
9812
4680
5073
5606
12533
3993
13740
11171
15916
13783
14443
9756
16224
1112
13141
1077
9358
6764
14556
5874
10841
7907
10606
15587
13950
4918
8720
7607
8237
4187
631
1074
10634
2312
3985
8723
9669
15813
598
12613
14260
4781
11864
5973
6345
8142
8727
5746
7844
5408
10005
11372
8824
8611
261
8853
3619
5474
7373
15875
7831
8407
13253
8331
9198
13724
13831
16056
2439
14735
10578
9980
8643
1635
1235
8133
8967
8833
10476
1683
2316
2985
11392
16384
6190
2037
7088
13944
14984
10491
13390
8983
13064
3459
2248
16165
2445
6013
4611
14534
5752
43
421
16164
10278
7438
4758
9911
11418
2463
15808
6350
16275
628
1949
4578
365
443
317
12526
6172
16066
3319
11490
8962
14957
10282
7888
4512
7354
14076
2984
3330
5798
2826
9843
2533
16312
12254
5280
14278
4206
2315
13901
4375
10413
15195
6186
15505
3709
4771
11247
12869
973
13390
13786
16364
11270
12295
14739
8544
2861
1131
12053
9676
4944
2628
9701
15490
3006
965
5779
8578
13286
16354
16193
3768
13100
1938
5096
7750
13984
5017
4030
15409
5168
12083
12370
11002
6598
4759
2168
13131
7103
5804
5235
9992
6312
12470
7300
2504
9197
14364
13572
13252
7061
10680
10252
12962
782
11373
1622
5496
16137
1449
4498
3037
1609
15236
13334
3000
9277
9877
7533
8825
3424
8889
12257
2877
11802
2005
14976
10903
6418
14785
4171
5362
13591
15661
16102
6653
4918
11425
6257
1855
11953
14933
2095
11985
12518
8001
5776
3366
762
8986
8289
12325
380
7701
890
11407
11309
10396
13321
1722
7879
10400
12511
12966
15708
970
9847
2394
8370
3253
15166
9323
16081
4667
13026
13566
7699
304
8038
10566
10253
13623
11329
15602
12963
8584
11967
3735
13524
11899
7087
2938
15456
13316
12293
3398
10361
9481
4196
382
8085
11910
8205
7190
11818
13847
3118
11201
12294
4757
7415
7090
1538
1895
8766
10106
12862
5429
3989
15878
820
4154
5741
1783
14625
11720
16330
3317
13168
3053
15084
9981
3435
3798
7470
15221
4374
5391
13312
304
6677
3582
13036
8817
613
11892
5332
12902
9827
3851
9001
14734
3970
9552
13873
3452
10638
8091
14224
5554
2756
15430
16298
15757
14969
13673
5414
14465
9732
4967
3790
3152
7193
7219
3438
7432
8126
1167
6845
4828
4825
5616
14529
15312
7687
7958
10994
14750
3761
2584
2469
12257
13104
13313
4859
4311
5736
12599
1296
15655
10564
103
7755
7863
6666
15876
16330
8637
1928
13155
13216
2489
1436
790
2886
991
3837
517
864
8964
14270
13507
10649
11184
13132
15590
2904
12971
8035
6369
4719
7366
611
15787
1911
3019
7529
2290
5283
12167
6602
13763
1046
7913
10018
3449
12735
15595
14423
10540
12200
4291
736
12727
2508
10658
4336
5068
5177
7011
10481
3924
80
5034
8494
13649
11395
2511
6516
15512
13813
4234
10338
5077
9488
11900
16181
9440
11945
4566
3468
13210
16022
10894
1783
15336
3850
11347
4244
265
6610
14715
57
3449
5396
5600
3549
3608
6005
5290
771
2079
6436
9454
5306
9476
615
15672
6672
9478
8022
1662
11663
6260
3173
10062
6895
5536
843
13066
1598
8310
10785
507
11200
16032
276
2984
10353
5366
802
7448
6043
6346
8759
13450
6511
10622
12265
9250
16199
8845
13740
12558
9624
5785
6203
1420
8202
15184
10343
6173
3317
12995
12766
3194
4858
5580
14374
8252
13923
13981
2402
931
13257
2935
7460
13667
11489
8857
5530
767
5238
12430
6904
8441
4748
9149
13567
6171
6992
11767
14670
967
5331
12649
1515
10622
8944
11904
11981
15477
10651
8180
6987
6395
7153
10589
13297
12578
12445
10813
3535
2465
7054
4768
8589
554
1428
12624
3590
7703
10768
16006
10266
16022
3590
6125
10860
1449
8411
2644
12616
3192
4530
4501
7539
15207
1430
894
4233
13433
2687
7681
10442
930
8128
5139
1080
16075
3078
525
2037
11024
4926
13236
132
13526
11904
7541
6256
15469
72
5771
7833
4140
9695
6498
7174
512
14060
3138
14412
538
6771
6710
12044
3025
15447
742
15484
349
6457
8600
12856
11093
12875
12944
9211
7417
10777
1291
15319
12200
4931
6373
12600
5510
14059
15801
11054
13342
16070
15517
10805
12377
13478
3331
2402
13975
148
6155
4721
1298
15546
6759
4100
8855
10622
6915
9803
504
4312
6250
2677
14735
9744
7443
11778
14166
12672
5793
13183
13462
13260
12290
6933
4059
11369
2719
15546
11972
8420
11933
1550
11970
10405
3701
13383
790
6780
15206
6388
3143
6729
2278
15403
11105
5424
445
11387
15452
8966
3752
4116
963
1305
322
10814
4279
9457
865
6330
1400
7283
11237
120
7700
3779
12836
2256
5507
1179
13880
14538
240
13515
11237
2363
7263
3682
16091
4660
14715
7624
14476
15364
2450
5287
15633
2184
2059
3329
10002
8264
6623
15732
12193
8106
7812
5961
11549
7348
2031
11284
12577
9294
11784
5180
314
11186
9931
12060
11962
2008
11774
10900
11981
881
14360
15002
13881
2299
14482
8196
3309
1744
16239
10925
2007
5224
9139
9199
8533
15827
595
193
15459
86
7934
14601
4595
4621
15424
7217
577
7598
13363
8638
8919
15067
11733
3209
7529
1438
14649
12540
16332
7065
11096
14149
3250
10960
12606
6882
5891
8085
11424
2043
4499
10641
11899
10403
15741
10920
9658
1800
15331
6413
12787
3537
3587
9285
8194
12434
13930
2559
9614
15902
13543
3139
15892
5238
5784
4411
3710
8983
3707
10659
364
10335
9228
6504
1278
1835
8672
11092
14748
9703
3313
15777
6275
13376
13414
14172
6975
4858
12905
1814
7524
12920
11065
13195
12605
14397
12118
8540
7099
11135
15655
4963
10049
974
6006
2376
7148
985
15028
6884
4628
13225
1181
13320
15121
8874
12676
8885
3512
8399
1666
15625
3993
15425
6687
8901
10064
3310
8498
5742
2050
2411
9691
3385
3701
5354
6140
1163
5448
16165
15502
5975
8579
15183
14324
14466
9393
14363
5985
9928
1989
16328
13785
1875
5581
6013
1512
15449
15676
8719
13446
9351
1567
5810
7766
9892
2785
12663
11918
10666
998
13691
15651
1859
1527
8346
14062
10264
10286
13085
9643
9581
15302
3906
4002
8732
8949
4209
10919
7412
3061
13805
267
5382
11501
10967
5588
15411
8677
12885
11325
942
1543
1958
5430
1610
5314
11934
11051
15596
5446
8303
13063
3883
14197
2012
11105
12907
10048
2674
16214
7785
2874
13245
11593
5703
8497
9088
8910
458
10545
5364
6507
2136
15131
8806
1186
4189
12429
3606
12833
15889
9440
11985
4751
12003
1613
14237
11819
6532
15748
13234
4852
2864
8832
2110
11690
1697
9008
1792
9215
3360
10750
712
15728
13073
365
9557
7719
12098
6371
3145
2301
1111
11891
14719
10843
5681
2823
11623
7059
14449
10873
7018
15520
7578
7136
2723
4445
8658
2159
10104
110
384
6271
9883
7856
67
465
5162
800
16257
12002
14391
10287
13653
9030
13586
11247
10663
6529
13632
421
2432
11571
8513
2099
16281
1949
7392
7848
2069
15179
14756
9310
15460
8387
4358
10099
8383
16039
1445
4955
168
2535
13149
2893
8561
15069
14899
6242
7850
1305
1987
4679
3817
11869
15167
11975
2571
12708
13453
280
3646
13260
2297
8931
6379
4459
13861
13172
7847
3015
12465
8852
3213
3711
14180
2001
4448
7921
1097
5389
13064
11474
12250
3857
9461
1579
13136
13269
9888
7947
15883
15197
8758
14854
6737
15217
3054
8901
10822
13127
12333
16238
8134
7953
7743
13452
5840
10075
12744
1868
2375
4228
14826
3698
10275
995
4194
15239
15019
11981
5136
10237
6877
2314
15463
15520
8928
15144
7201
10904
9840
6533
12946
13509
11900
6444
1447
8034
3722
5996
3143
6819
8983
15930
4906
15220
1709
6908
1134
10435
10391
6703
15925
9119
14920
11072
4691
14241
1914
2484
14285
14816
15841
958
7778
10567
1742
637
6127
4106
9932
12967
1989
1646
3562
13730
14189
12746
9837
8383
3212
14730
13948
14955
320
2505
11769
4825
873
5725
5469
14070
49
11966
15164
6769
7715
6499
1083
448
4345
7510
616
4870
193
154
12578
7747
339
13282
923
496
9811
7119
11005
1659
1997
9560
6056
13291
8055
279
12065
10965
8313
5953
14326
3682
2980
9348
8922
4088
12639
11636
6208
10075
2228
12423
649
2874
9028
794
3182
7668
13855
9823
336
8680
10568
5713
16132
15578
1499
4249
5099
2539
2973
7915
2318
5616
11806
9911
3993
6424
8575
213
12672
13830
7258
8263
13836
14584
8129
929
12684
748
13777
9791
3382
4236
13713
14797
6509
5977
75
5478
5676
15138
13553
8329
7324
2216
2847
12701
7407
12775
4312
8675
4192
7137
4172
3594
10335
6224
13532
14834
2353
485
102
14741
11557
2443
2978
3234
8892
8366
6320
13229
14727
9068
7860
10925
175
6071
6640
7042
3618
3135
4167
8745
9411
631
10060
15109
11455
16054
5726
15002
6893
15301
1051
13788
8569
13277
7708
3755
10752
6214
5986
67
3553
12803
6039
13662
7252
5192
16262
10875
11835
4315
13159
4529
159
15925
11316
12764
1243
12310
10149
14312
11974
2908
11471
8500
5304
11893
8855
1742
7493
12791
7127
7944
12034
13212
6236
9535
10063
5594
7342
3227
377
12398
4778
12146
15274
9049
6253
12505
9581
10535
11178
10455
6434
10370
10071
14418
15896
10567
4718
1151
14357
11052
12399
9609
15193
7772
5417
12562
8954
16107
5758
8410
1846
4899
15942
9218
12227
3578
14237
3909
13747
6707
9242
5285
11410
6711
8889
8566
2626
2598
4167
4453
15003
13246
1587
9262
12586
9157
1312
12425
15422
9077
3420
6088
3057
5738
8814
16109
5683
10412
14286
7238
13463
10218
2975
1089
1268
15634
13601
6454
11258
6433
14615
10199
13913
3208
16268
7925
12696
16241
342
10950
8073
3912
14775
9998
3636
212
4154
512
15701
10720
5848
5722
3952
1113
14113
6173
521
3126
5226
1145
6268
14916
3494
14055
8918
9613
14647
11678
13354
3406
10976
12851
3125
10665
8353
14614
8634
14304
12304
8975
11967
6462
6100
7655
6093
1200
459
14893
538
2188
9418
6
11862
10654
8590
13220
12393
9940
11179
12721
14297
14299
1452
10143
13782
12876
4335
10481
3086
2663
13850
13090
4753
6446
12173
3489
9791
13020
9175
14150
16100
13218
9780
7194
4337
12959
4355
6941
12096
12476
2006
4890
4316
14657
13960
10110
15918
11468
4992
6448
12450
13969
2066
3936
1739
11445
2268
6339
6686
933
13118
5213
7316
3516
6715
14329
8155
7674
11486
421
9338
13793
9197
6708
6158
11900
14022
9738
12215
2092
16043
11266
15838
15894
4161
8221
13964
14330
4753
9582
7909
7798
3187
13655
10881
15404
580
12564
14920
1888
7318
13834
10314
15302
1296
14411
7105
9714
15953
15065
1624
16087
12496
10466
8706
10554
1541
8856
271
4971
15805
5044
10241
2871
12624
13867
2566
12625
15073
7087
15600
3486
1711
4379
6921
7110
3813
1204
2912
13044
8572
15350
11137
9814
1999
2848
10659
2320
4427
9161
3919
12520
6390
10412
3703
4399
12124
11490
11513
7769
16135
8124
5102
8115
12121
1742
3159
5163
9450
15619
1049
5235
91
13645
1180
185
2618
2925
9048
9822
8309
8047
8429
4348
14175
2520
1458
3424
6862
4381
543
6181
995
12310
9964
10774
14678
9814
6661
10323
10669
12490
9701
6579
8364
9523
5429
2596
12693
10621
180
4791
10324
7230
6499
10055
14655
5493
413
420
654
10784
7152
12248
7435
10370
12615
6951
7723
9908
14685
208
2621
13973
3659
13324
8746
881
12825
13872
16349
13959
5311
6654
15035
10611
1126
1563
10423
2537
4750
3254
694
414
8990
15476
8523
13978
1255
66
7068
9330
13881
6813
8705
10300
8611
3250
10598
2079
5229
4110
4793
12896
1076
2591
7383
8475
860
13494
47
14114
12576
3606
2376
15814
15699
5281
13348
13983
521
15358
11546
14560
11178
8467
6783
14091
11127
7650
13248
7823
8869
11479
1238
328
6916
11291
5379
10994
766
1887
3935
8558
1270
10129
15977
7688
1329
9509
12278
2813
5300
684
9806
2149
434
4049
4081
2377
15189
11296
11379
459
12346
969
5013
5706
15551
12503
720
2043
7620
14804
3796
16077
15989
3790
2034
16269
3810
3456
14731
11164
15193
8723
3803
2808
4319
9684
2845
5176
4514
9203
10154
13901
11761
2405
1772
12591
2860
8429
13304
6590
6151
5214
5587
12839
255
13575
5461
14056
8984
15918
12377
11203
3075
11058
7806
5763
3888
7046
2181
16273
13393
7918
3459
11544
11398
3017
12972
8613
8829
15312
2655
13323
10185
819
2021
9500
8724
2451
1886
8607
344
5004
15527
10137
8332
8806
14037
12556
15698
12507
2940
2006
8600
7312
3290
2243
8244
13262
4076
10836
6774
15707
4992
5701
14243
11042
9205
7227
9180
4609
12115
5121
7430
9249
171
6452
2019
11773
1404
10584
11236
16201
12775
13775
12745
3862
11418
3594
11876
4268
11667
12434
6352
6766
6721
3555
12856
14708
1065
5135
9693
9121
4872
14947
16091
12315
13283
7653
2525
15669
9687
16171
314
11484
1234
15640
12460
12466
16012
13076
658
5375
15301
13380
15661
2231
13346
13987
9150
1524
7884
11654
16215
7622
2087
11196
10753
316
8660
905
9999
4256
2051
456
13020
336
5948
12892
10543
8606
9540
10782
5777
16345
15066
12975
5051
14243
1328
11609
7285
3319
3444
11618
16111
15772
12204
5026
7436
14038
1769
7012
2114
1462
14674
1154
14484
9776
12728
9083
4499
10297
8128
15771
15786
11396
8481
12266
14759
3532
9944
15021
806
14715
4877
1376
11893
451
2387
738
16226
15053
3280
14919
3647
6572
306
1686
11200
9274
2000
9634
6146
6278
2728
8881
3095
1391
9559
4258
2024
6483
15663
1147
2127
4229
11569
15158
12116
3321
6398
10120
495
2742
5989
12475
5749
8583
15563
13551
2473
7031
14938
11487
6450
7062
3753
10616
3497
395
11450
6507
9683
11210
15158
2643
804
8727
13650
14079
3007
10500
7713
6838
13433
9215
8113
10351
8205
5773
15834
1530
10858
9729
10999
892
11256
4332
12104
2810
10110
2183
11947
9872
14118
3336
7974
15555
13228
8810
16351
4594
7445
12440
4783
14792
14310
9386
14693
12639
5090
5542
5858
5892
15128
15208
14615
10593
2488
16375
14431
6794
7709
9282
12320
9092
15809
14951
9904
2025
8321
10906
13451
8578
7121
12792
5417
5102
15428
15329
13946
15484
13550
796
4656
4637
1403
4225
1890
4338
2800
2053
16210
2535
3028
14168
15895
6734
11268
12546
16069
5152
13242
833
8963
1738
1036
4581
16054
11365
13393
8379
15854
4028
6099
5408
920
5011
10778
12407
12064
3499
9496
3335
4074
15288
12157
13190
6266
15213
11515
3223
4411
13008
8398
15597
13528
13800
1976
6479
377
11489
3673
9611
3536
11917
1950
5533
3781
1365
3865
8974
6659
8609
6208
7431
7126
2923
5475
3438
4798
6801
6017
11940
3711
4388
307
8935
6493
16276
5769
8772
9570
14204
10291
8507
15395
15982
8535
8056
15674
9388
13151
926
16070
14761
5871
140
16304
8141
5552
13275
2866
12448
7104
10529
12965
14940
12966
11664
3757
5183
15129
10546
7472
12219
2546
4689
12919
10789
8065
14643
3241
7682
2946
2434
5472
13546
2976
7061
881
16348
1151
15805
13017
11509
15038
9680
12657
7121
3780
9299
9983
15290
4917
13392
6049
11570
1887
5365
12685
16242
2866
