2494
3228
1730
1375
3751
799
3120
1448
3071
3471
1395
321
4060
1165
1682
2806
85
736
3253
1165
1792
3194
2875
725
3009
2597
816
1605
1105
3303
2898
3129
693
1332
3685
3184
1657
301
3432
4091
2313
3271
3413
1464
2870
3568
431
3695
1965
3224
3376
3868
2148
866
1594
3010
1724
2536
1654
1012
3360
2131
669
122
1823
2891
2018
2532
2925
4069
2362
2415
1324
4026
3231
3127
70
2709
689
3674
3714
4001
3674
3706
1809
1594
1985
1889
3421
1570
3770
2149
2616
915
3143
1377
2295
1784
541
4005
77
1631
3302
277
2021
3572
717
4065
3557
3894
1876
953
98
2514
2761
2859
454
815
2013
944
2019
1164
4023
2185
2576
1288
242
3764
598
2694
1259
704
2632
1298
4040
647
683
3239
2098
1562
1135
1948
1406
918
383
3078
4072
4094
946
1509
805
2912
2353
2007
3123
2109
2517
2453
2677
992
2345
3076
601
2230
3405
246
3036
2008
1074
1878
3183
1527
572
3386
3911
2863
2962
453
2690
680
533
3862
2772
3942
829
1564
1736
2053
814
1003
2776
749
863
1706
190
3366
2271
3083
1485
2252
1205
1607
1695
1469
189
3866
2181
3866
1826
3367
591
1325
511
2740
2538
660
2940
582
3704
3383
869
2572
2389
2804
2874
2871
1238
3994
1735
3242
686
1084
3015
363
2489
2063
2348
2507
3897
3681
2138
890
2387
3497
1170
204
666
440
2738
726
681
3012
1511
4084
93
4080
3978
2983
3870
3261
3793
3320
44
2194
879
3951
2094
1305
469
542
1226
3663
3935
3451
3885
1610
1775
2650
2935
1741
813
1641
2164
809
2489
3158
1970
2803
3390
1340
710
1676
2753
75
512
1920
3181
276
2195
1200
2008
3388
3688
3578
254
124
3429
377
1184
72
49
1330
2854
1678
3840
2628
929
1979
357
2078
2967
2197
2477
3120
2136
2792
2886
3940
3051
854
2796
422
1843
66
2723
3778
1044
875
435
2795
2154
2279
1943
604
751
2281
2327
3307
1080
109
4004
3100
2221
559
2576
2033
1560
1218
2715
825
4074
2741
1554
80
1495
2354
3195
1688
2887
326
2472
3786
3802
1056
3920
3614
2998
1822
2295
1587
2534
3527
3763
8
3381
3251
2386
2168
3554
2855
2279
1728
472
3431
77
3046
1484
2600
1461
2692
3767
2994
3442
1749
1248
3146
3164
4027
2338
2343
3431
3798
3225
3774
76
4051
483
3182
2238
1829
3689
1408
1169
429
3500
1169
356
2988
3955
3836
3119
372
179
3633
1359
3358
850
3488
152
2699
3779
3381
1572
3589
965
278
949
643
3215
1
2147
2217
2713
3031
567
2188
1415
4045
888
1406
998
3489
41
2020
2466
2797
21
1794
2549
3668
3200
2763
2577
2721
2390
447
1124
2966
3422
1414
1380
1884
1475
289
1219
3541
1771
3478
1294
2718
3649
3894
939
2160
1807
3672
1372
493
608
2833
341
2695
1351
3748
2454
1810
3396
2773
2253
3455
1539
2466
2978
3933
2091
3042
1245
678
599
1144
1717
1163
2152
972
3637
1591
3768
1103
3612
193
3861
2592
162
1355
1544
3622
3476
2639
1101
914
1384
1218
352
1234
4021
2536
3316
1203
2394
851
3947
2827
2620
2857
3532
1051
980
1590
3122
1126
296
248
574
538
5
2401
2911
3626
1626
1131
3482
222
693
619
3341
3809
1771
59
1462
891
3399
2319
1437
4084
3988
1856
148
445
2712
996
2405
637
237
2895
3754
3805
3445
607
289
3605
3705
4074
4051
1948
1740
1115
3817
316
1263
3346
2840
638
3541
2719
3643
4090
3059
3085
1431
3293
3092
1748
3896
3091
2498
2107
1313
2501
813
476
611
2190
1256
3317
3748
908
2319
1511
1978
770
346
752
742
367
3854
3331
3000
3365
3298
3610
3502
198
3768
2528
1956
3290
1458
276
2599
8
3733
3456
2393
2830
2063
3061
1706
2383
389
2303
2054
58
3358
2654
3631
887
3196
778
2797
1903
3956
4014
1692
963
3893
2584
1143
2083
1239
1929
2678
3979
2910
2256
3279
30
2063
1629
3132
291
1172
3269
3116
3693
489
1364
172
1249
2600
1546
2831
1817
2122
25
789
2204
1473
2701
26
3167
3951
2888
3151
975
975
1169
1865
659
643
3550
780
727
1593
2461
2867
2582
3754
3327
2260
2711
2214
3533
2235
3207
2544
3457
2770
2346
2690
896
2892
1865
1514
3258
3173
1785
1523
553
2331
3251
3622
706
1355
3782
3518
1180
272
366
1506
3936
128
902
2370
1940
1535
1058
1587
3004
2408
2627
1149
93
2131
145
3248
974
1989
2375
440
2638
1145
3593
242
567
1007
2279
490
1075
3263
3749
3079
3945
1522
2382
801
934
2358
3344
3866
1940
680
3511
4056
624
926
1355
1917
3083
228
3864
3285
4045
4064
3333
1612
3844
130
826
3192
932
3004
3990
198
2136
650
2194
2810
2472
3019
3675
411
1569
3030
2564
3791
974
767
2156
1898
2725
2499
2516
3637
1819
2240
331
2614
2748
3942
1538
2119
2750
727
2423
2845
2328
1249
2604
2783
976
2384
47
401
3930
481
2993
4058
1120
2262
951
1554
1493
216
147
2829
1985
1641
3860
2392
3736
1951
4054
851
1526
3213
2698
3614
3436
2744
3980
1966
3884
2662
3613
1000
1363
2617
247
1298
3224
27
1460
2667
2477
942
2225
2966
1718
1885
1436
2112
1724
980
1488
1102
2199
718
2845
3856
3714
1876
1670
3612
2521
316
2314
1408
2298
2886
2197
3276
1443
1544
867
565
822
1572
302
1011
2251
3193
211
109
1893
2538
3501
1956
2207
39
2628
2743
1767
152
2484
1513
650
3112
464
1327
2724
2338
2000
3865
2109
695
1569
1150
601
873
3558
2009
2283
1250
3197
1041
3802
3819
641
1103
3292
2766
1454
1284
2823
3608
2447
3503
2705
806
2823
1558
600
367
1456
2649
152
3947
215
3573
3305
1955
19
905
2743
916
443
2184
2507
3197
536
2366
3312
3368
3776
2897
2736
2304
2799
3406
1850
352
1063
3730
2475
2784
32
3727
1297
592
98
1510
275
3952
1073
2678
1943
1050
1459
2715
3027
2349
1298
3050
513
901
2903
2268
4032
606
3061
1554
879
3295
3047
3169
1328
3762
1802
3528
1513
1122
3515
327
738
802
1211
3435
2785
332
3568
2279
752
4028
2611
4029
1339
493
437
2014
1158
2637
3557
1522
2402
1947
3077
2486
179
1719
3255
3219
1546
2233
2777
3635
522
3592
3086
3567
2976
3565
758
2994
989
591
2567
353
1421
3619
2259
3179
1972
2830
3412
3760
276
781
3492
2558
1819
1775
3791
397
3644
88
1872
1600
42
2484
1461
3020
3120
1311
3277
908
3284
869
583
1721
115
2003
3378
523
2993
1673
884
2833
3695
1812
3272
2038
969
2803
96
2033
2780
803
1902
111
3206
3391
3729
575
3260
4017
2663
3087
868
407
49
1719
299
2521
58
910
2821
300
2269
20
1170
2784
319
3991
788
2373
1793
1975
3775
2513
2284
2944
1767
3841
3406
2337
722
1337
2066
4093
1828
3506
3189
613
3256
2175
574
2526
1411
365
3891
638
2009
3546
2858
1193
1691
3796
3460
3600
1983
2031
3262
2418
1104
2702
3154
2022
485
3183
595
2257
1882
1793
2297
2916
1505
3463
29
3894
405
64
1582
382
1176
335
2394
3342
1697
2451
2283
955
94
2035
3607
2593
2593
97
4076
2958
1714
1851
3390
3893
1321
2225
2233
2247
426
1918
1677
1199
3853
4000
2187
3151
1971
1640
1198
3690
2120
3545
2591
1889
546
987
3622
3751
3157
1587
553
3797
2559
3606
2935
2351
3136
473
279
2593
2176
1988
784
3685
2842
3049
361
800
46
526
1520
3843
2916
285
1221
3690
2571
3205
413
655
997
2574
831
282
3229
2159
83
314
20
1661
716
2433
712
547
1762
1401
1865
718
2497
715
2258
824
3100
2621
2762
2649
3284
1864
934
2554
1090
1448
1691
2451
1103
463
79
2254
91
385
2895
3934
2681
3733
3512
3906
3281
128
2084
3368
2021
1040
2718
1457
3986
3217
3386
2216
812
2643
3506
242
1351
3310
3430
1971
766
1569
526
3273
2692
983
2930
934
1591
995
271
1866
2248
3291
4035
3566
1792
1746
2510
3672
254
1093
445
2876
2023
1536
320
3651
1899
3796
3821
174
2746
1528
888
3354
1742
1588
1346
455
3589
1508
3719
2421
3217
1303
3474
3231
2415
1961
4081
1333
1025
645
3177
134
882
1630
790
385
2110
2808
3334
3843
3570
1455
1901
1449
280
2319
1468
3953
3247
3244
4051
1487
666
241
212
2261
1056
3599
3909
1727
3565
3010
3592
3146
530
2695
1421
770
3093
772
2576
3954
1726
1471
2681
3711
435
601
1256
1399
79
2863
1914
2181
1310
3157
1534
4071
2407
782
265
399
3264
1174
2428
3398
2432
1
309
525
3273
866
3315
3937
134
3706
1501
591
1706
2704
700
542
2633
3557
170
1855
2873
3809
180
3576
2225
716
1234
3517
2560
3029
1348
2469
1386
3786
26
1264
2988
2140
4025
1099
598
2754
2002
1368
3481
3843
4002
366
272
182
1562
924
3592
2598
2355
3213
1796
3518
38
178
3138
33
1295
565
3566
2346
1301
2007
2111
3192
3657
534
3623
1783
2085
2078
1279
859
176
2982
2636
779
166
986
3084
2470
3328
569
3362
1739
2699
765
298
2637
1597
2164
3873
3300
60
603
2480
3365
2928
3727
965
229
2389
2996
2880
735
2552
2622
1190
1691
700
3366
1144
459
844
1065
934
127
2356
337
607
2917
3967
1693
3917
1787
342
1959
2884
275
774
3987
3592
3739
2237
783
504
2401
2349
2226
3417
3065
179
1135
3377
2899
1692
2847
1901
1581
2067
3661
3149
2135
1081
2194
1069
1495
1748
2772
1091
1352
3877
2133
1053
1848
3236
859
975
3928
2669
3197
1069
77
1284
301
2344
1347
2833
1863
478
3181
1684
2749
375
3862
2833
2643
3966
3047
2894
1720
1910
3775
2867
102
951
2042
4041
159
2826
1911
580
78
691
1161
1191
3947
2285
37
17
3055
3307
3824
1461
1691
3060
399
3675
359
863
1986
310
2961
1838
184
97
1988
857
2159
3657
95
1216
214
3054
690
1658
1988
1959
3498
467
3881
1013
3881
3081
3712
1148
2905
3374
2337
278
1107
3436
2445
1148
146
3670
88
3219
3042
1678
3612
561
2182
436
3301
817
2859
806
893
2302
749
2917
315
2526
1648
1717
2464
2960
1196
681
746
3451
3451
3509
2148
325
58
57
1759
77
3100
2620
1170
2379
683
2313
963
2921
4077
2347
2701
1742
1319
2542
2656
1634
1313
3246
1740
1706
935
1610
3799
453
2828
479
1888
1748
3315
2353
457
1599
3081
2806
2847
3343
3817
3221
1003
3677
2480
2216
1316
485
2540
3721
3616
2131
3668
2827
2560
1371
2909
2973
502
3975
2157
704
1797
937
706
1265
1884
1020
676
991
1099
1342
2238
1424
4052
107
3805
3260
385
4065
105
2267
3236
1942
168
39
1246
958
696
3664
3396
2574
1662
743
1746
833
3564
2477
3310
648
312
2628
430
275
1905
2577
3213
1033
2437
1019
1318
54
1627
2897
1087
3600
3367
1185
2733
2118
1577
3591
2792
2537
2169
3666
2674
3783
2067
3416
1949
954
810
679
1308
1659
2078
1449
3483
787
1445
3917
1809
3630
2491
3495
873
2037
2601
1544
1357
1486
2480
2277
1606
3407
3225
1999
175
4085
2007
2888
694
3792
354
2553
1279
3251
1303
1966
1780
860
2875
1988
2745
3395
3946
2991
2351
402
117
1549
1523
687
2280
496
1715
168
2220
3137
3554
2264
208
1182
1798
3376
865
3712
1206
207
557
1592
3051
519
2394
522
3462
1252
1154
821
3663
2586
43
2744
384
3009
2311
3872
1410
2148
2629
100
1193
496
3563
512
1713
1362
1750
1665
1927
2522
3356
1583
3173
1547
4055
3743
2241
1322
1840
1609
3788
3997
688
2617
3809
2509
2161
1436
907
1911
3111
1405
3648
1374
2558
1851
2319
1284
1473
1739
1971
679
3165
2075
3445
3805
3296
2538
2281
2456
1679
2756
2454
223
3454
3942
1190
3211
3043
2779
1401
3974
2247
2528
3800
3304
3844
2175
3359
1467
641
2128
3840
1170
3695
2632
997
1325
897
1054
830
2842
1055
705
3600
2963
3930
380
2318
2538
2503
926
2043
3875
195
1959
2999
2089
2711
2272
81
3434
1403
1202
3420
1711
2082
3743
839
3949
2208
1351
2379
1621
2738
1480
1378
3795
126
3566
320
3961
614
1111
3585
726
2748
934
3011
1476
2239
2720
738
855
545
2790
2630
2878
1940
198
3940
2598
1437
2530
1736
3805
2790
3007
2556
4057
2075
3942
811
3347
557
3894
6
1627
2715
379
2338
2256
413
3497
1262
4037
665
2158
3926
3390
404
2545
1435
473
5
2049
3662
3399
3532
121
3467
1386
1750
3848
814
1799
3693
3111
2011
170
1085
1078
421
3012
3880
1935
2785
2399
3266
879
1817
2789
209
566
375
4055
405
1075
956
1558
3312
3313
2423
1591
623
62
3185
1258
2946
3345
3061
562
3505
2952
122
890
1039
1832
3497
2121
1808
3873
3196
1508
2707
3594
79
3268
966
2702
454
1157
2932
2621
1627
355
2670
2232
2096
2958
3304
1510
1347
262
1388
2486
2791
3362
3948
3553
3081
3056
2523
163
3126
3758
1577
2179
3847
19
3429
3823
1518
288
518
3487
2425
583
829
2803
1249
3394
398
1187
126
3499
3046
2630
2867
462
1240
2418
3966
1846
2425
3081
3993
3401
3806
1388
1659
1250
989
1575
1680
2303
688
3176
84
1026
1501
2573
294
2538
358
2034
1497
1666
2888
2383
692
1966
2772
3249
3610
3672
1462
2487
1538
1135
1826
1068
3334
1681
2560
2788
1560
439
3807
621
793
555
877
1518
770
3489
1950
2918
3093
2995
2078
1768
2527
3287
3456
3221
3799
633
3110
2933
151
3768
2188
2842
46
109
1956
3024
3813
1845
596
10
1070
2451
3432
58
912
2638
3578
1326
2461
2043
2899
3907
11
1862
4016
2872
1274
2428
2640
3174
655
1505
2389
1885
1080
3307
335
2246
3808
3045
4062
142
2095
1790
3122
1624
2772
2787
2626
163
3266
3219
941
1636
3403
1930
108
2701
336
2000
2418
76
1635
2835
2369
2917
2666
1487
360
474
3553
267
2811
3656
2592
312
3044
2906
2956
2512
1882
1176
3801
2152
3326
2916
2313
1652
263
656
535
1187
3195
1596
2924
843
3788
3801
3227
1158
2225
1702
2102
2543
163
1452
3755
3597
961
3238
3814
2184
3718
2155
1585
2449
233
533
2487
2907
1839
1310
15
263
2146
1152
657
2245
435
2467
1725
3267
1094
649
983
2465
805
2421
2739
2809
2495
1381
972
3736
2368
2242
1723
532
3796
3667
2761
1702
3251
1447
2326
63
3825
403
1837
1464
191
774
1387
2784
1517
3285
3136
360
1037
3989
2393
3339
363
3529
1037
3040
2201
1409
245
3888
1980
2774
3395
1975
940
924
426
660
1704
873
1291
2757
517
127
207
876
3061
3032
3735
3347
536
438
2401
2162
514
741
1926
1032
3488
1480
694
606
2070
779
126
3194
781
215
861
3416
327
1328
3022
1247
3408
2504
438
237
1081
111
78
617
1745
3827
1661
395
2896
2251
3568
2722
3753
1916
1624
2197
3870
2433
2652
1184
1201
1080
3588
3625
3687
492
914
1960
2876
2561
2515
4078
3361
583
3841
141
3373
319
2592
3297
348
3953
1786
3543
3989
2387
506
1045
3512
658
1785
3767
1547
1573
1840
3938
2771
3662
819
2076
3309
1575
1457
3013
3942
3957
2561
2780
4
3446
2734
73
4028
2946
3876
1416
1296
1823
2762
1097
2057
591
3822
1172
519
268
3173
691
1050
3463
1409
1902
441
3171
2847
2027
1059
1441
3516
451
4047
2097
2600
2388
694
3575
1139
2521
3208
560
831
4028
3026
866
821
2023
299
650
2273
2340
964
1837
2962
1833
504
635
2262
3933
2503
162
2608
2708
3114
2383
2964
3870
2508
3802
2552
3745
3821
835
4047
4039
2022
391
404
2169
2413
3130
361
3321
2174
3825
2359
457
1843
1809
650
3230
496
46
1496
4015
764
553
3675
2477
1385
1786
3390
3587
789
495
3736
1428
113
1389
3460
2228
2023
2271
343
2162
1019
954
3133
3016
1116
765
2461
2794
2894
2181
1705
462
344
3177
2583
3222
1773
1515
1708
2324
960
4047
3913
3373
2988
2480
1111
2797
1504
1540
2669
1124
1912
2449
1853
2745
935
3918
2662
235
2480
3387
1278
2223
2272
2771
3165
3051
3675
4076
3519
26
2982
1914
587
1617
1457
1847
3747
332
2592
2481
2334
3456
482
742
2572
3444
1749
2405
1354
196
1261
3404
2699
2027
2644
2089
1839
2115
1428
1913
2396
1962
1687
1319
165
2880
3890
3543
1398
216
89
3041
1806
4043
602
715
2473
1644
3148
3039
1234
1666
3441
2315
3503
2827
472
1572
2508
2334
2071
2539
481
3477
2107
849
2020
90
1416
2434
2237
3927
3486
1068
536
855
1672
136
56
3769
882
1013
1092
2499
3407
3610
1275
3904
1364
1671
3064
2647
2665
2018
1543
1832
3411
208
1055
3066
172
1630
783
3950
1422
1504
2603
3810
3710
1622
2543
954
3056
3676
2788
2106
854
1221
3178
2901
467
1970
844
1030
2430
1227
1181
2422
1921
1509
3096
2105
1749
2746
1034
51
3940
1692
289
3525
2696
1841
1455
391
4023
1742
963
2489
1914
1608
54
4030
2565
2631
251
404
4054
669
1989
2303
721
2346
146
341
3901
3081
471
1168
2024
2739
1587
72
1844
3344
3662
1107
754
978
446
100
4015
2317
2470
602
2555
2107
352
3935
2629
2382
3133
3242
2979
2029
1092
2662
409
3250
475
1907
260
3316
2840
511
3859
921
1113
18
629
4082
1247
3134
516
1166
1107
2279
2308
2292
3473
103
877
518
217
3836
1474
3806
2963
3621
1532
3201
1782
1375
2845
2389
3289
1319
2390
411
1956
1539
638
2445
1916
1923
3697
326
3144
4087
3504
3250
1981
2784
146
1480
3061
120
3648
3508
1421
1111
1523
1071
1015
2939
3220
3870
1736
621
999
2798
1554
1876
3749
2315
4071
1882
878
2305
1122
1922
2409
2228
2099
3355
2839
3938
3232
54
963
3151
2773
2257
3587
3481
772
293
1913
775
1606
3113
997
1882
3601
3166
4060
1329
2355
3394
1405
574
187
84
2516
904
3172
864
110
1913
4014
1422
1824
986
2717
3498
865
3723
1279
1456
3875
488
1858
1246
2947
3640
3134
2593
3170
2627
1977
1970
3175
3617
807
1072
308
3469
2360
3853
2580
3067
1076
142
2228
396
1845
469
667
1791
2925
3679
2003
2940
3246
2486
3724
199
3892
3875
2974
4042
3834
2107
1853
1797
1235
3216
3811
2895
3573
4001
3764
3757
1414
414
2356
1959
3434
2824
1892
4046
2210
2573
101
1797
3859
3197
809
194
2100
1821
3976
749
3570
2831
766
3102
1570
2696
724
1592
4094
2272
2913
3401
1769
3035
193
901
3766
3036
1703
2169
2229
28
1941
1200
3123
1035
3839
3209
3435
1643
518
117
2190
2917
3247
1951
827
1256
804
3533
149
2507
1478
1384
3188
643
2576
2582
3029
727
3673
2825
3216
3930
3274
3360
43
2286
3869
1252
3451
3972
845
483
1441
2111
1108
424
53
513
70
519
3228
1181
877
3035
3283
305
2803
3698
3399
1514
3920
256
4014
347
1865
3755
2859
1312
2629
649
3552
3540
3176
399
2582
277
1746
644
3575
2086
916
3908
2470
848
3556
995
2294
670
1163
2978
245
4026
2274
1690
669
1336
2665
3285
2659
3244
1967
2547
171
2512
3362
3336
953
464
1336
3057
3560
1184
2706
2879
2120
1631
2385
2284
3849
3536
213
2453
2970
3162
66
3425
1397
2240
459
1512
607
1336
2569
2504
3007
1463
488
543
2125
1251
2715
393
377
3059
664
956
2569
3634
2069
3787
17
1213
3378
2332
955
3789
3128
2228
1242
2128
1660
2462
1901
3933
4065
3217
1510
468
2307
808
624
536
3196
2359
2078
575
4044
3305
886
3509
3015
1969
101
4074
43
761
2528
179
796
1306
905
1317
1616
1769
2996
2073
1793
2835
3438
2677
2411
2442
1931
1433
461
3482
2006
3322
815
2851
1319
1653
1333
2448
3236
1727
650
3012
1200
1584
2893
2467
3280
1283
2455
590
3085
535
2488
3474
2102
1734
2875
3634
607
1978
3458
2990
2381
2550
4007
3393
2007
1245
2229
3192
1940
3772
2845
4023
2550
1811
448
3159
2957
3554
1348
178
1632
53
3246
820
1165
304
1602
3047
1610
818
3896
3559
2664
1258
993
2449
716
3477
580
2107
3356
3911
15
1584
3947
1299
3658
876
1566
999
734
1914
3345
2696
3650
1991
2566
3019
2669
3482
1092
2589
2496
1818
1144
3225
111
933
1375
3371
2253
1340
3145
947
3521
4065
2785
2624
2700
2457
3755
3606
4042
2988
3837
2695
3916
845
57
1162
3102
1522
2069
730
506
2008
1436
966
2886
809
2947
1985
146
3245
3789
748
2327
1605
88
208
2071
3696
481
2129
3014
4061
642
1751
1148
3872
1111
4092
97
1202
1581
4081
1055
3671
1161
3525
1579
2249
470
3574
3333
3940
1404
2241
1424
1539
3756
2837
443
3480
2176
1269
2985
2141
1882
3947
2941
80
1590
876
772
2599
3187
537
2239
1248
510
241
608
3989
2174
1154
2746
551
3081
3198
1366
2195
2456
353
2224
3580
2785
2143
2870
3400
1208
1207
2416
682
2412
2046
3246
3260
211
2540
2997
2420
2344
1665
1705
415
31
1745
3553
696
4095
1198
3823
211
2126
962
2598
2487
507
2943
1539
578
854
2190
3988
2920
2637
637
2414
2666
4049
1447
1748
613
3570
1049
846
748
1227
1911
163
3587
1172
2215
1679
3839
3807
58
648
3129
3216
1874
2656
526
2776
3416
2073
3678
2632
2104
1914
675
3820
2778
2112
389
3851
1284
1068
35
347
89
836
3842
2905
3646
3904
1405
3307
3354
2388
4002
2397
696
3895
978
1696
2050
156
2945
2172
3342
3649
1539
2307
3767
2061
1539
2275
3791
1335
2553
1431
3537
817
2085
2639
1735
785
1727
1354
666
3638
2357
2599
1054
1112
1669
3623
1507
1699
3696
1271
3675
1858
3693
1305
2551
2868
715
411
1270
2554
2300
1075
1072
3194
2690
2597
2803
1068
3169
1181
2392
1752
253
47
1602
2574
436
338
3490
464
1145
393
3567
3248
1518
1546
2295
1088
2723
28
3208
2411
3916
1742
2485
3209
2800
476
2294
1651
3618
1494
3520
670
2115
1373
3586
2974
1800
1722
3419
3887
1260
2143
914
1770
1232
3003
3805
149
3036
222
1945
1616
554
2399
3285
4014
3397
2512
731
3585
1007
3009
3437
1130
1970
1538
3641
3178
1385
1676
3370
3159
1022
1146
2225
1719
1064
4064
404
1416
2396
3870
2604
1493
2208
2686
304
578
139
2908
1007
692
2294
821
773
1288
3885
1040
3823
3485
158
4057
3245
2272
3114
399
3799
69
3137
1287
2512
2270
252
2835
3687
3000
3576
1895
3792
691
315
3402
665
541
552
2074
3488
3166
4087
1338
148
3837
2939
1961
208
725
885
3512
3683
726
1242
2638
187
3648
320
2667
1464
2876
2880
2580
1947
1645
2446
455
1318
3578
212
2134
758
2259
2758
1523
2189
1913
2126
1303
3031
1977
3505
3907
2838
246
1715
1006
2334
1194
449
3
3478
3848
1577
1754
2977
1912
2951
1816
490
185
2316
3251
3642
929
1849
3413
410
1371
2362
95
1331
2331
591
1917
395
2294
3445
3544
418
2847
429
2872
2687
1177
2516
576
2249
4060
1547
2132
727
3489
2967
3607
2413
1152
3458
2101
266
545
3844
1597
990
1105
1881
2446
2341
848
2759
741
2735
1420
1264
2098
2203
2424
951
