6263
6343
5153
2533
4899
4970
1993
2869
3685
5925
7805
1644
2298
5574
134
6368
3154
3532
6198
3477
3239
6433
3227
6014
6148
892
6143
1802
4669
1518
626
622
2588
6587
289
426
105
1394
2307
150
945
7490
6101
3992
1181
32
1481
4026
431
4580
2206
2790
2465
7115
4835
3814
5696
759
3009
4928
1503
4983
3915
7064
2106
104
7180
5962
2205
5803
6509
4129
3175
7663
4730
264
5587
4338
6397
2652
1402
3544
6641
5691
6685
7998
8047
6378
6767
4731
4334
6594
670
7363
5321
6635
1831
5862
4805
4946
1164
5533
7298
7915
681
4524
4160
1819
6057
2419
5319
6130
5793
2234
4388
4902
6775
4463
3046
397
3635
4421
7463
1734
3281
5687
862
6481
3538
1604
5865
6069
772
1194
1317
1731
5305
4914
1629
489
521
623
3702
6560
3
7335
6092
5100
1360
6858
704
6215
4698
3659
323
6585
5366
8056
2894
2345
5988
251
7012
4795
4004
2882
1946
7727
2158
973
7699
1223
6337
773
437
4694
5887
6607
2890
3949
1916
2031
7407
3656
2125
4854
2450
5420
3363
8047
6368
367
1302
4030
1931
3629
179
3143
3393
1016
4222
7525
5272
8164
3112
3281
2036
3351
7954
2975
3314
7367
5302
160
4629
4504
5615
936
391
4549
1167
4515
7527
1216
1533
4170
3707
695
5084
5818
8114
4871
7141
2949
3671
799
4243
1132
5690
2732
1090
7236
2442
4465
5720
2064
4349
3077
7685
2288
309
461
6510
5252
4132
4967
6602
7242
1893
7035
1205
2386
427
5902
1536
5165
7651
3062
5378
7164
16
3706
7531
5905
2504
2852
7646
5250
205
6963
3681
7956
1160
1616
2486
1467
7243
2165
6628
7490
4923
3875
3443
1721
2393
3610
2317
601
4309
7346
706
2203
6864
3404
8184
1108
1937
7760
2054
2592
7341
168
4808
3210
5031
3169
7714
3219
2413
7952
7339
7361
2422
708
3828
6490
246
3803
1902
2884
2119
5177
5419
7554
4098
6220
2618
8191
6429
7535
7259
7193
3789
7933
4266
1640
2963
2592
422
485
6113
3878
2967
1649
1608
121
2850
4378
5668
4524
7428
2506
7863
6048
837
7151
5748
1720
5302
4533
4354
643
351
4090
1454
2646
1272
7322
4393
3069
3404
3911
1158
2102
4536
1406
7195
7439
281
3075
7968
7680
7138
6023
4882
1852
1759
3170
686
6620
1552
2655
145
5175
4391
6376
8113
7041
5098
2515
732
5790
6010
5630
903
4722
8005
2176
7461
7211
4909
7078
5333
1
76
6482
811
5837
2742
6154
155
2859
7836
5924
6962
4521
956
4987
1309
8039
210
7241
7129
6264
886
5989
4788
5514
6844
4927
1446
3769
839
1759
2218
1719
2553
3516
6516
1913
7448
7534
1040
6382
7486
4479
4388
3974
4641
2693
4836
4270
6420
6769
7914
5670
4845
3985
3635
518
6143
739
7345
3708
440
338
1241
4594
5470
6094
522
5776
3556
5737
952
6148
4046
3185
7197
3887
6837
3145
2942
1066
6689
2103
7562
2404
2030
4539
6578
7172
7766
5395
7686
2549
3805
280
2383
1535
3985
1337
1912
1695
5042
2285
7612
7112
2806
6991
2905
4311
2925
4321
8155
5987
3582
4764
6564
5395
1531
3144
909
7029
2888
5757
1515
5584
2312
1107
3482
7720
1810
49
610
484
2641
2803
4276
5234
7594
6014
1929
6481
4509
2016
5345
5610
4005
232
6005
7496
5517
3063
7660
4345
3120
7495
8010
5451
6177
1076
2067
5601
1784
836
1652
974
1636
6229
3261
6219
337
7545
633
4364
5954
6460
3063
3329
2487
2964
8146
5154
6846
1333
1468
4582
1780
8005
1295
565
1502
882
3444
3736
1106
1044
3448
4054
5907
5162
1041
6237
3637
7403
6544
5343
3742
6144
3973
7054
2479
3674
3036
7600
7634
2816
2802
6459
1091
1203
510
5534
5853
3934
663
6672
4263
8096
4965
8037
769
2588
2989
1800
2998
6760
4114
7760
1201
5698
1933
2064
3977
3495
6074
7292
5678
526
5519
5287
8067
6493
2572
4827
2800
548
426
3746
2288
6347
3004
848
4268
653
3382
5876
1625
4240
2488
8039
3848
6737
1774
6435
7249
8085
6481
6515
3493
1187
4890
6367
5360
1576
4188
3923
4680
4054
6690
3783
3564
1119
6341
4430
3722
5527
7017
6536
6868
2109
5858
3485
6840
7561
5747
6178
4786
1124
2739
4560
2048
7339
5716
8094
7491
3136
472
3240
1359
6791
480
4170
86
4928
928
7354
45
57
1902
908
7408
6285
6618
4433
4759
1149
736
680
3384
7336
3272
1406
6283
7542
4061
3288
7667
1220
6938
3472
1918
2528
3817
3826
7061
5908
5244
1015
7396
3273
1694
5241
2869
2953
2212
1226
4514
5485
2876
7335
182
4985
2659
8076
5328
3098
3215
4299
2902
2230
2936
795
3018
6266
3011
5118
2998
5326
6816
5265
5680
6123
1460
1224
3518
5577
4243
2481
2899
151
1441
2631
6684
2992
4411
7849
7309
4697
6464
7417
2052
3329
8085
5989
5438
7071
754
1625
7917
2065
1555
6659
418
4677
6730
3330
6903
3147
5736
7271
5940
2493
111
113
3772
3532
2935
7324
6932
6967
6714
3139
819
722
738
4099
2737
4040
4089
622
533
1552
2422
937
5688
27
2565
1409
5731
3133
1024
5171
2203
4556
4823
3912
1194
6032
4730
5748
5075
2433
7699
6739
1694
3348
5954
2174
970
5911
7118
1883
1405
3726
3330
1121
1994
2286
86
3286
5739
7177
1425
5605
1943
366
1062
770
713
1009
6219
1511
4855
7884
3208
3693
7681
2654
5805
6969
6511
5889
5459
2639
1231
1082
2330
3095
5688
8167
1317
3
2503
1938
6861
3793
5820
5806
5574
7906
6970
6412
4204
6432
4398
8075
1032
2462
651
2789
7719
6900
3757
257
7790
2437
1380
4286
5962
5454
3004
934
2907
1933
1601
3588
7591
5974
4831
557
1235
741
7606
8011
748
3335
7430
6191
6873
3529
625
3353
3021
2169
1415
2455
8139
940
4350
2164
471
3583
3613
7626
5116
3310
6145
943
3266
5368
6642
464
755
7830
3801
1661
2165
3877
3208
1181
7197
6505
7083
1437
5511
6261
5360
7559
1913
6542
4426
1254
2258
5788
352
1571
6722
2382
809
3129
1942
5415
4103
1901
3374
1011
4677
4335
4465
5132
4633
5397
7887
2709
8145
6383
6171
9
6503
5763
5062
7884
2363
6141
5074
1627
4423
4252
871
7306
1369
7257
6390
5492
1866
6565
7918
607
6741
6615
4953
5865
2091
5193
7449
4491
6329
2397
7585
7845
2869
3892
1552
5189
3019
2256
7301
1813
7356
5223
7071
4285
772
1699
82
8107
2688
36
1515
908
6872
2859
3598
2096
7455
148
8008
2173
1941
4618
2488
3024
5925
3965
4711
8027
7417
4471
1686
6435
5290
1351
5043
6927
2923
846
3123
3612
3044
2113
2072
2358
4667
3353
4082
728
3588
7703
6729
189
3815
6883
682
7890
4122
976
6427
3633
923
5993
3779
7362
7861
5474
242
7259
5010
7024
6277
987
6673
6199
5930
1928
7459
3258
5620
7524
2143
478
7867
6405
3482
1617
446
2768
6095
5848
4484
5989
3411
1064
5764
1874
7232
2450
1885
5759
7236
5223
890
5543
6927
3374
3187
55
5534
6678
4755
6316
6092
1231
5853
5100
4635
2313
6616
3862
5775
6849
3535
4834
7412
3649
770
3884
1860
6214
7882
1539
635
4593
4820
2728
1251
4545
4497
6954
6049
2989
6550
3176
5149
1411
3844
2740
1475
7060
6977
3474
4120
7657
2033
5781
6823
369
6570
1460
616
4473
3134
107
1230
7843
2264
2518
5400
7482
2808
6298
4546
4197
3527
5596
1132
6510
1517
6287
6692
4995
5000
5670
8112
6758
5051
6972
7550
116
1428
33
6987
5303
1569
7296
4739
7892
3922
5942
3260
580
2548
2794
4068
3671
2372
607
2976
3847
5664
6239
6164
1081
2812
7719
5234
5621
7204
4208
4263
7844
1909
98
6751
5413
3314
740
5056
6906
2379
1878
5347
691
1997
342
5826
4256
3216
5478
2268
784
3741
3770
5404
1940
4723
3117
2423
7746
1715
2843
5168
2460
746
3488
799
4855
8131
944
933
5595
6303
3622
3800
4804
1189
6571
4745
7326
2703
5319
7508
7964
3242
436
1323
5658
2251
7583
6210
7645
3881
776
1154
3341
290
1001
3632
2754
6200
3056
530
4914
4409
4364
3835
4106
4772
6040
7596
1463
4228
3147
1033
4229
5482
1724
5975
542
4718
4338
6859
7030
3336
7910
1056
487
7250
4421
6551
5691
930
126
1064
7309
2196
328
4634
3281
1084
1805
1459
5947
88
2219
3675
3316
6403
2142
269
888
3747
4610
1833
6687
3705
3821
5107
5616
8005
1567
4836
7222
64
3318
6760
4634
4573
6212
4746
6175
7784
2165
111
1067
2201
4851
2569
5389
2063
4213
1595
3440
8177
312
1836
6058
6559
1349
3577
4813
2937
1090
4515
7549
3078
7849
1900
1616
1306
6432
502
3299
4051
3638
6534
7127
5918
7671
598
2253
4416
6233
5892
6859
5528
7340
6280
642
6852
6241
7854
454
5510
7819
7227
4552
2382
7668
5483
250
4704
5310
4816
7859
7305
1763
2768
7700
1665
6741
6477
5756
2657
5363
5005
2783
8091
4534
4941
3664
6988
4396
6589
574
4996
6680
5963
91
2866
6951
602
4281
2254
162
6255
2498
586
4245
3755
538
4111
4666
7797
6205
6222
910
4616
2101
6546
4857
4882
3214
1398
6998
1716
992
5612
4359
5930
6927
958
6122
809
6978
6034
4738
1606
4542
4486
7240
5363
3969
7707
2987
38
7796
3448
4467
1526
4479
5257
6856
235
68
7857
6986
350
7772
6452
127
3743
536
1992
14
4202
169
3564
5508
6596
5811
1022
7556
6139
3152
4020
677
6004
57
7874
5770
473
4620
8010
1396
2410
7443
7561
7351
5682
5347
1396
7572
741
7423
3993
3434
5841
3247
2707
2791
5055
5755
4581
1054
1189
7775
4334
336
6207
4881
6869
4137
88
2526
1984
7505
4933
7091
610
921
3424
2017
4278
3331
1185
1758
6737
2017
25
4163
7512
3041
6712
5486
4493
4043
6863
489
2844
2867
3453
8188
5894
5336
5436
7343
1165
2940
8106
4253
7225
4104
7957
842
1874
4700
2314
3076
7901
5117
5434
862
5672
5814
4906
667
2849
7130
2941
4643
2854
6322
1364
6477
1797
4774
2143
666
710
5518
2539
2916
2888
6163
5705
4253
2345
163
2796
7579
4882
5434
1221
2138
3776
1998
6853
268
1267
4085
1970
2466
921
609
5122
1963
3207
7564
7551
357
2972
4606
1003
1866
6484
2695
542
7261
3322
4060
3728
2588
5445
6694
6731
4848
62
509
5920
3976
2365
4983
4488
2102
5370
4189
1787
2613
8059
8104
4162
7231
665
2740
821
5861
7596
7010
7088
5742
2285
592
8017
5574
2085
7046
1785
8111
4958
1241
7562
6406
786
478
3346
6399
7338
7515
5518
2733
4680
4652
6480
5154
4575
1275
4524
6288
7735
7650
6984
834
7859
83
5060
3207
924
1311
3387
2091
7774
1885
1857
3514
3985
849
7201
7275
4469
7476
8041
3590
1949
4126
2567
115
7304
1830
7252
3100
7530
148
1182
3219
475
2451
1331
4427
7727
2446
4641
5361
7941
5440
6566
7669
2986
320
5220
4142
6931
7336
6642
3392
7808
6724
4822
5539
2466
7425
3137
6449
4688
6392
7936
182
1631
6117
5586
1808
966
1437
2886
815
6242
1289
6151
590
3786
1153
5063
6893
5742
3852
3555
2270
4265
5037
3710
6219
3007
6953
7300
6880
223
2017
6617
5851
7695
5232
5614
2777
3590
6920
7823
6468
8013
3634
5141
7431
795
6417
6424
7276
4022
3867
2217
3182
6976
6787
6219
8121
2873
8109
5019
5437
2382
168
3626
6159
5891
3077
5582
4370
4733
1355
3452
7963
2631
7360
3269
4
7647
8147
776
976
4658
1585
131
4677
6307
3518
867
7062
963
3659
3110
6796
3393
4874
1644
6677
5699
1308
5934
4364
724
6203
2500
4239
4458
3066
4553
2737
1967
5102
5180
1386
3758
3634
1898
3642
5555
6627
2828
1964
7368
4181
8111
1669
2298
2972
5674
3980
1091
8176
4928
5481
7943
418
5221
292
7569
1027
2366
6443
1461
7510
5088
6802
6515
3490
7376
872
7485
2730
5565
3916
8177
1586
989
7130
4968
611
7640
237
7253
1801
4353
4854
3417
2347
2673
5985
3138
2122
6476
6958
7412
3898
696
6891
4216
2866
2236
2194
2228
2025
4566
3940
6855
491
1303
4272
1466
3758
3887
4343
6290
5697
4490
6662
2805
7567
3132
1001
4342
7590
4663
1330
571
2214
392
3978
4031
260
5022
2842
5907
3158
2770
1357
7928
5130
881
5309
507
7340
1442
3581
2407
4411
2966
2876
6887
2495
1777
1731
5150
2150
137
1252
1933
2109
1283
7564
5343
5886
5384
2050
7781
4109
1196
7431
1055
4917
1159
6087
2223
7992
4902
6332
5516
3999
8163
1601
8103
3346
2838
2775
7077
1029
7232
2215
7901
1914
4035
7721
1562
4700
7174
1161
6599
397
5263
5391
255
5907
3804
6572
32
1185
2799
3661
8022
3693
1535
373
1669
6130
7553
597
2536
5406
2653
6854
1269
3357
267
2640
3653
2032
5583
3473
4826
3120
3918
521
3577
4761
7523
5107
4159
6382
5474
602
258
4543
5866
7830
3588
4461
83
3620
7889
843
3998
1329
584
1133
5751
3145
4627
2235
5763
2294
4121
6782
4035
7793
7412
2316
4554
5027
2044
7199
6475
5956
1898
3298
1343
6071
381
3007
5266
2156
1130
6751
4290
7636
3030
6210
1761
5283
2476
7250
5433
1784
6587
6040
5941
6058
3428
7109
2292
3280
7826
5025
2709
6894
4111
7338
5339
7844
4108
191
2888
1843
3571
4785
5483
2576
2947
2751
3056
1307
4186
7805
4276
2444
1275
2844
3480
7567
23
3805
5086
721
2583
6523
6667
3106
3544
4652
3417
790
6238
7217
6146
7275
7355
3614
6278
6839
5710
2694
5530
483
711
3391
7402
5151
4681
613
6743
1956
1564
1692
3128
2128
7298
7686
31
6377
2973
6587
6089
7459
7396
1482
8170
2327
4903
7404
5409
5452
5532
4414
5222
1468
7487
1141
5663
1342
3400
1903
910
7416
3250
6487
467
7527
3827
417
3437
7629
1625
5129
631
7094
2768
3760
2554
2804
4006
7853
3559
4895
2420
3572
4003
2722
4290
5128
2462
3674
4597
7182
7446
800
2831
6390
100
5289
1622
3780
3354
1269
7204
7519
2271
2876
7454
7046
5374
971
7413
2758
7938
1683
1794
6009
4269
5228
3031
1310
368
1184
3269
5268
2306
5428
2524
3586
1206
3061
7570
4225
4037
819
3892
2966
6902
228
7538
3533
1325
2760
2562
7964
6195
2722
3906
7954
5265
5120
1862
6752
5561
1404
6322
3543
5449
6524
7343
6098
4974
8111
2380
1587
5890
8138
7292
2988
7782
4268
6135
3047
6668
6814
6531
6780
7357
2082
6045
7154
6812
2056
3695
7089
6877
6363
2860
1375
2971
7828
5195
2177
7594
5927
1599
1902
4416
2069
634
6705
2674
4501
3989
6449
1561
7545
7564
3385
3045
4568
326
324
233
8175
4470
5647
2435
8120
8112
3295
7391
717
892
2236
4047
6380
5812
2195
6476
2777
3859
6507
3754
443
2519
3540
3969
4630
1291
3500
7068
2411
1090
1130
4138
2234
6363
5453
6237
1582
8086
3088
4848
7878
895
1643
1428
305
6978
5202
2741
7050
6699
7165
6961
1638
5404
868
1592
4116
245
2745
4024
700
905
6137
4604
5665
201
164
811
4954
2575
3095
1805
3734
7198
667
3410
3986
3568
3859
4700
4396
8154
6944
2414
7377
7662
6609
3245
5304
4550
1748
142
8106
3003
458
3255
821
286
7682
4191
4911
3473
4616
6589
5973
2285
1920
7832
2901
7749
1551
5601
6710
4565
3358
3245
2032
6191
3342
5384
2451
1296
4654
2705
2642
4391
6676
888
756
5704
3584
7974
383
1254
1762
122
3828
4293
5505
228
66
6981
3133
7570
5527
959
3194
5944
5509
4913
7850
6071
2601
875
4001
743
2330
6411
6513
6253
955
5118
1620
1152
5778
5621
886
4876
7784
2551
3017
4763
1663
2138
4598
2090
368
7187
4433
4002
986
6420
3853
7448
2980
5615
4903
6436
5717
5222
2543
6041
8106
2108
7982
516
6860
6227
2244
5155
8042
4772
1906
1411
7001
6768
1272
6882
172
5892
1057
6187
3495
5389
4912
5789
3842
3581
1213
719
1265
2073
7214
7986
2634
5173
2272
4310
3382
7936
3281
3028
5823
2676
2514
5346
8173
3006
7742
3632
4135
1879
3770
4089
7146
3777
8162
5955
604
3083
342
472
131
851
5212
5071
5238
1426
3487
6936
1092
6961
1842
6038
6484
6968
3939
4456
435
6307
3509
5348
3645
6977
37
395
1693
6069
2800
4921
267
4255
5940
5820
8155
7862
3022
2769
5748
6060
667
3854
1065
4929
4377
7241
1541
2861
6875
3676
6713
3612
2437
499
507
7235
4714
4441
6385
3770
1696
5013
8068
7842
1329
7473
886
881
1578
2730
6821
8020
3836
955
7291
3622
4863
5039
864
2634
6517
29
682
2349
1515
1185
6241
4683
8156
5201
7833
3718
1189
1665
1606
3267
6678
7815
5379
5280
3397
7827
3471
5088
7457
5067
5252
6714
518
1957
5754
2227
3242
7412
1549
7474
4004
2929
8015
38
669
1245
3021
2336
4077
3128
2425
7216
6700
6676
3325
521
2748
4131
6837
2897
3298
6318
1018
3626
983
3094
617
6906
5275
3579
4048
0
571
501
553
5325
2078
5099
5756
8110
3275
4857
4447
2384
2259
4753
7494
1575
896
2987
2167
2845
1445
7292
752
5427
6383
6182
5945
2158
2521
4049
4802
5518
3029
7338
1990
3290
3366
287
4657
6750
6932
6546
6148
3362
4364
3222
7509
4916
4453
803
8094
7134
3020
6212
1759
2828
6947
6013
6451
4434
5660
5398
98
4599
7556
2321
2610
5595
6080
376
6813
3364
3713
848
4604
4537
6524
3393
4013
3269
6133
1014
7793
7129
6863
3177
2563
6381
7629
3001
2336
4498
1949
5343
5594
6202
2734
317
2145
7409
4186
6063
1531
1692
7726
731
2742
4003
5576
7788
448
6575
7239
4828
3476
8033
3070
3196
8151
1675
6194
7738
2566
4535
1338
3379
5517
7244
318
7539
5795
4096
7045
714
2197
3847
6743
2557
5858
2106
5784
1404
2615
3552
3573
7198
1575
6131
1175
4741
7963
4146
802
7865
3045
4774
2241
3843
6572
6430
6998
5514
6347
5810
2733
7330
629
7210
4583
7785
798
6347
5818
5523
279
669
4820
547
483
5024
3803
5122
1607
5719
798
1116
6355
1737
5421
8175
2322
1619
6982
2554
115
2912
23
2713
1367
6571
6170
6852
1471
7613
5217
6752
5182
1210
4321
3423
2589
4940
6320
4077
6248
7960
3171
416
4581
43
2169
5200
7302
1683
4033
4691
8043
791
5934
152
818
1230
2122
6048
4116
4102
1604
772
7480
6428
312
3287
1170
945
4067
3287
6397
5979
3842
5642
3727
2518
2202
5287
3336
3353
745
6533
875
4643
264
6477
1995
2340
4367
4990
4365
6087
3839
7981
868
6881
147
1980
3945
6256
7042
3645
1918
4154
2038
753
5913
644
4432
6272
6998
4565
4458
5316
5568
669
3013
4812
2120
3588
1669
2922
7133
7100
496
1020
756
6508
7584
5404
3509
3386
4433
6435
7211
1392
970
4733
4827
5509
6388
823
1032
6041
7680
6332
277
3985
7035
6839
1957
2339
4734
1038
5483
624
6059
3454
5849
6161
6529
2954
7412
1963
4152
2095
7155
3753
358
7550
6859
991
3695
5775
8106
460
1489
7770
1812
1766
4421
2809
6779
7891
4370
89
539
3910
6209
5125
8028
3329
2656
3884
1955
1088
1201
2406
4644
3820
1579
3724
7444
2442
6010
5589
3389
1542
6576
2270
318
4874
1321
5797
3042
1264
4922
5849
757
5366
524
6892
6280
7099
2997
6933
3241
7110
4201
7153
2186
543
3861
1589
7009
5303
7603
2381
6017
5462
2832
3908
7281
1965
1874
6946
5420
1806
3192
526
3574
1625
3363
2998
1723
1856
1604
7699
2324
1013
3426
6613
6733
4596
4223
7018
6658
4186
4141
1807
4796
1875
5025
3766
6200
4499
1704
3967
1111
3137
4517
1654
2832
8016
4215
4833
3416
5646
4581
90
1007
1441
635
5511
1814
675
6643
6814
3787
6653
6736
2931
4960
4032
1533
3031
4063
951
6481
7507
1326
4064
6176
7253
4621
5389
6858
4477
6707
7247
2391
1496
2640
5536
3684
5972
1187
3892
6404
6394
2228
7495
6699
4486
30
5048
8130
7375
817
5163
7114
5275
972
4588
6464
6107
4790
6501
1052
3616
2063
7686
7602
69
3691
168
3579
7524
4491
4131
7983
5850
4782
2570
4594
7698
8062
3486
206
173
6952
2176
6797
631
365
5714
2346
8165
6224
5101
2986
2910
3332
7020
5007
6826
3181
380
1481
2472
534
6686
2226
1125
2936
7169
6325
6206
6931
664
2759
8025
1373
7121
1757
6800
4959
627
2599
3175
3569
2429
6941
5350
3110
2856
5083
6621
3484
6436
92
3175
3503
5250
5208
4080
2631
5087
3608
3359
6920
4632
7478
3118
5180
6163
2059
4889
4384
3982
697
3974
2244
1142
3055
5930
7286
2331
6834
7872
879
7679
3272
989
3614
1954
3029
4909
7390
3433
7530
944
7143
1346
1898
793
5402
3299
7857
977
2628
3459
4479
2126
6822
451
3048
5085
1562
6690
3467
2416
3542
2466
8070
4960
1648
3818
269
3419
271
6540
929
1751
6240
3698
4909
2884
6451
1073
6884
7123
200
1827
2584
6761
349
4735
465
7675
5977
3257
6679
3358
715
5369
6748
6109
2851
325
3579
2394
5024
530
1582
768
5428
3504
6741
2234
1827
3275
3860
2186
3392
1534
112
7194
4729
6830
8172
1900
7642
532
6101
7635
1214
7041
7147
8004
7436
809
2123
5718
6811
3852
3779
5383
4017
2384
2818
191
8186
3069
2547
2180
2682
4834
4607
7065
5509
6621
512
7358
6675
5051
4837
7902
2269
2312
4852
8146
2982
2918
1448
2868
7968
5647
1921
7292
5202
2691
7089
4616
6879
6087
6403
1826
4754
2930
6509
5996
401
7743
3369
3234
445
1986
1549
4140
5535
6576
3171
290
5848
3238
1828
456
262
7938
3204
7721
2428
3059
5812
2096
3084
2410
1555
5023
506
6435
7040
3519
7078
5116
501
2318
5927
5568
4393
2986
1815
4749
568
1671
4977
7964
2346
2239
6940
539
7063
4972
5500
6114
475
4047
8073
3465
1361
3322
4343
2233
5307
3385
4793
5570
511
1086
6469
7488
5942
3785
3766
1096
4741
6755
3355
7456
1379
750
3439
6902
4261
835
345
3339
6501
128
7186
5862
1250
3790
2331
5475
2676
1370
1051
4584
5645
6236
3873
3658
4432
568
3095
6185
3680
2806
2266
7018
2297
615
5116
6440
298
5550
2862
6062
1060
2420
2101
3866
3343
166
3790
3094
3663
2065
5423
1587
2114
6349
1338
1004
6317
5956
2055
2748
4017
554
545
236
5430
4609
4601
5050
2509
6059
7593
8060
924
1033
3248
6108
5787
2916
2272
6216
6200
1448
5472
4342
3957
5462
7238
7716
5999
1992
7235
5699
2792
4379
3165
5584
3281
5082
7299
4357
5831
2789
7437
694
7383
5869
6655
7065
967
2040
3584
4737
5401
2674
5476
2481
6949
5360
5629
2085
784
6012
1699
2783
7708
2535
2664
156
7773
6829
5530
4817
7685
3759
5824
3182
5245
218
5899
7658
1351
65
6460
4764
7343
3768
2040
2432
5993
2493
5057
2159
980
1430
4277
333
5745
7903
4959
870
582
3461
5538
5919
7580
4208
3102
1879
6854
2369
6909
2528
4249
3781
3395
7083
5880
4782
2224
6396
2952
713
2353
3677
450
4398
5915
7285
6946
3575
1673
7091
1649
3824
5469
1500
160
715
821
904
4870
5228
7078
3407
4784
5140
247
7798
6858
6090
1362
3778
4062
3320
3873
127
5841
7627
4821
701
7388
6880
3282
3827
3001
7436
7992
7914
992
6841
2609
2851
4367
4314
775
7325
4939
6626
4163
4806
5956
3588
924
2075
5266
7528
2767
3144
7235
2275
5497
7394
4608
7536
7411
2938
5740
4588
6479
5073
7044
1549
2296
500
6501
6234
1762
2044
7712
954
1470
2150
4773
2360
7334
2634
2453
4351
1153
2454
1878
2297
2594
6049
806
8104
7025
2708
6543
6131
2009
7185
5196
4490
2358
6055
4318
3376
5711
2634
4457
998
3823
3949
3323
3237
3788
7588
5618
607
1005
1684
3169
538
3848
3912
7560
6106
6364
5278
6076
4092
4992
3424
4350
2826
2713
2911
2771
5213
3641
3162
1761
7217
7908
4798
4122
318
640
6561
6854
3610
1614
3371
6342
4283
5832
745
7302
2474
89
340
1801
5429
6011
6192
1097
5217
3738
5588
1262
5013
4247
5281
5431
118
744
7642
8113
5489
3544
4423
7249
1028
349
768
7057
2961
7221
1279
4662
3298
475
564
4665
2964
1548
2787
5614
179
348
1520
3782
347
687
6503
2936
7684
2029
6645
4061
375
7997
6280
244
3296
3078
5632
3306
2611
4487
6934
612
8189
3710
197
6962
2180
4370
2182
5324
5707
5093
4916
7498
7071
5720
1442
3443
4928
3990
5095
4219
938
2502
3200
1669
6844
2894
723
3453
5614
4015
900
737
1621
481
5759
4131
2723
7578
3391
1045
7943
7482
4848
1474
6387
8166
500
3496
5795
3825
5422
6154
6156
67
7315
2764
2822
6549
65
3455
1622
3983
2976
6598
1166
2398
1499
5731
1772
1477
5014
5193
1364
2677
738
98
1833
4540
7026
6646
730
4328
1668
7785
2575
844
1798
5343
2682
1629
6893
7251
2526
3695
3831
3469
491
2947
6731
4772
2928
6297
271
2059
8178
666
3869
4689
2534
5159
1938
4040
6863
4747
3018
2257
6854
354
3887
852
7917
7028
3698
4183
7924
6657
1327
738
1167
7575
4817
2305
7936
7969
146
6766
5460
5430
3898
7565
1745
767
5840
1091
7417
7176
1687
7798
5605
2776
516
1252
5357
694
7286
5639
34
7952
5589
2426
1925
2619
714
7871
6862
6143
265
4724
7574
1741
1459
6247
3991
5682
4068
6702
7923
3594
3380
4961
3317
2223
1891
4147
1803
126
4041
3420
7935
2962
287
317
5595
6530
1425
6967
7165
7060
5495
4714
1087
7206
2594
4908
7470
6533
2569
7212
2218
3352
3304
6805
7368
5006
3157
1242
1765
1004
4303
932
4174
311
5609
2123
7272
590
2334
1865
4968
940
6593
3687
4937
6345
7285
8025
6830
5958
6038
5416
5883
941
4956
3801
4358
4262
4238
2683
7008
2618
587
3727
3049
6198
3800
6959
6984
2755
4717
5786
7929
3953
6954
7396
3780
5351
2916
2730
991
3672
5360
2601
90
6074
1918
5845
7845
7024
3496
766
1241
4091
7445
1917
6043
6285
1584
8108
179
325
4394
4473
6084
4294
3761
4856
2369
3346
4645
212
2986
7890
7282
1857
3080
6871
5655
4224
4736
2314
4616
6543
7974
2382
7588
5106
6894
2738
6351
1745
3770
3686
4573
1251
1750
7666
450
7024
2843
440
767
2212
3489
2446
4818
1033
3718
3034
733
3449
1064
7744
4724
1041
552
5594
2239
718
4668
1387
2885
2480
2532
2948
7676
4607
1508
6550
3686
3383
1940
3153
1163
657
1100
4061
5305
13
1722
1672
7192
4956
1032
6214
2149
1921
221
2605
6677
5780
3116
2154
6400
683
6738
1126
2081
1542
813
1582
939
2658
3241
1413
6845
4001
4190
4882
6650
3214
1395
2574
746
7798
1810
6392
5362
3901
1350
6254
2531
7726
5833
2985
4609
2783
1260
3774
2683
826
2533
4170
6149
7964
4956
3684
6778
5818
5162
4475
6381
4105
3535
6575
7691
7614
5457
1835
6767
7168
7448
142
4019
6799
905
2392
3685
2949
3616
7453
5916
7248
7605
7221
6247
6465
432
270
6678
2505
4043
7961
4317
7551
5639
4227
2659
289
7176
8116
784
4617
5736
1055
218
1957
1581
706
2481
5407
807
7715
661
704
1235
3652
7842
2509
2746
6592
3633
3061
3106
2129
7415
5436
1332
2455
3867
5720
2718
2601
6612
7409
2424
1043
568
3358
2553
5850
7955
6548
4737
5144
5141
5661
5861
6372
6837
4167
4703
644
811
1438
1925
4888
1316
1736
6050
2016
8163
2531
2363
2920
7267
7148
1704
3467
3941
6802
3907
3500
5036
7587
5559
348
3740
5871
3186
2636
4120
6971
1122
7759
5707
5756
4124
2855
1833
5154
7791
161
6183
5297
951
4670
6016
6548
5220
1080
3186
5613
3443
5418
4881
2909
3301
3228
1930
3359
3519
3946
7897
3740
1503
4080
1745
2823
936
93
3722
120
7452
5728
751
3295
6821
4751
3981
2983
3964
7963
6932
7438
3092
7759
1196
4722
5006
1610
1810
2900
7262
368
2353
2226
4496
8024
1277
2046
1221
4339
7411
2745
1856
1965
7536
6866
2242
8155
7239
555
961
5627
6202
7131
1273
454
1507
165
7644
2115
8096
7247
1188
1035
6212
1132
244
4757
6195
2785
281
7731
3267
5624
4055
7905
875
5375
3975
7954
5499
1155
6966
6500
5198
4287
6348
6382
8109
3969
813
6774
5622
6514
1707
7971
143
3269
5029
3655
2216
2633
5246
435
8025
5132
767
1563
4211
4571
4719
5639
4979
4341
7207
4918
5018
1937
6268
5918
3719
2214
7371
1310
4145
2947
4089
5417
2108
4825
1604
1231
3426
5660
6606
2803
2206
6425
8085
3541
2170
6879
847
4298
362
2930
6754
6086
7481
5308
5304
2865
1337
5403
6660
2741
1527
6291
5254
2708
2176
898
2050
3553
1684
4650
5350
4446
3258
72
2406
2121
989
1379
5676
5350
6968
6457
6173
2224
8025
1492
3707
99
1021
5510
6605
6677
7151
7114
6939
1832
4729
7471
74
4400
2485
2788
2308
7589
3487
3323
2309
6128
426
2773
1030
3370
6089
6336
7207
7566
1740
7532
6263
2213
5513
3948
6886
5875
6581
4887
3329
1607
591
7480
7626
6165
4456
2506
6002
460
7640
2074
6480
235
8062
5961
2980
6519
513
2295
7401
3102
7419
2271
389
3282
5416
2897
7038
1673
7716
3858
1522
3000
624
4223
7013
4569
1763
7151
1841
4954
5171
5235
2751
480
7107
5780
7385
5418
2641
7363
6392
6169
7311
7798
3240
8047
4790
73
6468
7136
335
3361
7761
2401
455
2521
262
412
3037
1186
4327
3095
8090
134
8013
7812
1849
297
7077
6321
6678
7994
6322
769
1564
1125
4232
7208
3876
7986
2331
5198
7646
4297
3335
535
7195
4736
3851
3904
3793
3180
4568
5148
2755
7241
6840
3607
8073
1216
7035
2840
56
6440
770
2688
7058
6094
994
2435
6343
8139
1760
5369
8108
6244
5766
514
6370
3214
4341
5330
5881
3931
6708
1452
644
3436
5415
1733
1242
5635
6191
4017
1229
6156
1685
4771
4434
7384
2262
6590
1674
2870
5624
75
1163
6243
4090
5685
1908
770
4647
3053
240
2470
4561
3314
1267
711
2520
7766
3637
7400
3344
4521
3073
3021
7647
3122
2853
396
324
5994
6167
1858
1127
4071
4544
4076
2247
4881
4616
2793
6646
4716
7341
5933
7189
6427
6721
1466
8165
4599
6959
5015
4977
6776
2167
8132
245
6442
1964
5560
2873
4994
5410
2775
3051
3455
5340
1974
2895
497
7044
6591
1198
3744
3799
899
2255
3636
139
6079
6372
7091
6999
5521
7857
3784
2636
105
866
6567
3810
2964
7739
2643
5375
6597
453
1001
3294
6931
7012
2011
2135
2707
1256
5953
5846
1300
3911
7868
2613
927
5011
4899
7216
1916
1087
7138
2268
6629
1215
4533
5425
6847
7635
3045
6580
4566
6099
4279
7010
7542
2812
2168
691
2538
6916
853
8091
3456
2728
730
626
135
2603
3754
5155
3358
2210
1765
4911
5110
299
2003
73
1372
7872
4396
4673
1268
6778
6437
5798
956
1799
7222
4357
5717
6725
3821
5760
6844
2033
6872
7864
609
5784
1844
6113
1341
36
5118
679
4941
2878
6126
4073
6402
4631
4089
2862
7481
2849
1193
6934
932
3490
3937
1026
730
1628
1773
5173
6955
3982
5775
1878
7079
1737
3777
247
2837
772
3504
2225
4126
7966
5497
6870
329
1335
7523
6076
4625
3500
325
148
7349
6858
1958
5902
5062
1056
7190
3904
5898
492
6395
2968
7219
1800
2271
2124
7735
2638
2779
7407
6813
5576
3530
5743
130
2751
6001
2470
349
4126
1333
578
966
4316
2069
5822
7519
1762
3214
6591
5080
1522
1022
1884
2016
5630
472
4819
5774
4217
6965
6136
3881
2349
1373
6908
556
2584
7820
644
4067
4333
7408
1796
1846
7090
6245
4730
2250
3246
2684
1436
5862
6706
127
7360
7978
5262
7214
8085
6843
1174
2901
4231
2401
1668
5560
915
1583
4616
1698
6514
7565
6841
4013
2736
7042
4208
3661
28
714
2949
7632
3130
1744
3464
2633
3149
1165
983
6814
7030
5157
104
3163
4030
4295
7386
5815
5398
7890
7623
5830
6518
565
2232
8110
1773
2291
5817
1436
7687
5936
2407
7565
4897
5541
3467
3744
1625
4251
7627
5602
6462
7609
8192
48
1453
1754
4848
3415
4308
800
5304
7841
4759
6554
7428
2968
6617
7332
1133
5513
960
1565
8111
2664
3134
5460
6189
4850
5346
7609
3927
7907
3645
6943
5515
1545
5648
4163
7308
6956
881
2853
8018
666
4553
119
4032
4715
3598
5113
2578
7039
312
4560
5030
5038
5669
5335
7351
6624
484
3697
6839
3323
2215
219
112
4136
5617
282
4442
7789
7617
105
1706
5748
1357
7429
683
5165
955
3209
4128
4394
504
8127
5654
6351
3707
316
1181
6720
1406
7361
1297
6082
3546
6782
3523
6206
3380
5257
3061
6745
4310
3766
5424
7899
8162
5684
6983
2798
1686
1856
7000
6308
1089
5659
7863
2275
5423
2534
3576
7795
6782
4060
6521
4612
1618
5166
5457
2071
503
7342
2808
5293
6653
4863
3770
795
2517
1680
5325
7954
3032
4507
8174
3059
7564
1566
7890
4866
4629
7012
5660
3683
3917
1737
5482
5933
3901
4903
4464
6214
7977
3891
1244
787
6214
3486
7507
5619
3910
7447
304
1628
470
3230
6492
3879
1192
7120
1511
1455
5029
4054
2744
3450
3354
7068
227
7431
6192
2380
1191
761
7462
759
21
5399
2581
5093
8186
446
5323
5110
2854
5796
409
1488
604
7050
33
4556
3296
424
7893
3929
3316
7917
5352
825
1477
1565
5681
6966
3182
5788
4805
7381
6754
3137
538
5177
3248
4407
3846
4388
286
6076
4734
7124
3682
1088
4518
6751
443
2694
7772
4395
1916
5561
7662
2740
3293
6709
802
6855
4840
1352
4062
4774
5437
6836
3772
3103
936
365
5149
7998
5896
5050
6939
99
7530
4402
1426
2985
5354
6490
6867
5500
1145
1032
5215
2388
1030
4076
3879
6839
1316
5481
1185
1761
4678
1811
2363
3650
7238
5904
776
1120
1952
486
7221
2766
2156
3974
3258
6289
7262
6395
880
5732
3978
975
5567
6939
4691
7321
1903
2981
1162
2245
5120
1874
2843
1769
3227
7565
5147
6415
682
3946
461
2026
4601
1504
3251
1764
2480
1173
2909
4565
342
21
8078
3272
6781
367
2679
5217
6827
6626
600
8041
2069
3533
4188
765
8168
6855
3040
4258
4879
4280
614
1288
1548
363
129
7100
5689
3186
190
1906
6636
2498
5359
7417
3321
5324
4727
855
1465
5228
7570
2016
2845
868
988
5951
7737
255
7974
7761
6671
7876
6310
8073
1977
451
8060
8145
7817
2715
4309
4148
479
3975
6875
1101
5559
2451
5346
3268
370
810
6328
1364
7944
6230
4440
2485
3300
3205
6374
5433
2617
5262
6084
5421
301
289
1615
2233
1018
6308
2495
3551
58
5843
2324
4410
420
1502
4146
2235
7305
7450
623
1436
5135
3306
3664
7816
5625
3671
4908
6493
1136
7233
4720
3975
6398
6150
5638
7923
3239
4913
1060
4184
4399
3651
1326
3904
4492
541
2952
3259
3136
2094
4847
2461
691
5309
6137
1566
853
6942
7784
4239
6510
3462
2149
7056
1966
4783
3669
6905
2817
6890
2188
5912
3299
3375
6571
2966
1029
6845
652
6745
2060
492
4645
6439
2096
2097
5247
5924
662
1100
7305
1819
490
6367
5785
2264
8028
3214
5310
5131
5215
5847
5860
5504
3376
5792
1200
6882
508
3790
4908
4654
5559
321
7938
386
8074
2790
2339
2842
2078
7175
3435
1502
4109
6598
7429
4708
5320
1684
2735
1170
471
2262
1365
465
5633
4183
393
2843
5536
6612
6840
1537
8105
6108
1587
3045
5880
4434
7686
5987
3956
6949
2275
425
7044
5366
2108
2477
5532
808
5755
1976
5213
7862
191
5226
438
3160
313
1182
990
796
2121
657
6716
3391
542
4838
6382
2840
3537
3275
5655
7412
411
4916
7510
5457
4289
1555
1134
7553
824
1080
1169
6867
3537
5763
7122
109
6644
5236
6724
5344
7669
3139
1724
2420
3643
4007
1360
7609
6479
3129
3820
4164
1882
2907
8144
5551
3450
6948
701
1340
876
397
1762
507
4523
3534
3492
2354
6739
1629
1549
5349
499
6285
3318
6323
1167
8017
6401
6693
4296
855
1067
231
4558
6843
1919
6924
3172
6020
596
6712
1720
1022
1922
2260
995
2141
8047
8049
4564
5750
1939
6256
4540
0
2476
2565
4105
1204
837
5235
8006
4165
3944
6299
3233
3849
4679
267
6785
6953
4383
4382
5934
1092
5545
6266
244
5311
7428
4531
7174
6588
1006
6134
7301
7449
5599
5082
2619
7106
5495
4541
4976
7622
4869
529
3163
1991
6981
6212
7234
1899
1508
3062
718
7909
3725
4834
2381
4881
2401
819
4866
2746
7382
1771
3049
5745
7812
4104
5419
3727
6633
4705
654
3118
8078
5114
3024
6494
8160
7628
3623
7734
2721
7583
2689
538
1337
2989
2252
3157
5581
6558
1777
458
2343
847
4501
1371
7227
3613
6686
4775
2408
681
668
4031
5209
4947
5061
6681
5030
2303
8117
800
3829
6308
1882
4516
507
4939
1723
5784
45
3021
5516
397
5170
7868
643
2946
1404
2939
3562
4723
7966
359
2600
2171
3333
4581
1501
7322
6242
3464
1298
1833
3253
291
2344
6297
4959
3721
342
698
2511
1753
6451
4265
3484
6029
6517
4280
4807
3203
773
3455
1138
284
8003
4045
5220
1316
8009
801
4793
1060
2973
1276
3830
5016
6620
7833
7443
5140
3009
6323
2662
3880
1702
3393
1072
4263
3092
7813
2013
4626
4322
3936
1456
5498
1744
3009
1901
3314
1808
1225
7759
5325
5561
3725
8074
3155
221
2439
1557
96
2171
4865
1990
3190
5260
2570
5831
6532
7592
3183
1367
135
6879
272
6636
6021
7533
8100
6541
5888
4345
2774
7618
4193
7038
971
4062
2045
7137
7970
8137
333
4965
2187
5923
7510
7682
7419
6678
2278
1723
5770
1349
1002
6281
6160
5237
585
6487
1107
893
1116
1894
1479
1940
5749
4637
4203
8112
7130
3729
960
1965
4124
6724
6316
3579
8164
4288
6494
6827
2250
1075
5365
6687
6661
5770
2915
6508
7424
7291
1031
5091
3383
4267
3056
4130
5418
582
7286
4011
694
4467
6233
3303
331
6885
7114
7752
623
2729
5870
2103
4399
3295
822
1718
4018
3374
4148
2367
6824
4981
1038
4812
4826
3099
4990
8139
5024
7202
3566
6389
1864
3222
7892
403
6424
3027
2775
7789
493
7533
2034
510
2058
5025
606
5954
2572
2850
4241
6524
5101
64
1245
4560
432
283
2593
2211
2120
3466
7916
2732
1297
950
6908
6944
6262
7786
5867
3402
5780
3020
5887
3043
7741
6993
7596
2669
1606
4413
1397
6604
84
1712
3420
570
7788
3274
6649
2526
5817
2236
4727
2233
4192
3358
524
5206
3289
519
1142
5232
7097
3001
174
3936
7981
3248
7519
691
7353
836
5988
884
4077
807
3147
4970
4328
5018
1975
119
2417
3002
1380
24
2154
2206
47
3817
3738
6293
1032
5162
600
2163
5880
1813
5862
5623
109
1727
6190
1020
5578
530
4384
168
6385
2834
5324
2376
5806
2868
3917
5387
2061
2069
4734
7867
2439
7860
1112
5557
14
1096
3625
4923
393
622
4316
4738
6920
6114
6053
1650
4089
5905
1736
1060
1204
4497
6241
6705
564
2548
6313
6505
3672
1107
1932
6616
4572
2532
7062
4761
2119
5943
2256
7505
2059
1481
7352
5024
2123
4501
2208
1656
372
2224
837
7353
3331
6799
7435
469
609
4827
4804
4919
949
4628
6038
5648
3497
3779
6950
3066
7985
3315
2847
786
5970
5076
7674
5219
3899
7215
2701
3803
5862
7823
723
2170
5592
3286
2519
8022
6761
6855
1931
7068
2413
7472
4667
5653
2958
426
3320
3672
4502
4819
3754
1714
1305
7527
3164
2659
980
627
5230
4519
5224
1768
225
1400
633
3440
4533
3412
1553
3526
6352
5980
2960
6323
3463
6587
5334
5659
3328
8081
7005
4745
7365
24
3884
4116
4360
2228
5753
7059
315
7302
7368
997
2903
516
5242
3169
7776
4415
1197
4625
5809
1914
6337
2226
5985
7764
4337
458
4685
1656
5878
4740
741
6183
4673
6492
6390
2060
4795
4020
3062
1622
4424
6218
4218
4768
693
2413
1893
1749
5743
180
7916
5365
2115
7510
4515
459
4534
4368
2503
4201
5148
7692
5271
2202
4208
7478
2714
6454
7370
6503
843
4432
916
3118
4939
8095
6441
8008
4098
6165
3081
4552
5714
7054
1031
7446
2502
2426
2658
7541
3205
5160
3788
2962
3125
7616
4260
2558
5853
1501
853
2305
7211
2642
6849
6817
5913
2590
1956
631
7879
7014
4702
5032
2678
7121
5144
3659
18
7427
6858
5259
2972
3149
406
733
460
5051
5348
4122
889
4661
7680
4403
6917
4603
6428
547
5065
5271
3177
4874
2642
7051
7295
4588
133
2426
2018
2738
666
6000
794
6528
129
6022
5977
5771
1682
2996
4610
7336
5411
5857
1906
5485
105
3528
1352
5890
2779
1250
2253
3272
2446
647
6013
5719
2406
4694
6485
4649
6650
8052
6415
5924
5288
2821
7463
2940
7201
5364
8111
4211
2004
2285
2974
2492
2730
3350
269
3862
122
7810
7151
5693
7440
5688
3190
7211
213
6176
1786
2537
4309
7797
7656
6919
2142
3820
2418
5597
7548
5567
1541
6530
2208
3634
3509
242
3459
1687
522
3457
5388
4583
6669
5903
4951
2713
7997
6090
127
6073
7141
6954
4546
7306
4686
4815
2030
2315
3868
7825
2657
4824
2804
5525
5177
5789
3380
5822
5933
790
1189
8083
7081
7193
524
4306
2278
2652
6340
7643
2798
1333
3671
852
8169
317
5357
1970
924
1784
488
45
3224
1120
7323
2530
1716
2660
692
6298
3864
2135
1381
7345
3642
6373
2090
6526
3785
6275
2324
3955
5588
4481
2837
4493
322
5420
3412
7413
5982
6838
6957
2342
4627
1145
4434
7450
6921
6788
5501
187
4943
6696
240
7118
1796
7260
667
6316
3213
833
1848
7428
6816
2272
7643
1388
1944
5836
5100
11
2315
7014
4825
2522
2971
3756
59
2500
1553
774
1010
6949
7443
5956
2231
3386
703
1291
6638
2295
1888
57
1799
4271
5930
4650
7143
503
3566
1155
397
6889
6015
5894
4195
5485
8053
5452
3475
1002
4244
2721
2840
7559
521
4623
4213
5075
3815
7520
7010
2190
2036
2629
4899
4878
7026
4268
3387
1335
5925
7515
6378
6965
6798
2383
6290
6594
1297
6165
99
380
2791
2931
4265
437
4202
330
5159
7064
6535
5207
6488
3841
3852
1613
6827
43
7504
1181
3477
4418
3792
8099
7542
2200
132
7542
1263
2319
6911
80
6512
2428
226
898
4878
5726
7264
7778
6233
4593
6739
2871
5259
4013
4422
4723
4387
3610
2176
352
4426
4631
6691
4847
4498
1509
970
2022
5328
5310
6717
4698
2329
6931
1145
8073
2354
2053
5685
4819
791
6052
6911
2499
4164
2669
1841
5282
812
4178
3070
2422
1077
5748
7338
6495
2865
3218
8050
394
2459
4297
1897
3156
2999
7268
6011
374
6725
3779
3134
2470
39
6758
7391
3913
5301
5385
6230
7742
1469
2347
2211
6081
7621
6474
3778
2239
1859
6589
6652
2393
5402
5338
827
1682
4200
4920
1083
7230
1718
4208
1769
498
3233
2709
6132
3418
3325
7300
2455
5659
7278
3148
4237
6588
1531
5409
6242
5202
8120
3317
4782
1464
6474
6139
6719
2884
5212
7618
1683
6045
3332
3659
3244
6608
3105
5797
7907
3997
2477
6614
3450
7576
2868
3777
4560
2028
146
6165
5397
959
2128
474
2534
4435
329
5804
2202
964
3100
1790
582
5496
7799
3434
4485
7699
6714
2371
1263
5380
1286
1783
6348
237
8053
3399
4795
6368
6714
2543
6751
1371
7032
1294
6776
4026
6356
6576
5851
3972
3142
7763
7531
4271
6848
6860
3299
285
4887
1599
1293
1455
7328
253
2956
6042
492
3374
1391
3780
4055
6616
7224
6116
6616
7634
954
3542
8176
3840
6467
7893
5812
192
6110
5825
4522
4504
6200
5056
1689
261
1863
4096
7246
1879
6495
4108
3203
1266
6311
2235
2750
4133
7377
7467
1258
3962
6724
6217
6558
7595
6273
4157
2673
2077
6074
3842
1902
2812
6065
6736
3976
3458
6145
2433
6593
2673
3246
195
7889
4973
4338
3379
8102
622
4535
127
1911
5993
7459
7779
2638
6846
2788
4138
2675
7136
4364
5850
6465
3563
4086
2930
1819
673
7799
2777
3411
1977
1111
2923
6366
5014
5672
4332
5704
1002
1579
5773
1730
4011
157
7315
746
5299
5634
6434
6627
6043
2270
3707
2623
750
4356
4861
5986
6482
6625
6643
5266
894
2852
6367
7156
2789
5805
367
3874
3524
2639
3161
6272
971
612
2845
7531
992
3870
1237
6679
2361
140
881
6593
6757
7741
5435
5596
7895
5046
978
2496
2571
1590
5081
7406
4968
4595
733
5652
2339
2235
1156
5419
227
216
466
5847
1807
935
6937
7230
5631
1730
5568
4684
5906
888
5062
1835
5272
8185
1968
1380
4903
6739
5549
490
6742
7325
4108
1029
1733
2866
1287
360
6184
774
3630
7427
2029
4121
1180
3997
5884
7239
6368
3602
7901
5362
3345
5047
714
5815
4806
3748
5396
746
2428
1390
5772
4149
4192
5047
354
8120
2870
7071
2165
2147
2837
699
7997
2741
7329
5575
1559
2256
2901
7554
459
74
1879
3827
7850
1711
5112
7100
3040
7670
4442
4800
7344
2498
1531
371
5670
6385
7713
1231
1388
3669
6619
1375
6590
2820
4469
7251
3627
5671
6360
938
4843
3421
4312
8186
6964
123
6027
845
1949
6552
3630
3495
7500
603
1897
6776
753
4224
6598
3378
4316
2713
147
7951
2416
4872
6815
4409
1243
864
7001
2351
2097
604
6064
3701
1006
3782
3754
1369
7743
2888
7542
4542
5435
5105
2250
2077
916
4019
3847
6703
6251
4930
132
412
3491
5811
2211
3737
90
4513
2074
3272
4492
4531
2548
3139
3594
1007
6906
4834
5996
3152
4355
1637
6283
5544
6840
3731
5203
3725
4438
4428
7574
2115
6635
2739
6216
1739
4959
5521
872
3637
48
6139
1492
4265
123
4712
2220
4827
4941
3966
1155
3874
7858
6233
2164
6367
3296
4352
985
2822
3323
147
4285
5857
7042
3898
2934
181
7704
4823
3576
7966
2828
2504
3783
1100
6751
6514
8127
4947
1861
2762
5211
6417
2864
4586
4459
3560
7121
1513
6644
3929
5195
4808
7
5525
6425
2747
4059
1134
7573
8
6349
2241
5755
5469
2481
1528
5178
7531
4957
7834
3474
6214
5875
7256
2742
5776
1840
6299
6023
4161
5200
4263
2437
1703
2706
7402
1208
5968
2364
4674
3858
7761
5142
4878
6258
3603
4564
4211
6440
7475
1174
7506
7136
3360
6794
5649
3516
1806
3780
6343
163
2252
5545
4783
5566
4100
1480
4630
6498
902
1445
3985
7564
7040
7702
1685
3073
4951
2610
4083
5916
6102
1454
4896
6386
2805
4982
7345
6189
6567
3736
1254
4666
4008
2673
5807
3903
322
1016
2399
6519
6568
5176
3913
1211
4147
4390
1794
2476
5145
3618
6889
5675
3984
6950
3094
6851
3000
3381
4984
1057
5125
20
3232
2984
2166
3372
2776
1195
7936
182
3265
7440
6226
3984
7428
7339
7441
1194
3285
2183
7731
1220
1381
1434
1874
1069
1296
6427
5431
6251
4133
4286
7267
3747
2987
4531
7390
4404
1703
231
766
6196
5580
460
6119
6676
5446
868
6436
2852
2202
2375
2713
763
6777
702
5709
8045
490
2362
4457
510
2571
3604
3112
5376
7574
2521
1073
5054
2966
7164
3434
8154
3044
6738
4228
4391
6940
948
2494
2705
1908
5199
636
1040
7213
1249
2827
2260
4612
4180
6416
6842
6110
4882
778
1323
5053
324
4143
5560
407
198
2574
6050
6594
5901
421
1378
2086
4648
4947
5057
2603
7728
6229
3597
4187
5055
7014
1888
3557
4074
1731
8082
3496
4442
271
3062
2223
635
5498
8177
4359
2806
337
7125
6937
2002
1950
7807
3867
5980
4932
4502
5870
1234
4089
1406
7959
86
6728
896
4642
4607
517
6806
3750
6975
3823
1744
4357
4753
2651
4421
4019
