7944
13252
4057
4974
1324
24238
22397
21514
8594
10756
6112
15022
13162
7209
15504
9071
9547
2498
14884
3852
6374
21962
22466
9538
5427
15908
14653
21305
17562
11913
2178
14050
7534
8863
7248
23446
5797
17769
20161
21073
7656
21108
743
14355
17320
17417
14293
13890
9116
759
13335
18613
13106
6511
9114
10533
19552
23265
2045
3393
8737
445
10496
728
14128
18001
19756
19600
16019
14084
21936
1914
9849
9271
12495
2320
18669
11213
22187
18606
382
9018
24231
15773
6137
15648
4177
18722
12237
4257
6
15666
18229
2396
3870
9261
6807
10943
13518
14156
10663
6254
6226
12936
6664
2283
13082
2885
20673
15350
5627
9023
19448
16877
19476
6678
3921
7368
7273
4604
9304
1434
15949
19040
15254
10792
4058
8672
13743
22345
15812
14358
21746
7510
5413
19831
20004
12581
16581
12105
1152
5816
12432
6205
18172
19333
21209
216
8465
1764
18160
14199
12645
20216
10513
23598
17546
5902
9836
4959
4067
12101
15141
10588
7866
7051
19281
6136
13664
21906
21821
2606
21484
14595
8015
10010
1292
7319
7790
8519
10350
5440
832
20498
813
20725
2339
22160
4471
16130
22381
9396
4969
9111
2554
2084
3263
6781
23495
19483
6702
1203
21436
11953
11046
1012
18944
2353
9378
7492
11807
18390
22205
18787
24190
5273
20172
19877
1632
17312
17984
9382
12400
8060
23166
1614
19149
23411
13026
19767
15558
19218
18491
14935
17416
24270
20283
10508
937
15830
6731
19536
13287
16704
324
20591
12066
17894
15347
22324
20822
22554
1100
11205
2265
11621
12749
198
14705
5176
11770
23521
16275
7982
2912
17896
15069
14981
14373
8745
19497
19825
12362
15438
6753
22941
7390
11411
4595
5410
9299
9095
1109
12514
829
3115
7498
7342
5550
8403
16635
4223
24274
7993
11626
12632
4623
15938
10296
13631
4091
22571
17088
23738
23205
9010
19811
6879
19032
16719
7108
18576
6881
2760
12201
7208
3598
14691
19030
11153
10382
18113
23823
876
19610
8073
107
8505
20876
13828
24231
7334
3294
18898
6121
6434
11841
12227
20976
17487
14178
8745
16058
8998
13384
15364
12888
1339
16269
11376
24472
3569
1950
12607
12368
14223
19890
22633
4025
3939
14173
13538
12525
10952
13228
1368
10303
10360
1426
9498
23874
5823
2446
12979
16131
16806
16934
13076
22384
15165
21892
15764
4604
14824
12770
13162
19923
9606
17636
18960
24150
18574
61
3429
18839
3879
21992
8366
23755
10663
10179
16498
1309
14139
20351
11429
20331
6685
1202
21551
4057
5596
12994
22997
8802
22098
10140
20703
22825
13255
11173
1416
10860
20367
4107
16129
1926
3835
818
23865
12865
1706
9219
14533
6800
13032
4328
21621
16297
20847
21273
4217
507
2875
8269
10579
18930
7699
2762
12130
18378
5431
21078
20178
5591
11666
6922
1083
2297
12715
6708
16040
16634
10759
2734
15046
12328
4566
2755
8751
9992
4759
664
7842
1192
12220
20945
7902
9940
24297
7250
22632
1625
7621
810
20512
968
7386
21122
17724
438
8235
3239
4163
10535
12207
14503
7289
18269
19776
22610
5332
1439
11725
12059
8202
11901
22650
14082
6439
21238
23342
22738
18531
4504
16602
17587
10977
19578
15657
11846
5183
22914
15033
13584
21462
18508
3122
22843
7842
1335
9227
5769
13627
12135
3647
16484
15333
11894
18390
19254
7805
5192
13822
18491
18424
21742
2628
5166
23605
1660
4010
23659
19918
1573
17802
19780
3449
23090
8627
17454
6683
8915
1435
12912
14185
10984
18928
22399
16368
9146
9460
8137
16054
9614
1285
104
20079
8706
18514
13250
4821
1446
7474
7521
12422
16666
6982
3310
19
1252
11692
5533
18202
11646
8216
14472
584
7808
310
8958
18882
15192
21685
2208
21880
24026
6405
22786
9554
9568
940
6249
23925
23260
13910
18801
7370
5457
17279
1582
22753
14599
1099
17010
16663
9768
7368
22835
3879
20249
9611
23530
20668
21009
24120
21669
19417
6750
3651
17193
6013
18187
18112
14740
18944
24230
20607
2373
23013
10860
7373
1366
3210
2209
23352
3491
18020
19431
16389
20332
4863
12975
22187
15191
7239
4298
13707
15193
6653
19265
17755
23444
2437
12479
10552
17389
22883
20934
17128
22666
8040
15971
24068
13172
13365
23084
16724
24259
408
8183
3364
9806
8369
19449
1928
10294
3763
4160
485
23830
41
4399
21914
3995
2113
4331
11751
17582
7456
674
9020
6270
11727
6928
7370
5726
6480
16612
8783
6847
17851
13250
14509
18947
18216
22537
1611
24564
24331
20706
5011
8870
17785
22558
16254
4888
11651
18491
8031
12989
11433
9359
24068
15958
17206
4038
4390
6050
16891
6635
17106
12439
21217
17777
4572
20610
13708
3777
20663
18942
8663
1959
16972
13240
1885
7589
6673
22697
9455
13921
11958
9638
5888
1716
12
3119
7832
6188
5717
18691
12463
9916
516
17577
6926
23169
9519
23671
18580
18084
20415
6818
5756
862
13711
3435
1303
13526
15545
22455
9912
17950
9086
8589
20711
7035
2687
345
18790
9586
11918
7946
2463
691
11411
4831
12287
23205
11696
3614
24197
18196
7519
18430
6334
12254
4911
5102
2241
13746
6797
1268
18969
8459
5340
23475
14440
23924
12207
21329
2466
279
19728
10921
1982
23392
417
15066
8545
639
6728
15522
1037
16291
19524
21189
19900
14500
1893
2368
3238
20294
6543
943
16195
3391
11741
6800
11114
12192
21805
9062
10375
13293
24025
14540
19234
3591
6291
11375
3380
1549
19676
20052
12007
7316
19701
12587
2662
8967
22639
6219
15300
16891
10498
2207
19232
17131
12122
20206
5332
19927
21984
9986
18199
3861
17921
8313
6798
21672
6257
3044
13631
24061
22977
17139
2844
20894
11964
21258
23782
10725
2897
3587
16099
1145
8002
20278
16737
4007
6796
5088
22018
16545
10550
20058
16124
9168
1205
20315
14768
7714
1127
16309
2566
11567
12260
4099
446
3142
23653
14210
11551
1424
1226
8242
10781
3224
8816
2613
24466
23541
3075
22170
24405
5739
1590
11775
20119
8499
8670
2473
21520
1120
10819
5226
3077
10742
22198
19883
14717
12740
794
3449
4372
8898
6400
8503
914
22564
1560
10214
22527
20513
4748
15170
18099
15069
11950
259
1934
11214
4213
1725
16480
20008
14900
6744
13762
17343
9583
14282
24559
9939
22147
8617
6739
17730
12726
13478
11198
20780
2110
14983
2542
18299
18760
10626
22585
1115
16395
2441
22575
20075
6189
1630
4086
18669
759
23836
8568
1945
17542
14042
9383
9716
22827
23526
5335
12032
7052
24074
244
6062
14476
11019
14684
10187
13791
8264
20361
5616
23700
11141
3319
15115
8747
4849
799
6322
12548
20133
11497
2543
21665
15998
1871
2194
20804
12739
7154
3756
21084
14625
11432
17638
16061
22036
23027
5915
2229
14425
10892
22632
21892
13733
20340
6365
11584
19563
5858
14302
21457
116
19986
7518
7545
401
23223
101
13593
23791
7159
269
5419
23328
12797
21192
2183
6497
10622
2119
18225
13199
3845
10975
15829
7579
8966
6821
14631
5897
184
18448
8991
15290
1293
16521
1850
16522
20006
8026
15876
2588
6558
17990
21604
2607
10064
1806
23725
5776
5974
3004
5223
11877
20218
4853
16661
23690
7853
5243
16784
1907
6737
20489
15124
9591
24453
16029
17348
385
11401
12102
2611
8660
6533
9665
7000
16366
4511
11956
19388
20564
24050
23664
7825
24539
10117
517
23413
9404
3710
9449
9075
17325
218
5929
22861
13695
6822
22083
12858
809
10978
17539
22516
8766
13308
84
18833
7584
18971
22273
11784
6260
23113
415
18706
15395
11816
4905
17096
16005
2315
15206
8593
11219
18972
18104
1483
24250
14443
19066
1342
19191
22697
10662
11169
18770
14122
947
20719
19041
19620
16164
24249
2894
20847
24490
1578
7438
16920
17241
6673
21270
15731
1550
18787
23377
18976
18773
1665
17882
13993
5854
24300
20573
14757
19970
11775
3284
6711
17660
2213
13081
14436
17997
24402
22478
4157
6766
23233
22879
18870
16195
5968
23101
21687
13685
18611
5902
6550
23590
6385
4211
14436
2590
14208
18295
17843
14062
12782
12879
9665
1658
17543
22124
2614
12375
20055
20377
21146
8970
22287
1785
17259
17874
23528
8677
2133
17155
8604
15469
10487
18815
14293
11571
10450
10282
13392
11025
21393
18545
2268
16061
8024
8007
23026
21705
15693
17051
3015
16418
2999
13587
24286
14586
13666
3004
20342
22996
11956
14480
18288
391
14091
14167
18708
17345
9333
8226
17127
2282
17544
3450
1610
19061
16891
1553
16724
9118
6277
2806
22931
15063
4653
4171
6775
6067
5142
12956
3507
13154
1854
6093
8321
12986
23182
16528
8546
12269
9299
5400
13866
16643
9241
3671
18216
12169
948
10786
5058
6888
24114
24314
13836
18553
1980
12426
4757
5631
8142
22689
8410
4339
2660
15023
10351
19789
3736
22672
11349
8535
16369
20453
15631
8522
3570
5148
12616
5645
5673
8286
23165
21613
19952
9671
24402
13398
23630
11348
14921
17334
23416
19202
7784
3516
20816
786
24337
1410
23106
3781
15697
23669
7902
1718
890
21803
13229
17633
16389
3336
17320
4286
23769
18189
11559
6771
3800
6056
1216
19334
16137
5072
13213
5104
18602
23455
3715
387
17876
13496
12070
20100
21767
865
2734
12110
311
10652
23792
4117
14840
22893
10555
6147
22252
17508
11675
21724
7300
1163
13038
11451
3211
14321
3521
17877
6405
18531
7501
18611
12440
24277
1177
3849
2924
6292
16943
8695
5338
14080
19001
10767
8802
23609
22106
497
15529
11964
18484
304
18241
6983
10505
21088
10457
19579
9697
2147
1856
3162
4049
5633
15104
19698
3596
18913
9284
5333
249
3904
13806
15014
1627
1275
4234
586
10364
13577
6723
22086
17493
9480
22345
10261
6411
17987
12579
3640
18945
1684
9671
8759
749
5376
23446
6389
13962
6728
24551
8506
13543
16588
13135
23399
20529
12621
14182
17572
15022
18750
368
18429
9695
13652
3739
21873
20569
10107
15537
12067
24570
772
2527
3644
11837
4292
23623
22004
21509
13115
20514
1330
22589
22914
9938
10254
17008
8835
19651
14331
23720
14848
1783
19652
17818
19869
11460
3896
3066
16757
22832
16946
23041
10587
7985
13180
3065
9872
19935
10226
11159
18225
4653
5615
3393
4440
13623
3836
16432
19925
18647
9850
6249
12222
737
22803
8081
2380
13090
7991
1463
17332
8693
22496
3949
6942
13694
4251
1588
15136
7046
5642
3273
7825
21781
15210
15221
3641
11849
10588
22201
1647
23128
11374
18853
14747
20464
20486
15242
20274
22595
24244
4829
12657
9914
18852
19053
12596
21255
7877
13588
8709
10422
3397
6528
7525
13193
17755
23248
9213
19883
80
23584
1273
7436
6817
20432
19459
9292
18707
12613
14158
7637
15862
23890
8918
4884
21043
19696
4942
20562
20098
18736
3525
12266
762
4256
13641
1028
6458
3038
16251
7148
8881
22779
2980
1404
1404
11716
14211
8854
13170
22728
4157
5698
1097
6553
1632
23905
4280
18184
13346
23717
4382
6800
19494
4949
21777
20354
23487
2773
5633
21509
299
12348
4439
8435
18093
12974
18609
15321
23008
1451
2990
8879
23330
20309
19933
5503
11333
7270
10906
13196
5999
22762
16549
3090
23462
22781
1063
3035
11366
8787
16932
7995
10133
14628
11296
8351
15848
4259
14163
8834
13852
4755
6020
2924
17938
19354
20476
24439
12589
4058
519
21007
10033
18561
5692
10566
15572
19530
2895
10989
12021
6302
17411
495
22884
35
10446
21220
21896
964
22311
4770
2208
21861
21702
14963
23463
18211
23533
2739
4661
23971
50
22115
23997
12224
18155
1121
16826
6677
5295
6908
8062
3119
6228
508
22675
8424
17072
12374
2590
9933
23740
8904
11462
13944
16385
7189
2209
477
2315
5909
16046
24323
12143
19999
8544
2812
15774
5688
11719
16213
11990
17342
11618
18922
20619
22844
20437
5597
16994
20193
2056
2160
7585
12767
18559
9452
5778
19744
9935
9314
21330
4624
3188
16354
19997
2683
6848
2617
18344
6564
22996
3344
18112
10613
17403
21924
11964
7772
4895
1051
13421
9426
7982
6261
21069
8026
9622
24531
7595
15171
10622
519
22718
488
1992
6744
24093
22610
22834
16176
20414
12788
18373
15294
9967
16144
8686
19211
11324
5388
17194
22424
13277
10825
13729
3544
10163
14318
16972
20517
15970
23758
12382
20075
21248
21641
5338
21860
18823
14392
18816
24048
4956
9745
13310
23507
2254
18379
11798
10668
17484
7919
14692
11274
21098
15318
5623
24253
1310
5573
6052
3654
14622
22882
11613
4033
18121
10785
9945
920
23024
12884
15648
24096
13343
21706
13338
17316
5303
19301
10682
2720
15894
20173
1370
14343
19556
1812
13735
14884
13167
20705
13402
19542
21230
7032
11118
13789
9793
22972
7741
5255
13303
19934
9332
13110
10376
24035
9662
22111
6477
12487
9107
8554
18993
21223
1648
17251
12730
16954
9181
3752
24514
14242
774
15365
19766
12528
23209
5702
6550
1946
24073
7375
2988
12381
10509
12445
8433
22737
16052
8613
10829
23525
20227
8195
93
13121
13413
16182
13178
11893
1921
6584
11112
24446
1228
17875
23810
780
23158
1267
8344
17636
20612
12475
14102
17471
2474
22683
19881
22110
13326
14718
21765
17909
8507
7857
6936
22874
15315
9373
22833
15069
10855
21912
10792
3509
12371
2959
8988
22232
24078
3665
5993
19052
17465
9746
7218
8120
20582
23194
16922
15382
7181
9368
21953
18016
6435
2909
19250
21313
5652
18487
597
18408
12625
22029
23351
9387
12913
22755
8597
7328
24295
1682
16720
7741
20281
20754
5625
10825
2142
12679
20856
20246
23693
11082
10096
14974
7590
22855
281
20704
14781
5268
23399
11086
13726
6920
10879
11687
832
5553
14961
1630
22657
6401
11311
11107
15954
4945
20617
3780
14401
16038
23186
15123
20780
9057
23504
19695
1682
19207
5005
7990
17635
17175
18676
5690
5305
5144
7586
21215
9533
15800
16685
23226
7901
14798
5413
10895
12765
7228
9445
5956
19394
17683
22063
2203
7083
22638
21794
6993
13042
23458
18646
20079
14105
1167
22650
1997
15121
13866
23960
11257
11903
23959
17750
5542
2175
17883
9502
12625
14633
11048
20378
5981
16230
5941
5792
12668
20249
20762
10337
155
1029
15291
13623
22081
19104
10852
23893
14230
15141
22854
9909
6284
22179
21888
16704
15222
14033
15666
10672
22052
1125
24346
12039
14483
15560
22072
19807
5590
15193
18827
10140
9509
24251
5770
539
668
22914
12922
3247
972
4188
13887
20230
1080
23359
19742
5143
1757
2048
19041
6950
7869
3889
16762
3611
6434
17345
10787
4293
10408
19583
20070
7795
1986
17521
10721
1646
7372
12255
16540
10468
20361
11836
17308
24263
4366
14098
3174
14571
2373
10918
15260
3152
24021
7901
16800
18661
7311
3775
15390
11825
15977
4537
22206
9512
23075
17533
10903
18118
18316
10314
14492
6735
13984
19207
19633
24215
13790
1835
12846
2805
64
20203
20473
19825
20866
10181
7500
24439
1639
10176
12049
6438
18743
14103
16068
967
10209
19673
7027
11236
1650
1143
9952
2692
4258
17387
12052
16267
21702
9842
21426
22048
4401
12529
1919
1080
15960
1848
9009
14215
19606
15486
1715
5712
8523
16462
8842
1330
23467
11636
19242
11782
8989
20436
16599
12271
21046
10768
16990
22075
