66
775
2967
3618
1162
3061
2561
688
3806
2055
3477
3146
1788
14
2320
3718
3650
3259
831
964
1414
2898
540
359
1772
1879
395
1382
2427
782
277
3351
3908
3529
540
681
728
2170
2491
3731
2761
127
2089
2536
1133
3273
3286
2447
2249
1230
2934
2063
2027
3764
1241
1562
1112
2328
1136
2376
1790
6
600
617
2574
2254
2255
3306
3820
945
3802
690
3789
3004
1772
3235
3506
614
2169
2928
3470
2330
2621
4081
1142
2356
1458
1149
2977
1638
1055
1446
4047
3860
1463
2922
382
2371
1096
1128
3472
472
3713
1123
1944
346
172
422
301
857
252
3861
1234
1217
3522
987
3930
3446
2259
2858
2899
3621
1997
4036
2584
3089
3560
4016
2138
231
2216
645
1729
653
1165
253
3014
3596
4001
2847
3676
3103
2836
2260
804
837
3199
1673
2101
2350
1690
1956
2079
1881
3230
1033
3960
502
1533
790
2718
2249
3880
3793
2191
895
555
1612
3783
581
987
1012
2546
3656
3713
1086
2496
3639
2929
3915
2115
3559
941
2460
980
2942
1413
1943
877
1615
3926
2180
1852
2135
1788
1051
1155
1229
1671
797
3774
2223
2631
3812
4079
3862
2874
2870
3030
3317
4075
3580
3484
4
2556
586
1991
2309
3636
1304
504
1201
2055
3336
2090
4054
629
587
3487
1554
1727
3091
3659
1039
3737
553
1468
843
2140
2948
1538
3461
504
2558
1091
235
2837
3422
2149
20
301
2407
3731
1834
1951
1681
3827
706
1672
2403
85
690
3728
2174
1130
3990
2794
1494
2103
1155
1625
1620
1114
3427
62
2686
3132
803
3741
3631
1098
3245
3732
107
2096
3618
1333
531
2489
714
3363
1798
3660
2821
3086
361
1611
89
1168
1936
2992
2963
3059
43
3407
456
440
1481
2388
2025
971
3808
1215
3046
1
1054
3170
277
196
1556
2094
730
1126
2291
2900
3543
3421
3482
3185
1996
380
567
1907
3401
837
3081
1208
595
1099
3195
3872
1783
1427
2490
3011
3837
3618
3882
1597
3821
338
976
2731
1809
114
3690
3777
2999
3033
506
737
797
1681
2586
687
846
725
1344
3170
1476
670
145
818
1013
3170
591
3345
3294
3930
1886
1191
1874
3138
1660
3515
2422
693
2032
971
1274
3047
1401
869
3926
161
3316
261
3498
628
3130
3002
3838
855
2516
2053
1718
1654
3817
4060
