658
923
1011
1008
999
939
1007
951
736
789
354
98
601
621
67
145
762
670
484
445
405
75
276
42
152
587
677
922
119
767
413
84
854
611
191
129
714
592
760
655
454
155
701
350
247
913
436
508
0
720
392
560
14
306
496
904
115
711
316
377
625
514
946
447
31
951
280
978
792
453
430
144
727
34
594
879
869
736
703
435
760
294
42
225
494
913
644
414
177
1020
692
637
929
535
943
163
153
759
950
117
118
507
790
1011
998
100
436
1024
321
982
323
614
36
225
28
770
425
465
138
253
367
596
876
841
965
422
505
950
466
19
773
313
407
863
852
940
639
149
349
850
685
132
411
98
846
883
923
149
761
36
888
907
559
867
765
778
266
248
543
484
316
405
106
351
969
680
1001
883
123
727
562
321
120
456
307
615
305
862
258
858
819
511
847
938
405
797
1022
555
479
426
226
293
386
648
327
87
34
584
476
311
240
275
274
909
277
982
550
375
906
724
576
565
678
402
632
323
510
307
725
55
919
315
918
40
758
701
900
363
323
556
7
482
485
747
989
871
974
278
867
179
27
597
741
410
533
715
797
876
581
584
431
837
36
605
732
850
601
25
652
780
236
121
375
12
872
247
946
252
331
881
470
441
31
808
544
96
371
153
830
202
100
701
164
767
1015
335
991
965
180
225
656
572
512
163
596
561
239
225
349
660
482
921
450
701
936
585
552
920
736
585
958
290
233
702
1000
86
8
848
782
201
648
582
171
977
604
113
904
179
346
359
423
793
252
231
343
490
358
433
113
867
322
367
163
120
356
866
338
649
956
448
234
581
160
525
192
357
685
520
2
406
901
671
481
954
307
953
95
12
524
616
412
500
524
773
975
619
395
116
426
211
303
802
181
717
465
662
685
536
993
507
438
989
535
104
881
165
575
473
477
459
808
418
877
884
729
461
525
680
988
287
700
958
377
199
566
321
924
783
303
926
30
694
747
160
900
355
21
956
151
846
819
74
61
423
321
940
176
545
843
892
894
932
849
234
504
722
149
468
400
929
603
277
388
363
145
609
262
103
491
399
138
334
127
549
776
586
28
916
349
85
295
377
95
228
776
161
799
872
489
947
1009
966
635
1013
536
754
516
258
971
729
233
140
571
19
902
792
198
495
635
20
557
751
548
16
461
82
472
909
232
441
938
554
334
150
260
976
957
4
47
696
170
712
370
84
318
660
788
208
739
568
960
861
726
272
638
290
314
574
21
411
66
878
994
602
424
591
724
472
265
578
112
88
650
328
595
841
925
320
992
888
508
686
764
22
757
313
455
909
978
737
717
604
503
870
548
330
784
259
965
339
960
270
894
475
562
289
587
838
920
420
113
563
798
604
728
17
421
19
673
769
653
287
576
846
630
645
160
536
352
667
422
543
504
525
701
718
79
993
267
804
200
54
798
680
353
916
12
529
425
37
166
919
0
326
690
603
87
459
624
530
423
652
772
770
560
2
620
77
995
268
306
450
639
16
993
1022
576
778
936
970
147
562
196
211
694
704
728
464
449
462
759
443
96
225
511
205
134
519
523
402
539
542
609
985
247
4
598
411
563
26
180
379
24
975
605
732
215
686
874
374
236
109
857
240
535
105
39
499
859
937
915
431
769
258
728
21
909
871
442
690
152
520
52
466
331
588
686
927
590
25
792
21
759
575
212
948
51
258
142
1019
387
225
839
404
459
914
696
990
553
189
496
667
438
367
506
805
1007
600
611
984
951
227
246
328
195
55
657
91
776
756
886
259
359
868
629
509
856
957
433
835
816
728
460
557
536
291
1008
361
160
575
966
577
1016
683
88
941
584
447
312
41
217
288
314
387
615
853
226
491
247
90
542
877
188
100
396
963
939
891
157
852
409
350
738
523
985
892
731
668
239
218
753
920
56
945
235
772
803
518
468
146
957
108
447
906
70
257
370
587
101
22
937
703
466
269
722
13
94
663
951
200
115
670
850
729
470
188
126
47
655
102
972
895
731
48
353
290
506
13
647
1013
200
974
190
614
585
498
952
196
459
294
600
207
945
104
277
761
641
558
957
613
132
706
835
391
181
108
932
540
713
752
228
851
347
520
937
946
964
84
880
842
698
618
879
980
727
345
905
351
585
516
40
768
583
391
198
97
218
651
258
793
900
538
253
969
646
543
543
758
491
205
963
647
124
822
38
73
942
57
157
615
50
361
751
13
430
74
391
758
331
724
835
895
865
282
846
112
734
777
618
660
236
449
915
14
14
679
49
569
465
927
239
261
296
386
850
336
728
700
795
700
705
936
553
242
211
266
533
1022
277
611
549
462
874
615
854
643
546
173
561
972
587
475
956
105
