3958
7337
3525
6183
767
1935
6850
3122
4066
7075
1178
2573
1286
5865
7765
5834
51
4612
1872
3661
5742
2918
5004
2542
4170
4432
1832
452
2427
1412
6739
1139
2202
7813
1286
4133
5113
4983
2175
7381
4446
3178
4074
7934
2141
3186
1005
3404
4665
3493
2661
1331
8058
1317
2402
1331
6604
4077
6973
347
6942
1804
2344
3755
4753
3812
335
7562
5927
4714
6411
2482
2320
6809
2359
7158
1178
4230
4425
2351
5789
6129
4743
3345
5385
6190
4049
4253
4581
5074
6901
1576
1353
6184
3019
4823
2362
652
7832
1276
4217
4123
2337
2235
7805
3
5845
7490
63
1610
643
3939
6714
1792
2093
6145
5245
2015
2801
6701
5164
38
6100
7032
822
7862
2180
3194
236
1961
84
7746
4942
2255
7766
7232
6983
834
7749
5466
477
839
7516
4317
7156
2155
5365
1791
2473
1902
5677
7659
3580
7284
4888
3933
4997
5592
4376
1361
4465
4618
8088
7156
5829
7361
6521
6717
3427
5856
2498
2137
5803
5998
458
257
2144
4515
5396
2027
4753
931
1237
4121
7155
2988
2686
5560
5834
2047
4536
8022
5099
4124
4414
3186
913
4927
7419
1335
5276
4160
3687
1353
7140
2604
6949
7454
2841
256
4052
80
7441
7516
2916
168
2683
8132
3
6665
2438
3894
7785
6377
2719
1684
4486
5269
2241
3782
3714
93
787
495
2677
6585
5127
6063
5618
2317
7043
3798
6588
5161
255
5127
1676
7624
7285
3506
2987
7168
5613
2214
440
18
4026
7593
4946
1813
164
5446
776
8105
2478
1098
1138
3278
495
4682
7779
6574
1043
4811
1192
6765
4344
3351
7535
4737
2815
3223
2511
3398
7489
5012
3290
4459
1588
5044
2769
774
7770
870
471
2356
2005
3115
6545
7117
3772
6750
649
5751
250
1217
3724
6525
4
3011
34
7601
3037
260
4123
1409
6325
1372
3222
6383
7923
7561
5208
6840
2106
7180
8087
3077
2380
6282
2014
8058
3944
4120
2181
4495
4650
6423
4765
1468
5383
2223
1838
5374
2356
700
3249
3970
3450
1317
4455
2057
6105
2345
4591
2145
5543
3247
3598
6353
4191
6056
2422
493
2445
4185
3823
2580
7119
7218
1899
4202
1271
508
4355
7460
1239
7967
6925
5776
4482
365
6773
4979
6867
4684
5022
6589
172
6789
6787
414
7625
5077
6025
7219
7812
7011
1928
5818
3006
393
1161
5194
2771
4602
3197
6466
1612
3836
3339
2048
7523
1969
3908
987
2213
4579
446
6875
6857
7913
1193
6968
830
6636
1910
2529
3059
5714
3003
6242
5634
6640
3681
6051
2954
869
5849
4209
700
6283
3996
5589
2619
1872
6040
678
107
8113
1150
4209
1329
2040
3486
6684
3362
7948
5020
2116
3103
5724
853
1424
7664
6610
3964
3611
6943
4790
5051
4465
8027
317
6725
4500
1308
932
4173
3349
7788
2830
21
6255
3535
7347
6972
3594
1906
7184
3251
5174
7117
5257
5714
3000
5558
902
6705
6275
702
4605
2161
3725
649
2705
3366
4369
1862
5496
1367
4288
3270
862
3773
7257
3956
5818
2232
5554
1479
3121
3675
777
2637
6532
5378
6990
5788
2770
560
7035
3905
2625
6980
6572
6739
7069
465
23
237
2496
3518
1728
7364
542
1306
5383
332
771
5985
1698
843
3488
2449
6952
6703
784
2385
4369
1337
1969
1168
1091
393
3499
4080
2926
7460
5041
627
1771
6023
7806
4319
5184
3423
658
5934
3900
5911
2616
2911
1020
3106
4212
2826
4825
3045
7563
7679
7034
1246
1474
7487
5650
4928
3824
6655
1253
2983
1961
1355
5943
4006
3553
4790
6432
3890
4529
7796
1380
6959
1218
862
1934
187
1218
6259
3383
4330
7823
6988
159
5714
8100
7277
3627
6683
4230
878
5848
3071
1757
3865
7445
152
4555
8102
7619
7722
7009
6971
5347
3205
5048
2776
5615
2802
6994
6667
3239
1567
404
3792
4989
1431
4975
344
360
3501
2672
5776
7346
5217
6828
6863
4420
3221
1202
5872
8116
819
782
4299
2239
4814
4633
4893
6677
5101
5632
4008
2363
1789
737
4638
5542
5671
5067
6137
7091
5469
3682
4321
5476
6212
4977
3164
2528
2536
184
7034
4320
7801
4298
1089
1730
3241
5852
3525
151
5513
5338
4148
3188
5443
1170
4251
4281
6218
7173
1038
3690
4874
819
6425
1283
6177
4149
3129
1770
101
101
5148
7017
3788
6312
7739
2614
6781
2222
1722
2833
6813
5540
6026
3737
3601
6835
7395
2988
5843
2800
186
4343
6943
242
4765
6640
6379
599
6324
6151
3112
7609
605
5486
1406
3680
8175
925
462
5088
2608
3769
5551
2943
1618
7854
7540
6573
935
6471
1597
7069
3821
7548
1839
5179
7351
7622
1194
1461
7202
6551
1503
3756
7431
6374
803
2488
233
849
4402
1951
4153
2260
1437
4828
933
5424
2801
4590
1127
6073
2130
7184
3452
4219
4294
3768
316
4327
1067
594
3078
242
7933
7788
8144
631
7098
2363
7671
1292
82
3801
5759
7239
4555
7056
742
7764
1244
5071
4786
6345
6262
2404
5246
1925
5050
4840
5699
3462
6728
5874
2309
3698
2577
4604
7085
2967
3015
1422
6559
7379
2864
3199
776
3741
7869
3896
8146
1655
3812
3278
2910
5830
5587
966
1786
999
7569
0
5092
2855
6348
1638
2929
2610
398
7767
6608
7642
7082
2357
1155
6561
7660
3571
4158
702
2663
8114
5425
3373
7608
575
6065
1636
3429
6541
4903
6173
7934
1483
2699
7274
7273
1000
112
4015
7429
5510
2270
2036
5497
7397
797
3607
1213
4436
708
346
7797
7511
965
2468
6034
1103
7343
1100
5743
2810
3431
7330
1832
6397
6622
976
4576
340
262
113
4904
648
2467
4101
2418
3946
7635
6187
5398
1096
4839
3894
5134
4517
3189
852
6736
5643
7770
941
7214
6923
4488
7837
3089
6608
227
4050
8051
7520
8085
5748
6003
4149
3969
2072
4584
553
5721
4055
7661
4508
6032
4485
7201
5860
1160
3657
5575
6136
7313
8075
6253
6714
417
1354
2930
792
5081
1384
6993
497
2126
1577
878
3417
4855
4156
4252
6834
1550
5295
882
4412
6441
2122
3250
1085
2076
1290
6018
2016
6772
8077
8009
913
1335
5707
5994
3661
6108
1828
2405
7189
2092
7873
3438
5890
6936
5649
1258
6938
1504
5278
7514
4551
1538
318
6976
2125
2272
7786
997
913
7033
7562
6890
2456
654
7858
3510
7952
2110
6517
1999
5425
2300
380
761
7507
4325
4244
4630
2029
4203
6343
7103
6378
4648
3907
1676
7645
1693
6853
5386
1603
1476
4191
4328
4497
4302
554
7681
595
3441
7877
4923
3882
6279
2641
6038
8077
6439
6090
8122
3933
937
4551
3486
4113
5952
7307
821
335
5186
5998
5760
4297
6963
3230
4744
5178
290
3336
6930
7352
5629
3092
6671
3809
4535
6885
7435
2942
6388
1216
5394
8020
1148
2100
3571
4541
3182
4109
2242
5726
7874
2917
3888
3058
1939
6830
7635
7371
2468
2797
6987
6590
4637
2187
101
5510
3329
3288
3880
7333
713
1843
6141
3781
7774
268
5106
978
3636
3724
5592
1633
5711
2275
2294
5725
5994
4929
7029
5948
7961
6412
8052
4119
1024
2081
1233
1074
108
3685
6969
5370
6097
7473
4525
4547
1076
419
4420
2256
7312
5746
6553
3252
3113
6407
5524
1690
4574
2485
4953
5916
2679
8003
2863
2165
3364
7329
6020
4420
2897
4561
1724
4218
7584
950
1990
3414
6249
1543
1565
4808
6981
3216
5554
223
6311
591
6518
6501
2409
5530
3633
4072
1090
440
1051
5216
7256
5941
3698
138
4566
504
7828
5004
5518
1882
5578
4674
403
3266
3503
6145
4537
4973
6434
7865
7231
3138
1877
4580
4821
4735
3703
7582
7078
4236
6676
7618
333
4879
4319
933
1949
7689
558
4981
1739
800
5338
2779
4803
330
7110
657
3938
6540
5624
6533
5496
6783
5064
2346
95
5252
7919
880
2650
3198
6355
3369
5873
1125
6972
4115
6520
708
4295
5487
1587
3610
1899
5221
4849
2305
6162
5143
3578
3240
92
4209
495
5136
7884
3921
4493
4371
5921
2787
944
1136
720
2704
7447
368
242
1495
4370
2909
6383
4141
5971
874
2023
1279
1333
571
6642
632
1714
1732
3246
8027
3992
7499
3977
5171
6221
3967
5995
3351
3159
1029
4883
5807
1011
3371
3388
965
1191
5772
5294
2487
2022
4936
8162
7508
5525
5473
6398
6947
7303
6414
3149
3318
3195
4228
2886
4907
3167
6903
3216
3729
6602
2994
4553
6605
7161
1998
5136
7360
3134
5235
7792
6758
7615
502
5176
5172
7588
2136
5281
5282
7398
2600
4970
6496
3754
287
7834
1319
1076
4373
4695
3920
5430
6818
1588
2491
5044
5085
4584
4995
8076
8189
4785
6248
3469
4308
7139
401
2609
2216
233
255
3667
6740
6138
4295
223
1124
986
2191
5301
3327
4313
6134
2545
5758
1942
4904
6576
3422
6273
1389
4756
1307
6031
4832
6067
8050
7843
5284
1636
943
5587
4286
6203
3510
7827
6513
6163
1920
385
4423
5445
2201
4433
855
7816
5558
5039
2497
6930
6552
634
1316
184
2105
6312
6141
1888
1968
4281
7243
2529
7285
7849
7746
3734
2383
5074
5227
6457
4349
3561
5843
2851
5257
849
617
2566
1628
3360
6397
8001
864
7236
757
1548
1018
6697
1157
2179
3756
4556
7333
6598
5141
6271
462
8113
7518
4801
7219
4959
1561
4105
3731
4041
2672
4927
4165
6786
6580
6800
5536
3621
6502
3042
5705
4819
7410
747
4783
49
1874
7640
6202
4147
3503
6706
5600
3135
5417
2879
431
7980
2876
3162
7944
7992
1444
2389
2885
7563
3109
7274
4450
4889
253
5294
3587
2451
1841
3355
2372
4340
3676
1583
3722
5786
2286
5594
6894
7599
3172
4307
7933
958
6073
2812
6138
1431
5074
4395
7697
3502
6729
565
4493
2038
6738
6721
1492
1071
7285
1183
6592
5591
7896
3608
3384
4456
3075
6539
1513
5578
3979
5963
1192
2025
4115
3607
5458
1754
1440
218
7678
7561
7192
5357
6207
4827
2434
4168
1346
2632
7244
7983
1249
7746
302
1367
4366
70
303
7553
5133
1769
4061
4999
6679
5279
556
8149
3046
2653
651
5440
7643
3874
5128
5186
2770
2916
6701
6256
7319
741
2460
3763
3701
6945
4308
5369
864
6546
269
6922
3553
4122
3387
3377
6149
2176
6159
5979
1167
2491
990
2852
300
905
3292
4047
2593
2324
5578
1967
7041
3598
6931
335
4990
2331
3130
3943
4425
7881
7174
2373
3419
1003
7410
4154
3708
5286
8040
7887
4117
5441
5368
2943
566
7584
2026
7597
3851
1312
2068
6607
5626
7993
3980
7371
6863
1251
6514
4417
1413
6570
6697
511
4320
7996
6458
2407
1914
1306
3398
4473
3481
1790
7158
3176
7503
5678
7377
8015
4542
2415
570
6387
3228
3277
5978
1511
5502
7374
2736
7077
28
3067
3415
1798
1950
4897
2803
2941
812
1189
5839
3447
2827
2873
4863
1630
1901
960
3467
4071
250
7471
1675
8143
4089
8094
4560
7849
6794
7546
2279
6599
7028
1429
4238
5300
7341
5397
4940
3270
939
5572
6251
2973
4870
2590
5854
4706
2565
171
5996
7267
6852
8126
6204
4652
3249
2428
3429
2732
1016
2397
2933
6822
5563
1657
8159
5507
6965
956
433
5308
5292
7942
8073
3493
2585
2672
6912
1110
8035
1352
2138
2028
1974
4495
1244
1913
1839
643
7780
4418
6492
5525
1934
4665
2361
7253
5831
3079
6080
7913
5142
4089
782
2832
1714
464
6890
5190
3057
3270
7548
4916
6781
4717
6047
7071
2312
6237
6265
760
2539
8008
6281
5488
6248
6460
5038
5860
1311
6296
5711
7532
2290
4337
2476
138
3891
4215
5614
2012
6516
2728
3702
6258
6258
4941
3002
1393
770
8112
7792
6031
6316
2069
117
2403
4691
4232
1362
436
7839
4543
3299
4064
5496
3265
5370
5018
2354
3912
5876
249
457
119
4312
7586
4412
355
6967
5426
8119
5283
2501
872
4616
7896
6960
3379
3266
695
4416
5015
5892
2340
3059
5589
1101
5881
396
2745
7571
2223
4000
3163
4639
1001
2786
7803
5761
2573
1344
3198
1836
3671
7850
5873
7565
7049
8045
7109
1019
1913
5297
3267
4242
157
1826
377
4371
5760
4477
2991
3902
6241
1173
1959
1154
1505
7756
6078
2083
4613
6355
3765
5074
6989
1180
7387
506
7468
5036
2996
8134
6094
6492
3776
5020
465
4027
461
2239
5095
135
679
8056
2662
6447
1404
1712
7933
8010
5446
6889
4303
3904
5336
3421
7386
6368
4773
944
5753
2170
1708
4241
5256
438
4623
8138
5364
7536
6755
1808
4246
1828
1440
5337
4262
922
2239
6878
1648
1397
5834
2437
5444
7009
1476
8192
6617
1259
2875
5575
4244
7255
4801
7494
4796
7493
3577
4776
6107
2596
1538
1459
6484
5258
6344
7036
4727
6209
6788
5246
4513
6741
3446
2075
4391
200
39
725
6541
12
5934
6254
4852
7557
1018
6905
660
197
7011
3300
2652
2059
1877
3122
6056
1529
1855
6689
1938
3723
521
5939
952
4666
6514
6348
2210
6576
5425
5768
6554
7519
1398
7382
3933
6184
2673
101
7375
6140
2698
2945
1716
1968
3815
7800
4258
5467
5331
146
6093
319
7625
4804
5953
5863
4040
315
4518
7706
6168
4720
3354
6791
283
7472
2326
1097
2596
7890
5372
1057
72
5912
2697
6767
4348
2924
971
175
1139
4916
7328
8115
1676
18
3579
5305
7254
7577
1297
2503
4219
4967
341
2412
5373
2055
7111
7291
3860
7400
1949
774
3940
21
5620
846
4194
635
7503
6287
5953
6839
6994
3335
2903
1422
6707
5
1775
5211
5782
3346
4513
5810
3831
2402
2722
7697
5669
2088
3014
2453
692
1655
5389
1705
6305
2928
3340
3548
2110
3189
2375
2852
6267
6733
7828
2447
1213
7563
6874
5067
2695
4126
5743
4605
1528
5752
3786
5977
1034
1610
3776
293
4115
884
5572
3228
344
4904
8104
7090
6454
2712
2894
7314
4371
6195
620
6907
5159
4679
1760
7409
2811
6983
7149
3525
3457
5705
5496
4957
278
6859
863
4184
1846
3098
7548
6250
5374
7606
6444
7259
3454
3277
2975
5552
774
135
481
3337
4620
6197
670
7252
3413
3292
1104
1231
6921
3346
4747
5411
7168
1537
1505
522
3083
1959
6331
8071
1052
5231
1541
3584
584
1387
1514
3562
3610
5119
4554
2189
465
5361
4332
2701
1401
4326
2907
6310
7757
2286
383
955
7642
5533
1667
1036
5762
5679
3896
3817
6022
528
1358
6331
6099
1982
3133
685
4921
5111
3780
6935
2641
1232
957
1230
769
6671
2157
602
662
7018
7177
5050
2874
6432
5541
1469
7558
4699
6564
7362
6283
6608
4230
281
6807
5818
6262
6267
3100
1028
3722
8000
6873
4017
255
6147
1214
6411
4591
8030
7287
4310
1611
2683
3638
356
6805
2834
3725
3058
3519
1104
4200
3627
561
5464
7708
5423
5391
3702
345
3822
5979
2895
8190
4661
6462
670
6544
5452
7603
6191
2308
558
3444
2619
1246
4866
1132
8019
948
2588
7368
5392
4038
5497
2334
1988
2464
6022
4854
7738
2186
364
3373
2278
711
7337
6615
3083
2029
948
1564
6512
1958
5228
6720
3162
812
5666
7259
4518
7099
2941
7853
1263
7332
3964
4218
1513
3455
6759
1367
1904
6941
6861
1662
6099
1042
3434
5477
5297
2323
4506
4121
6828
5571
8113
6297
4169
2043
6287
7575
7218
5451
644
3036
1581
7010
7882
1012
2341
3590
7028
5800
388
5383
5952
4684
824
7587
626
6401
350
6722
1441
5214
7585
7761
7046
4956
366
1140
4428
752
3242
6712
4638
3711
3167
6864
3453
472
5580
5643
7018
6406
5257
7978
7537
6791
3313
4526
5839
2719
5915
1862
1288
3296
1177
6182
807
535
7217
7314
4893
5242
218
8150
780
3199
4615
5134
3848
3301
4061
1479
2990
3668
3113
5669
384
132
5434
4727
3131
3619
2346
3222
348
7694
5099
453
5163
7451
5772
1254
6144
8135
5952
3699
6500
7383
7384
6336
836
7865
2613
6846
4506
3160
668
7097
4117
749
5928
1959
2660
1403
4132
4095
6485
3276
7917
3558
7173
1968
1272
1352
1085
5750
1075
4752
8054
1366
8165
2765
4546
1851
6681
2189
1833
1621
6552
6664
160
3116
80
6327
2068
1249
4646
1843
6210
3135
3477
5106
5153
2849
7530
6696
1845
7245
962
6551
502
6331
2701
219
7253
35
2114
2114
1671
4887
7735
1791
8035
3006
2410
940
1385
2346
6157
4135
4907
3084
663
7039
2048
6176
960
3871
6174
7953
484
3029
2867
7777
7583
2513
4287
3795
3584
7889
8050
7258
7376
1843
2269
8065
4451
2945
4081
5183
6216
4695
2976
7980
4216
485
1971
4835
3953
2452
391
579
7936
5079
1394
814
195
2888
757
6884
1664
641
2941
2848
6846
5859
2828
7208
2705
6520
7878
5153
2665
7159
4291
7310
1762
2671
303
2247
7516
2958
17
6309
2967
5212
5445
4875
5172
1890
5119
2784
7806
383
1053
4017
6583
7557
2780
1100
4408
6074
6317
6020
6648
2509
5242
2847
1932
4342
5883
2720
2399
544
5295
3004
487
239
3076
930
5394
7155
4715
6598
1748
7571
773
2908
4267
1876
2671
2734
2990
937
7670
5946
4510
6831
6357
6745
6383
237
3845
463
2337
7497
7758
2682
7364
7905
2205
7511
7870
286
5095
2814
4479
2552
418
4122
4616
347
5770
5794
8106
3449
4160
7785
7479
7044
3022
4431
6044
3295
5564
2492
8130
6295
6759
4428
2539
7093
6138
5893
2081
384
7793
3879
6297
6969
3271
1395
3466
6586
5591
1786
7863
1638
6533
1980
1783
6140
3556
3873
2199
6663
5598
5142
4792
4884
6400
521
1132
5589
5688
4505
7498
5848
7351
672
2062
5216
3818
1685
1093
2433
1844
3450
6268
5940
4151
3472
7319
2118
2384
653
5254
3663
6187
5787
1956
4475
3787
7130
6969
4274
2644
6565
5853
4795
1426
730
5479
174
286
1323
6273
404
4963
2523
4196
767
6180
2196
7315
1323
1459
5378
6818
1593
7097
743
3369
6406
2066
1684
4133
4871
6596
2398
750
5989
1182
5794
6029
1526
6618
7946
3945
7992
2982
7921
6406
7111
3899
7125
3551
2901
591
4543
4677
7071
3658
1750
2209
3297
2309
2812
6926
685
438
47
1118
5968
6339
5263
1245
5079
1992
7749
1610
1833
1204
3777
33
1205
2964
1927
8129
7520
118
1407
1233
6956
20
5622
4654
5354
2166
1073
6424
1355
5494
3520
2458
7505
4868
5051
1102
4475
4376
3827
5588
7298
3974
7492
5438
6724
5235
5876
4751
4430
7065
7815
37
3218
4100
647
2255
2991
757
4211
6370
4766
885
2815
4722
1946
2471
2284
1841
2360
4607
6674
824
1391
0
6353
6262
1028
2564
21
1417
1511
5771
6351
1417
36
2703
1356
1267
2913
285
1169
7766
7254
337
4880
1239
2125
7964
7101
5514
1826
1765
2034
7106
3228
8192
5625
1757
156
4640
5376
4188
93
7500
87
5753
4594
3112
5276
4604
3044
5545
3944
4503
6658
2099
5760
7828
4489
1807
3132
1451
4163
6860
6957
6876
5329
4354
6482
2906
1790
7157
1324
745
302
3774
5903
93
692
1967
1861
899
1229
206
3625
5295
7613
6979
7413
7066
6786
6393
7193
6312
4072
1290
2946
3071
6569
359
7369
4663
6061
3977
5466
7611
6416
1167
2104
7796
1103
6383
6412
2286
5235
3387
5016
3636
6695
2654
7458
6713
3208
3946
1131
2551
4845
7281
615
449
2128
5337
1982
5518
2537
6835
3651
3494
2999
6275
607
6839
4066
5676
7612
533
8042
4369
7741
1476
8028
3658
5975
2246
1423
4064
3916
3492
7813
3725
8147
6348
4571
6904
1218
1591
7488
7496
6118
6560
2437
3886
7707
4994
994
7127
5122
483
7983
4423
212
5613
3243
6952
5968
5874
882
1636
1829
3666
6119
2031
3492
1122
5410
965
1964
4842
6745
4378
1432
1729
261
5570
5040
4359
6296
545
2618
346
6199
1767
5202
4400
4487
4996
1019
7691
4733
1188
6377
4526
543
6223
2412
6885
4205
1302
376
5414
6231
1889
4191
3895
2568
6599
6163
4505
5052
1114
7479
1969
4479
7779
1396
896
5011
5727
2297
5953
3690
7946
908
5059
607
740
8130
6430
5873
2508
2037
1424
256
6755
5014
2464
2121
683
2751
579
4702
99
6027
3831
4155
4557
4118
865
2169
5015
32
3791
1009
2749
1835
572
1596
4592
7899
2589
1188
2781
5130
1959
3983
116
7070
813
236
959
2826
1681
190
478
6015
1602
1760
798
2068
3622
3040
6244
1755
2435
4248
6918
60
2284
5439
5778
4342
2539
4259
2022
2561
3283
6126
7781
428
3255
5983
7862
5241
6851
3661
6242
4454
1990
8097
3299
2501
4249
6110
7600
1889
694
5861
1403
983
6539
1380
5203
7608
6839
5339
4408
3512
6023
3043
7686
6295
5598
7155
5413
1065
4280
3871
944
1332
1526
3163
4924
3581
4450
1612
5256
3143
4040
811
3872
7416
6700
3371
79
5547
7091
2349
695
7345
7897
647
5987
2423
3355
749
6815
6212
7887
3563
4958
7002
3044
3511
3094
5650
4928
1414
3043
2918
2499
6911
5022
2170
4158
6376
3309
329
2530
5889
1485
3934
5944
2214
3669
4309
1979
2866
2441
6312
7822
5856
7011
3745
3555
4298
2712
4680
297
2734
8136
7055
2056
2326
1789
3223
397
103
7183
3185
4584
6794
3909
8081
3668
1809
2847
3826
8187
3339
7433
3595
5409
7328
3751
3158
7110
4278
7795
3850
3800
3824
7013
7245
3769
2436
4957
579
1990
4811
8183
1046
5273
4529
4471
7528
5092
4157
4570
5154
5143
8135
3029
5543
7292
1171
3939
2347
7481
858
3196
4724
3366
7118
4497
7339
4607
902
5450
5467
5622
4406
5703
4562
7777
2307
5138
3159
7289
1707
5360
2924
7076
4232
1084
3251
5324
1619
1057
674
437
2796
768
3954
4851
3301
2678
1700
501
3453
1814
4097
5038
5760
6989
5141
854
6030
7216
1164
4390
656
5512
5562
7136
6705
4917
3894
7430
1433
2030
1249
372
3703
6959
7878
888
6326
3914
7946
7098
1485
7632
1615
3326
5608
5936
2103
4077
5841
4187
5572
6048
1441
901
1202
5697
1023
705
6261
5012
5314
5170
6545
1389
5183
214
6028
2356
8110
1973
3838
7873
4805
5858
1360
1962
687
1491
4622
2513
4847
1352
5168
7185
1322
2707
2962
3092
6499
3868
7603
6998
749
5248
5290
6681
88
1531
538
3793
5247
1103
1607
4667
3118
5754
7856
5838
6451
1369
5538
6640
4181
7305
4451
3474
6616
8156
5786
5978
1272
6615
5565
1745
110
7911
5049
2804
6558
4576
1481
3375
5933
2864
7012
9
5574
5911
4374
1669
3319
5181
5091
2688
5867
625
4404
2443
639
4462
5968
7436
6638
5843
7536
5769
3433
5714
7400
233
7412
4785
1183
2905
1753
7922
2714
3551
2758
558
3138
2151
3024
4425
248
4539
7684
7737
3202
2693
5280
1205
5829
8115
2996
5693
1430
2294
2903
1306
2041
7176
1381
1410
7324
3477
4196
689
6417
5694
6586
5310
591
1241
5329
4450
7721
5762
593
8118
883
5838
4533
5722
7836
8098
4600
3909
2994
1351
62
7245
195
7579
8061
1423
6866
2831
6336
4548
3902
1401
4869
4013
5886
1867
5724
4792
6223
8120
2851
2813
2590
7891
6130
6293
3896
1585
1793
7928
2567
6534
2843
4222
599
1776
5501
4030
3501
8107
4380
4363
5084
3390
5284
5975
3453
7386
2339
2295
871
3432
3523
325
6962
448
2505
251
1011
1941
2573
2595
2336
1082
1872
7096
3925
7697
6868
6260
2908
6100
7926
4346
6371
420
6705
7990
5850
4889
7124
2429
1093
1091
2757
5929
5378
2008
594
2994
1326
1543
5719
2259
6077
3630
4939
3424
4761
2319
1442
5774
4024
1312
804
5542
5294
6421
6210
4434
2506
7034
2969
6783
7611
363
524
900
781
2282
5097
5287
6912
7485
1261
1910
4152
1656
6410
4999
5970
4615
693
6294
2565
2011
7573
3318
1855
3092
1463
5213
7259
1333
4251
3464
6242
1339
6157
7931
699
6182
4089
160
4249
3699
6028
354
6887
706
3077
5724
2569
488
5561
4591
6268
4944
5322
6371
1501
3946
3832
2178
1195
6417
1886
7685
155
1111
3257
5358
5584
1476
2630
2479
5402
2555
8085
562
1426
2403
1232
463
7575
1164
6790
2432
462
4093
5631
5988
135
2966
3759
3701
6666
4470
5869
1386
4827
3164
1275
1545
2688
3790
5796
7225
7372
3142
7130
6199
2210
5204
6930
453
784
5679
190
2853
6215
6134
7445
4044
3595
6179
1288
6476
4078
238
3103
2695
5822
4961
6608
5034
1804
971
1897
6571
4723
5219
7659
3566
3596
3504
1222
4915
1894
3572
6477
2828
6651
6072
5030
7326
4330
3539
4074
1016
4496
4876
8137
8123
2239
7707
5633
2213
1534
4396
1006
5983
4222
7453
6140
4204
7612
2462
2873
8069
6616
6451
7770
3790
3656
7191
1645
7231
6425
3539
5053
3223
6958
1803
7972
940
5253
7044
3460
3308
6718
764
5823
287
5357
298
3864
7913
4879
4496
4303
2097
4270
6034
5490
932
1518
7814
4273
2283
5946
6883
3980
7822
5504
6765
6186
6225
5620
7649
7742
5458
5457
308
771
2595
7103
5684
1851
2705
6045
4101
2182
1891
3008
6215
5050
4618
2286
2719
6106
505
1191
6430
3513
6682
4933
1844
3328
7510
1905
7297
1075
3408
663
4455
4027
1226
3890
7953
768
1411
5681
1739
3689
751
3008
4223
6045
4455
6922
5294
4639
7024
2694
3505
6011
3265
4990
1410
1243
272
7444
8062
1576
6191
861
6588
204
2348
3275
6865
3821
3245
1227
2438
2614
124
2845
4173
5991
7227
5773
503
3333
4684
3871
5885
2812
3761
4489
5940
4642
7876
4575
409
3362
7583
7295
2296
4864
4129
7122
3885
1051
4537
4864
5945
1314
437
1635
7892
606
6955
6673
6574
6980
7632
3720
4609
2716
2103
2945
4037
8031
6139
7245
7459
5347
6621
7726
7656
847
6769
1765
2217
7827
6879
1201
7290
5321
3830
841
4683
2045
4228
6230
5769
1210
6910
6358
3693
6489
5018
4401
5055
5044
2610
5660
3793
3199
597
5139
6364
4285
4925
6030
1153
3928
1668
6505
6228
5608
3439
8059
2869
3102
2487
1849
6850
5755
1215
3595
2733
5550
2490
6037
6939
5902
1204
7732
4300
1606
7858
7730
6868
1571
7883
5653
854
4359
4470
6017
833
3950
3525
1663
6745
895
4280
1092
1246
5723
3223
2044
3850
7581
2480
5207
2865
4956
7311
2980
6630
8050
1893
6455
2376
4107
6266
2420
5915
7809
5965
1079
4805
4946
2821
15
8087
2334
4199
2788
7603
1810
8057
5286
342
5460
7318
8128
1777
4423
6374
3946
7552
4470
5331
4177
6846
1851
5041
6278
7933
4620
247
1224
2168
922
2922
71
7743
2126
7358
1693
5791
4767
5279
3661
3413
1253
4547
6718
5221
5077
3215
953
608
3776
2339
1519
7244
910
7222
4040
499
5879
8070
1638
2349
414
7710
2745
6420
6767
1368
3668
2473
3588
4906
3119
3664
7355
771
3401
2266
4350
5420
984
819
80
162
1251
3700
398
74
5425
5450
3315
2771
6597
1192
4104
284
7103
2001
5123
1296
2819
5855
1573
4091
1469
156
7163
5992
756
1397
593
3943
1568
6222
7059
5101
5065
595
4744
3133
1958
787
6085
3100
7462
5325
4080
7534
1713
5483
23
7917
6708
8068
2996
4174
1766
7937
7048
1565
5118
2185
296
6245
279
2705
2225
5481
4152
5929
257
5261
7155
7096
5575
5177
1216
7070
3497
1458
677
5270
2211
8080
2174
6984
8095
7141
3595
4866
6288
3988
5107
7630
2593
3102
1117
3723
4502
2058
7910
5629
6448
3428
6968
6576
3718
7440
6453
6812
2929
7707
2823
2110
4535
1886
5756
3816
4538
6144
237
4255
2902
5681
2276
7780
2248
3052
2899
604
8129
2522
1751
5895
3447
6819
7075
6784
4909
1725
2156
5049
4969
1263
1674
2939
1920
3412
7233
2836
1200
7613
4170
2773
4369
4385
5309
423
675
788
7240
3959
6676
3335
3289
2590
6984
3588
274
296
6640
7762
3298
6001
2028
5560
3019
1857
5241
7187
523
2962
2456
5207
5063
4952
6568
4568
779
7759
4019
6962
2453
6898
6454
648
5378
2394
5475
6741
327
4129
5229
5471
3
5002
932
7009
2918
6765
6983
4568
4266
8121
2031
4980
1332
629
6222
7925
4044
2624
2767
7619
2633
7226
5579
3078
7378
7615
5825
7967
4444
3067
1834
2000
5806
1512
562
1092
5809
7730
6281
3517
5000
2517
7661
7268
7486
3829
2098
2353
764
7585
2876
283
2964
128
5604
6168
7644
6735
2293
5422
8113
7768
4849
1698
8105
2765
868
4796
522
731
7910
6341
7164
5127
6267
5378
1325
4337
1218
3585
750
6847
6224
3212
7919
339
6120
542
430
4212
331
6396
7350
6066
1343
5520
554
2451
7885
6972
5182
4460
6366
3956
7685
4825
6409
4833
6108
3264
1706
2853
5549
5023
1350
2010
8052
6039
200
184
1097
3433
1770
3764
8192
471
2841
637
3137
4492
947
496
1772
2192
671
5514
5041
852
1019
4617
8084
2339
4310
4590
6295
2491
2252
4405
7327
5974
6798
1569
7351
3499
7498
5226
7015
3354
7720
2709
757
4477
5825
5710
3899
6872
7322
390
2861
210
41
2773
58
3064
526
6142
7233
1674
4372
7467
7468
2223
4099
4337
6162
1509
4077
7349
6054
280
2905
6056
1820
5462
2025
6004
6325
4434
5437
6619
1232
6456
403
776
6144
5667
2238
3434
8143
7313
4940
1566
905
499
2484
3538
2483
7246
3825
2980
5336
2939
8023
5742
3254
6574
36
4044
1498
809
1243
7957
687
4131
7819
2851
3834
2150
6204
2424
6410
1907
6649
4206
5268
797
33
7733
2312
6111
373
4977
6104
6998
495
1732
8008
7499
979
2892
6965
6853
2845
7422
5836
6830
2344
6461
6456
4467
2302
6785
632
5453
4360
7668
1926
3873
4649
6576
1077
3732
682
538
492
3056
8192
6435
2144
111
5805
7035
2739
5632
4434
4783
295
1042
2237
2538
859
7372
5974
7692
7765
8183
7404
3361
5844
3672
6417
7229
4880
1748
7264
372
1527
7734
4285
7676
2475
1969
5740
3681
6548
1181
3009
1384
6556
7803
3289
7479
1952
2177
7148
1407
2733
7687
1425
6861
404
3864
2552
7803
6835
6998
5648
5464
1789
688
2538
2896
8060
7539
6
7295
5872
5678
2422
4073
1279
102
5332
6989
33
1917
3300
3897
5796
6162
3992
2601
8019
6429
3970
6088
1060
1581
841
1317
206
1794
4060
7171
5403
7202
862
4534
3770
2428
7205
5094
6122
1960
7660
6799
820
1781
6272
1174
601
7184
7141
6264
3179
6228
7120
4065
7289
4619
4633
635
6342
1098
56
2139
6199
401
5542
4200
6518
8009
1241
5864
1019
4930
1736
5805
6240
3696
4934
3394
6666
2768
4180
4624
846
4887
7676
6937
5125
2106
1008
6699
5665
5061
2320
7852
1937
1144
1548
3552
6915
4515
1457
2810
1816
5561
6811
2585
4467
7329
642
7400
1930
1469
2968
7957
825
3754
2691
7161
10
4884
6152
6081
7192
5825
7621
2151
3153
265
5544
4136
4770
648
2074
929
1086
5530
416
5776
3383
4474
1082
5180
2734
272
5026
3708
1975
5320
6337
3255
6397
5041
1337
1848
5792
3458
5512
7889
1820
5944
2960
1932
7846
6541
6779
2837
347
6726
4487
6874
5045
7645
3775
6837
7641
3968
4497
2316
6328
7577
1838
3461
6591
1483
4397
3001
3934
7188
1367
3319
6042
8087
5822
5042
1711
4472
2913
8179
5182
7257
5711
986
4179
2617
4159
3692
6551
4844
7381
1016
7455
3780
2387
1695
354
4902
1078
3249
7260
708
6275
4202
7400
3787
58
3802
7610
3511
1366
2270
610
2911
6885
1821
850
5545
437
2816
5847
7954
3004
2791
1048
683
5699
2163
336
3430
3673
2830
4209
7956
6436
3993
5032
4324
7326
3465
4343
6431
6568
2456
4436
336
5405
6421
3469
7290
3762
3147
7121
6104
6821
270
3004
3403
7514
3433
1617
657
2141
1206
1580
1563
2989
4936
4117
7877
500
770
8098
6767
3961
1889
2497
1401
4094
7409
6865
3704
2637
5321
6271
3335
3463
2555
6389
7627
6383
6636
1838
4634
4291
5282
69
4616
5444
1477
2447
5611
221
5031
4992
6675
2812
775
3853
3455
2831
101
5441
6603
1663
3109
2823
77
636
2920
4170
2810
5655
5333
5403
2562
2942
6856
3556
6682
1735
3805
4577
1913
7439
4413
2405
1980
2312
7674
2261
4735
7246
1378
4644
3173
6211
1258
5972
6578
1576
5541
7451
3122
7396
7677
1561
4118
5352
6971
4353
1838
7403
5405
4593
6910
6640
4696
5947
6174
591
2841
6401
5857
7821
1479
6756
530
2479
6412
7674
7343
4468
1545
7635
5809
3007
2943
8159
2644
2192
4513
7
686
2831
3481
6495
7597
3386
6374
1436
3535
3952
7604
4866
1744
1622
5651
4249
2649
7660
2760
1071
6169
3948
4498
7344
4988
40
162
6271
2455
7809
7539
423
5242
6119
836
4076
1729
7131
708
6301
3880
2192
2490
6499
1767
2415
5991
4496
5435
953
2914
4359
2620
148
5888
7330
422
6988
454
5199
2601
7710
1168
5596
6615
2149
2216
2240
2295
5234
3643
1162
476
3748
295
7406
578
7243
7473
1536
7824
5552
3956
2623
4056
951
8138
4737
465
2473
7841
7328
3372
1907
260
5318
7561
3885
510
877
612
1395
7380
3190
4574
6912
4882
4490
7793
1095
196
6627
7163
6165
7266
442
4626
1738
150
1965
953
2695
7161
7134
7980
7220
5376
6907
1557
2672
6884
1438
2950
4998
2489
6555
2607
1986
1462
1815
1544
5766
4188
807
2692
5657
3311
2229
7220
3421
5325
5813
5536
869
6807
2600
1931
1827
4744
2259
861
4959
4310
2471
4160
5427
6056
6864
6148
3858
25
5143
5350
1274
5784
161
5640
2323
5804
4151
3642
520
7392
3265
696
7700
1324
991
3137
5162
8147
1620
2232
7179
187
539
4319
6409
3359
2422
4907
6119
4168
3489
2120
1715
8053
4744
1624
7629
103
483
4003
7889
4152
1502
1195
5037
2681
3503
5393
726
2793
5735
6110
3437
1975
6501
7565
2553
3145
101
2245
1720
3528
299
5289
3528
7606
6103
141
336
183
7104
2590
1746
6987
495
1536
5593
7475
7135
1863
1643
6314
214
1311
3234
5117
6129
825
7545
7282
865
8112
7222
142
2141
2473
6519
94
6493
7450
5004
3097
7202
4333
2970
3021
5956
3194
8187
7572
2169
5132
3707
7762
4915
4127
5708
4219
2577
7759
3471
349
2035
745
5545
7901
7712
3224
3440
4963
5547
2227
3349
2184
5006
3351
7884
1232
7651
6219
7396
8027
2848
296
3875
444
7520
5047
6090
4090
2408
2928
162
7293
4279
3214
5250
2472
6660
786
4662
7576
5582
2200
4228
2484
1672
1269
2120
8067
3105
2913
264
7617
3523
2305
4051
2645
7520
4389
710
4573
1049
450
6992
2593
5735
5882
2031
6209
59
6631
3899
186
1366
7557
2280
6679
6350
329
7934
3545
5711
3265
8090
6683
1785
5974
7227
4704
5249
2747
1379
5693
2658
7734
3421
6683
845
522
92
2213
1319
5213
5132
3856
3274
700
4196
6040
5125
2232
3523
2212
4935
5522
6567
3650
2205
7256
2435
1397
413
1097
5068
2114
712
6525
7163
4749
3483
7627
3157
8179
2189
1229
3527
6939
5380
5525
7986
1064
4806
482
859
6100
2104
6549
3570
1300
5722
2861
4375
1265
1734
5401
4573
3118
6129
3285
5382
7845
449
298
7660
4636
3226
6502
671
2894
427
4434
5890
4037
3730
1404
6840
3372
7802
2636
1117
5900
3416
4477
1500
5136
2908
4003
3139
5298
7218
4173
6574
7568
1222
3214
1489
1687
7941
6028
5679
5070
7744
6864
7296
2017
2682
3989
5920
6017
287
1094
6049
4461
1418
1204
7914
7620
4134
5264
7757
7408
1499
6751
2147
2969
7115
3785
3732
7299
2965
6281
3293
7155
1006
6099
1588
1535
2799
3599
7511
62
4637
6185
68
6349
1137
1311
7990
1291
6308
7044
6282
1984
6056
1140
2469
5506
362
1229
5158
4945
3745
418
5606
1840
233
4961
1198
1491
2746
4061
163
6305
2917
1702
4625
3605
693
1051
5314
6717
8120
5192
1120
3967
2274
440
2241
5595
426
3761
2734
391
3650
5875
6422
3990
754
6602
5466
8100
3418
3222
6537
5113
1387
6304
2425
3601
5091
155
288
5701
5909
6248
3929
6313
5891
4763
4862
5178
2335
4937
1943
3008
65
5877
1302
440
1454
5895
6440
2838
3504
4594
6654
7770
5463
734
1438
3324
6292
2407
1756
4618
5141
2425
6099
6785
297
6545
1749
640
6773
2148
7605
7420
1678
5475
7181
2471
2498
6768
3194
4969
2966
1331
5556
7452
1797
8057
3773
3892
5433
2814
3702
4270
6324
3556
773
7939
1403
4056
7138
3767
4962
2773
7261
3937
1905
6580
3163
6747
1628
6890
6192
377
5705
3950
6507
1029
83
6587
3715
29
6512
8183
4457
4379
3720
1702
1969
6281
5545
7666
6349
660
1370
6766
1035
1989
7758
521
2288
2471
3460
5926
3434
153
7898
5834
4806
1138
5654
1881
6677
6537
347
683
7031
4662
757
2429
2497
712
6110
5194
4321
1868
198
2672
341
1409
4201
4489
5296
6322
2143
7902
3610
2655
4940
7184
3258
5631
6934
7837
4709
5236
2294
6857
4543
2295
2085
7249
6535
6105
5625
5007
6906
2338
1885
3150
7384
6547
7048
5265
4452
482
1416
2605
5012
539
1353
504
7386
3207
465
73
3289
5340
1953
5714
7614
4706
913
5951
3931
2468
4365
2472
4344
1556
5276
1652
7294
6894
1783
324
331
7785
4379
4343
7295
1599
6259
4807
4776
3132
4964
4641
3100
3714
6546
7173
2693
267
368
175
4338
3504
3056
4112
6922
1954
2026
2651
2430
7640
1370
6946
1501
5781
6986
4032
5764
73
1724
5742
4562
1455
7795
8161
7251
6005
3939
3362
7643
2175
7045
849
7589
8044
1924
2659
1157
4091
1380
4713
3864
4129
2465
584
4193
6533
6460
1897
2606
1989
649
5665
7197
1170
7995
6989
489
3808
2359
5926
2331
3757
1014
5617
1767
1316
2481
6810
4241
3782
1609
2776
5061
1879
3324
1599
2767
78
5838
5055
7214
6760
6299
2117
906
1895
5899
6613
7350
1906
3806
5468
2920
4773
1152
469
5056
7007
192
5336
8117
6459
8148
5523
2010
5954
4988
8148
6427
4208
1420
3809
5337
1820
2815
1328
5506
5020
6586
6950
1164
2643
4818
6490
325
7273
1565
763
2878
4062
3874
5579
6501
7457
6853
2977
6400
5991
7230
6547
151
1120
2046
3813
766
6398
1225
5602
6966
4530
5932
3255
2743
4851
3303
3646
2025
1559
5742
7247
6961
3146
7852
1460
6394
6984
1084
1913
3830
4412
6875
5621
2911
5248
1431
4615
6756
6030
6284
2488
2149
205
5720
1364
1691
2604
7823
4248
6075
3778
195
4699
3556
7643
3893
1867
2389
5548
1322
380
4150
4382
5199
974
6901
6447
2520
5454
4659
5179
2875
1535
4568
2059
7154
2764
3971
1916
6535
2006
7602
978
2401
4071
3961
6814
1412
7932
374
7421
2094
2069
7511
5425
677
1315
878
7520
1729
3657
619
925
2649
2590
6063
672
3670
488
6625
2204
5786
382
713
236
427
1797
2134
6169
953
8044
7956
1122
7616
2387
793
2896
239
7579
5292
5346
1210
794
2658
4720
1536
2955
6603
6060
3442
2184
330
6876
7883
4323
3817
3280
6984
4698
4215
4043
4182
7005
4602
7622
4587
2675
5874
149
1322
7834
3930
6117
6169
1081
2309
4695
2701
2646
859
7658
7684
1084
7941
458
3657
4287
5672
221
5236
6152
53
194
5497
498
1450
8117
4098
5873
6583
149
4821
57
5561
2422
696
8028
6190
8099
6080
3584
253
6760
3655
6747
662
6379
6317
4342
5687
1849
6679
3130
4491
6829
4865
6505
8048
1181
4240
1107
3536
5774
933
1966
5647
6883
4488
1561
5299
354
7880
4207
7152
2909
4471
3999
7231
2055
2189
112
5222
6908
3732
7365
2342
8120
3645
8101
7798
5500
6161
6307
1817
7981
412
6381
1191
1857
7324
5689
7623
1275
6046
5594
4875
6736
6882
4476
3161
2102
5388
6501
4683
3539
2658
5718
6485
4909
3729
4912
1616
2037
1583
6589
7534
669
3682
2203
4675
5543
5351
5304
7329
3937
5581
7201
6180
6687
719
7286
2147
5255
2664
6395
630
1921
3853
4942
466
4336
7648
947
3223
6983
3182
790
801
2803
5879
6124
4022
2319
5267
4359
7440
1837
880
7216
4104
8082
3465
3294
5378
1550
2278
6234
5471
2266
5863
1034
1387
767
7395
1363
2726
7832
8052
1680
152
3120
3774
5735
1676
2865
930
8102
1223
3345
2491
5627
1692
3016
2652
4216
4775
6645
6554
63
1493
1777
1076
1479
2588
4325
5970
7113
5009
3199
2434
4353
324
202
2933
1276
3855
2440
2652
6159
8039
441
4344
2674
3385
6931
6390
897
2071
6001
5179
805
6139
3754
7958
8093
2985
669
7263
6515
2827
2541
7855
1481
7839
5939
4031
403
5685
299
3475
2538
4927
6359
6508
4589
7773
7524
6920
5319
6610
5369
6608
640
5736
3142
3673
1595
5325
4174
8184
3473
7619
3279
5655
7230
3228
6284
5333
786
259
4305
4160
7200
1336
6911
4430
5763
2511
7992
4101
309
1855
3952
7043
2196
7908
594
7531
6800
7614
4090
7315
3484
6141
5058
1834
2239
4376
7974
7828
490
6826
112
7133
5359
5803
6427
4537
1251
1155
96
2890
5893
1368
824
665
4177
6505
2652
2559
4800
3037
3162
4991
7604
3925
6044
3971
4581
5004
8025
7918
3857
6224
2676
7021
7527
2880
5631
5118
7108
4073
585
2858
1621
3006
7053
103
1266
3140
7091
191
4994
4354
1806
7258
1212
5922
2119
1450
7075
5582
2321
1427
7733
7885
7533
4761
6894
7945
7151
3589
7846
7090
734
1294
3706
1256
1423
1124
5064
2970
4874
3729
1049
7099
7977
4864
4157
1238
5385
4277
2804
40
3904
912
4978
4646
4777
458
746
4093
6232
4150
7420
5156
660
6801
7701
3153
334
3385
4006
3479
7770
7811
574
7699
4038
2265
8161
6326
5464
3972
4260
4748
6336
4928
2725
1192
754
855
72
6827
3090
4857
4848
2490
6051
1666
3229
6178
6851
7323
4446
6539
4914
6122
7869
7303
7978
2084
7156
4018
7713
4234
5335
5192
5313
2034
7077
7313
2272
1507
2061
4337
7986
1427
5651
578
5276
5824
5895
5432
7614
2720
255
6733
5227
7540
5134
3378
7710
6018
1082
3288
7123
2108
6281
6324
1721
1282
2214
6052
393
34
8074
6552
4305
331
3190
1220
78
1055
1446
3569
4246
173
21
4133
3332
6493
7747
7226
494
6118
8078
5972
6272
1985
3791
7725
3062
2932
6870
7041
830
8151
7358
7474
5874
2191
2359
2381
5210
985
3320
6748
6792
3753
771
8121
2936
5427
5757
3251
4657
4011
465
262
3955
4976
18
3266
2847
8020
1110
4990
7263
4491
7949
7103
7380
6260
5981
549
3405
7199
2753
5012
2844
3443
6047
6621
7131
6310
5526
6060
3324
7622
13
1382
4741
2332
7813
4957
3910
4118
5877
6701
4168
3407
1450
6667
8019
1695
1013
333
7808
2811
6772
728
7131
2724
3165
1658
8093
5948
1836
5030
5589
3354
6434
3142
1092
5918
3404
3738
3899
2009
1787
1744
416
6685
3966
7308
1188
3788
7328
3419
985
8185
3481
3799
7053
6318
6523
208
6580
7505
2863
4742
5182
6812
7158
7322
2392
2422
2790
2681
5014
815
7987
1901
3298
7730
6951
1872
5692
7076
5317
305
3653
3828
5931
3300
5857
665
5584
5968
4944
3987
2561
2231
6371
7294
821
6945
1322
4398
4399
6595
6050
3351
8179
5110
7344
4046
6404
3706
3410
6536
4820
8165
5892
1818
7631
5794
6417
5374
2551
1004
4714
3197
3355
6207
5032
2723
2116
982
1297
551
1007
5899
6262
6630
4819
2070
83
4095
6760
828
4415
500
7832
3114
5279
1479
1531
5085
1492
353
5729
304
3218
6343
6483
1799
3848
4289
3917
439
4353
3051
1876
7337
3698
7564
3311
7358
3044
2084
4626
7276
2699
8017
4723
6881
4980
4424
5324
5633
6626
976
3785
3624
6539
3107
698
6208
1997
4315
2316
7334
6057
6694
3359
4088
3471
962
7577
4601
2953
1711
3178
5012
24
5610
29
3438
778
7385
4410
6776
607
3921
7071
4102
526
5540
1666
5904
7100
4755
815
2182
6231
6685
4377
1690
5007
4679
2803
226
6312
4317
3174
6684
1388
4306
7443
4663
5916
2350
1370
2213
2507
2139
7184
3304
3600
7459
3487
6554
1269
6119
5130
5390
2264
3923
4753
5417
7841
2943
7248
1498
2072
2917
325
2563
7797
8088
1614
431
2035
6637
7917
2805
5484
4783
4120
1343
4554
2049
2045
1291
2534
2507
382
5145
228
3778
1944
4976
242
5616
7890
1155
1480
1041
872
1445
4109
1367
7326
5523
822
5511
2164
6498
1602
3968
652
4131
5936
1503
766
5270
4416
4750
499
1065
2728
7528
1961
7238
5342
539
5113
3818
7767
4051
5981
4763
535
7439
2431
367
6734
1039
7046
6257
4332
1440
7945
7162
1310
5231
7975
91
3892
5781
3680
4398
4423
3959
2131
4945
2877
6242
4929
3738
7622
7521
2843
7672
5523
7115
3876
7806
6169
6747
7699
6679
48
525
7212
3807
8175
8031
2795
3808
5596
147
7209
3411
5836
460
4681
941
4014
778
3752
2791
2515
1653
7923
2911
707
914
3779
6684
8011
3086
3679
7957
3716
1538
4151
7416
6868
6997
6928
5837
7385
690
276
6445
200
5613
7669
6130
3830
4975
2669
4179
5062
4092
1898
6936
8154
4762
5987
8157
6042
5646
1718
1161
4149
1633
2414
7092
7984
5570
5119
5436
6493
3322
7321
1809
2002
1687
4253
3607
6497
5435
101
8135
6653
2725
2253
6768
3623
5259
290
911
4391
140
1416
1030
7542
7050
28
315
2066
6647
4445
4544
3695
2579
72
6068
2334
2407
4652
1888
2580
317
6815
7564
5639
2036
5633
854
7281
7814
6324
215
948
4589
774
5333
3927
7735
4633
6849
1029
2342
8068
7448
3691
3876
3661
564
5708
5751
2680
8033
1181
6762
1044
7814
1398
5170
7100
6603
6547
1138
1468
5090
2179
7705
3259
7453
5907
3677
4259
6488
2161
7573
1792
3143
973
377
1384
2278
3101
2772
5946
4461
4997
1647
3462
5238
2603
3423
6309
2136
5351
4135
4352
677
4787
2927
4785
5991
1312
1312
180
2234
1151
4629
8066
7082
4925
115
4871
6685
232
4455
7259
2325
3909
4588
620
4842
1775
2332
1569
6981
3345
6768
2425
4502
5089
55
6114
3782
2500
7607
2631
3946
1571
1088
4234
4150
3889
3152
5881
2930
6218
7826
3067
2991
7277
6663
7806
6395
3001
2694
4203
3865
2509
1990
6230
6610
5914
3985
6764
7362
6239
59
6002
5380
917
979
3217
5193
1959
142
1091
123
3151
1233
2699
3902
6234
1123
5415
1148
3259
7622
3196
2934
768
7235
1955
5119
7841
5564
8052
7984
7753
4858
4745
7752
7916
1671
3128
4031
4677
5416
7790
5389
1463
4216
3309
5010
7401
3382
4139
5873
5442
2429
7042
6968
6829
5069
7566
7816
578
2683
5312
3253
7531
6150
3556
6679
4885
4333
4931
5872
1251
1099
6287
2622
3365
4437
6671
4785
3256
4073
5607
2797
5771
6622
4911
4686
3744
7797
5030
5974
7261
3511
2891
498
4509
7908
116
2597
6429
2943
4685
5282
800
5582
5796
2903
3234
5046
1606
5091
1237
5925
4724
6331
4390
5540
2434
5868
4538
2550
6306
7572
4436
4262
6237
3348
753
2705
7424
6802
3989
5398
4222
5562
6774
4724
5384
4572
1067
4613
8170
8070
3781
6951
2573
4429
2185
7602
864
7660
552
1533
2590
7226
6444
7366
5387
5177
3133
7297
5123
4468
6236
6656
7270
2971
1104
2858
1256
5868
1556
2973
7044
666
1901
346
7587
5014
6803
798
5455
1883
2523
3685
721
5816
1452
8170
6171
3145
2923
3341
3674
6543
6869
96
2915
1821
3391
546
7050
7493
252
3556
6283
411
7946
5526
6594
2298
3361
7044
2390
2399
8175
2766
1649
5645
7149
5289
6097
7753
293
2760
7474
5776
4737
7018
8073
8164
4956
4150
2478
7569
8135
5181
3423
4970
1065
6419
6511
3456
6819
4722
7881
788
8187
2088
4490
6680
7528
2113
7471
5619
7495
1125
3748
2875
5846
2328
866
1095
2659
6205
427
1521
2829
2388
5277
2787
5124
7709
1928
5534
1706
7442
3012
2418
4362
4990
8083
4261
5175
1697
3551
388
5848
6888
618
2497
3981
3804
1020
7150
518
2692
5246
5887
2914
3116
7312
1149
3680
2268
5674
