505
126
232
39
1346
1443
1896
911
592
1589
1572
308
1438
1129
211
304
1391
1072
1220
450
1864
1741
762
725
724
540
1240
1799
1484
1008
1431
1063
546
1828
133
1386
576
617
1040
1760
1082
1626
270
588
1093
1759
1367
13
1857
719
1416
1304
1268
977
1260
1838
937
472
1315
1100
750
1655
49
299
1222
29
510
1253
811
1028
1426
589
324
1782
836
1007
1143
1916
1473
155
1577
740
1854
1879
1021
1651
472
467
1216
627
951
1062
121
2048
252
952
0
1627
1400
1290
826
1792
575
1632
904
1453
412
1898
1505
805
1745
136
1626
533
651
355
24
1552
719
340
1430
1928
519
868
572
480
775
1139
993
396
1423
1006
1365
434
859
1788
316
1999
1533
1104
1809
1695
438
1736
902
1264
1331
2025
717
203
1220
825
762
635
868
1222
818
601
841
1485
1570
1698
1998
1468
1209
190
230
859
940
2008
1631
1617
607
294
862
445
382
400
1762
567
1384
1723
549
1903
465
1033
1915
1789
769
1994
1078
968
1386
924
1367
1893
45
255
2035
1308
1806
1728
1860
952
