5411
335
11167
7510
8369
3801
10746
11447
6157
5673
171
2407
9889
3295
9104
11910
10330
6545
7148
41
2551
11084
10722
4493
4737
6022
7173
4197
11958
9956
9643
9062
1913
8586
6658
2359
5797
409
6375
7140
2897
4316
10793
5020
7931
4081
11287
8102
8672
7016
1930
290
7137
1921
9309
1362
7431
2499
3255
4076
10226
9752
2666
1781
7050
5394
3105
3189
6085
10029
12012
7490
5971
11135
5037
8523
7308
4115
10924
5681
8941
6672
10631
11801
1775
1582
8468
798
1391
7239
8706
10329
4368
10730
5195
9090
10194
3662
859
4615
6779
1349
2125
10908
2139
6320
4894
9207
6466
8743
6653
839
10961
5820
4831
12196
6889
8946
898
8555
8932
5065
1732
5383
716
8494
2879
6527
2504
3861
4802
4446
8552
3784
5856
9417
8625
9882
11470
9285
4227
2633
1058
9315
8761
10129
6322
956
7771
9793
4843
4287
7728
8376
2963
10173
11738
6904
3784
394
7021
2584
4368
5344
9464
10436
9430
3784
12235
4275
7434
4263
12115
6566
9882
8673
7001
4711
1702
1395
2842
10003
10436
6068
5039
1522
251
5167
10052
8959
8223
1621
963
4630
4217
4193
11448
4212
79
404
11139
9609
6006
6709
498
9730
2248
10729
3161
10113
5445
11613
10956
7480
6508
4812
8401
10978
1686
9339
9304
8951
682
8191
11128
4918
1292
8914
11418
2656
11514
827
10368
394
9067
1572
3144
12095
10275
961
2391
5468
3320
7414
3634
8296
1297
126
6685
7974
3172
12152
51
9146
174
6909
2741
8619
4865
11125
9647
8621
6003
11150
9097
5991
6108
269
3554
1492
8097
10824
2164
4164
12259
2460
7547
527
156
9418
8665
6569
11036
7742
3900
6558
2135
1110
9563
6308
10118
11180
11203
8989
4835
7456
10147
655
5414
8319
8043
6180
7521
7073
2699
10238
3903
9211
7428
2318
1739
4082
9297
11118
8292
7180
2369
831
8072
1203
12072
7876
2766
1812
9921
9445
10716
514
10949
2935
11096
3806
11669
9248
6091
2154
6294
11173
9546
8394
6386
4970
5606
7
2063
9119
6816
8110
1217
3216
9308
10945
4273
9923
4180
11556
6308
2568
4614
814
7252
5509
7407
9042
9783
6868
9311
5154
9792
3758
147
4773
4326
5130
12198
6416
9005
2845
8586
183
182
11646
10116
4815
2827
11937
5523
9796
5541
7066
4010
5190
1472
8473
451
11275
3727
6324
2638
6115
2639
8424
452
2129
7123
2200
2740
5551
8708
6951
1742
4153
4975
11176
1059
9537
763
2025
1860
8307
5009
1880
11968
10596
7949
8748
1598
11946
7438
318
4894
11173
10267
11968
11481
7313
10149
8276
3361
11113
7656
1595
2573
10767
11837
3866
7685
3509
460
10620
7733
5548
5276
9832
8332
4650
9160
11477
5528
5074
516
2220
3363
5899
2460
6314
11985
5375
5387
6237
6905
5170
12283
7615
2975
4722
688
7655
8815
8400
7956
2084
9610
8338
11049
9204
7734
8479
5409
7946
712
5515
9818
6532
6871
11376
9046
7126
1978
6580
1983
1193
7343
5996
2765
3778
6345
8285
1686
6981
2317
8327
1187
9236
8293
4180
11351
4080
6748
10031
5876
4861
645
8415
6312
8329
3164
1814
8504
8446
8232
5054
8034
6134
12264
12117
5949
10135
4504
5870
8634
5792
3484
4022
2461
1529
2523
4674
7341
10557
5451
8232
3416
8298
2708
3252
2139
10574
6679
2531
7489
4435
206
5797
1961
681
3527
12096
3420
2165
6274
9759
8883
10556
9735
8231
7355
3345
1676
7884
5140
6410
4083
4719
3746
3864
8106
988
6931
7004
3592
2160
6490
12286
10891
837
10349
11474
216
5437
2636
4557
10530
4273
326
4741
957
8261
2469
8521
3178
790
48
8672
11279
8365
4665
9742
937
9848
4050
10892
12174
5082
11410
12058
8198
214
8721
4442
1087
7854
7643
580
2547
1878
11806
7339
3299
11291
11910
9680
8260
10176
560
4540
5054
4311
4106
11976
11238
7334
2068
7034
11102
6135
10545
663
4716
6932
6689
10118
11655
519
872
4422
10390
2342
1180
794
8942
11375
11657
6341
3297
194
3884
10335
10543
1476
5880
8367
116
9333
9475
3465
5202
11225
11586
6829
6365
3824
4783
2057
10420
8128
6269
1122
7243
4261
9261
11251
1649
12046
1597
10849
9679
1380
10487
889
8465
3200
2260
4703
8514
3991
5531
10659
10877
7483
6980
1871
8443
8518
12052
5446
7074
612
9428
1368
9615
2443
11682
1064
5078
12218
9558
8941
9681
6130
9921
1815
1985
9703
5336
2341
8898
1635
11257
10115
708
3703
402
9299
689
4350
4488
11940
11837
12278
1613
611
894
7145
601
7464
135
4170
3979
5919
4780
5435
793
12174
106
8524
9292
8700
10842
7546
3098
7123
11753
5413
4360
10618
4053
1839
10557
10798
9103
10060
3600
9653
3035
11241
10055
7421
9494
9710
3371
10296
7103
5748
10451
8866
10455
3264
8635
10019
7218
2702
12269
10329
5683
2966
5639
10318
4680
182
812
766
1155
7095
9790
10108
7070
12161
9363
7098
12092
3638
3791
372
6663
3461
295
99
8627
1721
10572
2343
11603
3653
8796
5545
6759
7105
1823
3988
4529
8887
7441
3133
11789
10191
3719
3642
3510
3647
9927
11966
3587
8477
3764
8667
5957
4502
1812
4134
11651
4887
8657
4393
11739
10889
10604
11246
3396
10440
1863
2577
11956
3258
6930
7949
9349
7501
6465
11582
10460
4885
3947
9355
2963
43
12135
3556
10574
6232
9363
7865
7692
6570
8366
1953
6177
11597
3302
11777
6650
1777
6030
7655
1555
9190
9775
4378
6786
4348
1
3554
4197
7724
9558
5709
7396
10969
10087
12260
1833
2251
1923
6986
831
4102
12162
11708
3142
11362
3296
1894
9762
1338
11417
2440
11142
1660
6758
8420
1276
7734
7550
1517
1239
7263
6928
1974
9350
10045
8091
722
1899
1629
6717
3253
4130
7274
5090
4943
1604
38
4417
5485
11805
7427
11662
8934
4941
10219
6496
33
1514
8610
2615
11025
6170
5185
11691
8076
1395
2723
8488
9785
1153
9802
10819
10415
9236
6509
2593
9909
9874
2413
10387
10452
10265
905
11556
419
898
11899
3188
11560
1591
6390
9377
9457
576
9611
4495
7264
8731
9393
7924
11975
137
7554
1946
3204
9444
2130
4174
2820
4579
358
9304
8667
3927
3538
10096
8369
4780
8896
12278
11709
8736
10729
4778
8363
5847
9026
5272
3229
1102
11055
10161
2443
10134
9744
5283
7656
1206
7075
10449
12011
8742
749
4723
9958
12272
11171
11100
779
1482
1860
5097
2269
6030
10514
10336
9814
9313
10244
11846
6305
6543
5440
5417
7784
8036
9771
4044
6033
8982
486
3758
3078
1349
2756
2908
7848
5130
1617
10670
858
10829
3484
10970
4868
9110
9512
6065
10002
6524
11190
10702
9148
1
8204
5911
2006
7114
6013
9903
4698
222
9418
9672
9471
5468
4664
8697
1312
11358
3541
6853
5594
5365
8669
8137
4784
11855
6025
2021
11241
10181
9734
10316
7337
8408
12042
10550
1710
3846
5306
3574
816
9260
8240
10567
11349
667
5988
2640
9033
3835
9232
4293
11700
7140
8892
4194
10080
2310
9261
10227
3303
4580
331
771
5300
4767
10216
6865
10893
6506
1742
9054
8865
10076
1234
8473
1671
11569
5373
8984
10512
1568
5952
9794
6100
7950
9108
8329
3848
5056
4074
11646
4899
9198
5353
9168
12045
9455
10239
10163
10094
5102
4563
3649
5640
8106
11147
8983
1651
2765
8899
